<shapes type=list>
	<ruler.interval type=vector names=FALSE length=1 as.numeric=TRUE >25</ruler.interval>
	<scaling.units type=vector names=FALSE length=1 as.numeric=FALSE >mm</scaling.units>
	<scaling type=vector names=FALSE length=1 as.numeric=TRUE >0.120192307692308</scaling>
	<landmarks.pixel type=matrix rownames=TRUE colnames=FALSE nrow=16 ncol=2 as.numeric=TRUE >
		LM1	114	22
		LM2	114	28
		LM3	115	125
		LM4	116	140
		LM5	164	57
		LM6	142	125
		LM7	143	136
		LM8	158	73
		LM9	165	116
		LM10	114	28
		LM11	202	104
		LM12	215	109
		LM13	115	23
		LM14	186	75
		LM15	223	140
		LM16	223	164
	</landmarks.pixel>
	<landmarks.scaled type=matrix rownames=TRUE colnames=FALSE nrow=16 ncol=2 as.numeric=TRUE >
		LM1	13.7019230769231	-2.64423076923077
		LM2	13.7019230769231	-3.36538461538462
		LM3	13.8221153846154	-15.0240384615385
		LM4	13.9423076923077	-16.8269230769231
		LM5	19.7115384615385	-6.85096153846154
		LM6	17.0673076923077	-15.0240384615385
		LM7	17.1875	-16.3461538461538
		LM8	18.9903846153846	-8.77403846153846
		LM9	19.8317307692308	-13.9423076923077
		LM10	13.7019230769231	-3.36538461538462
		LM11	24.2788461538462	-12.5
		LM12	25.8413461538462	-13.1009615384615
		LM13	13.8221153846154	-2.76442307692308
		LM14	22.3557692307692	-9.01442307692308
		LM15	26.8028846153846	-16.8269230769231
		LM16	26.8028846153846	-19.7115384615385
	</landmarks.scaled>
	<curves.control type=list>
		<glabella type=matrix rownames=FALSE colnames=FALSE nrow=11 ncol=2 as.numeric=TRUE >
			114	28
			151	35
			164	54
			161	69
			154	79
			155	86
			160	89
			151	106
			143	123
			144	135
			143	136
		</glabella>
		<suture type=matrix rownames=FALSE colnames=FALSE nrow=19 ncol=2 as.numeric=TRUE >
			114	28
			148	35
			163	52
			165	56
			163	71
			158	75
			160	76
			162	79
			173	80
			189	82
			190	105
			180	129
			164	116
			164	122
			169	125
			181	130
			192	115
			200	97
			215	109
		</suture>
		<anterior type=matrix rownames=FALSE colnames=FALSE nrow=5 ncol=2 as.numeric=TRUE >
			115	23
			197	38
			218	117
			221	131
			223	140
		</anterior>
		<posterior type=matrix rownames=FALSE colnames=FALSE nrow=9 ncol=2 as.numeric=TRUE >
			116	140
			125	140
			138	138
			174	137
			191	141
			205	147
			218	156
			230	178
			223	140
		</posterior>
	</curves.control>
	<curves.pixel type=list>
		<glabella type=matrix rownames=FALSE colnames=FALSE nrow=139 ncol=2 as.numeric=TRUE >
			114	28
			115	28
			116	28
			117	29
			118	29
			119	29
			120	29
			121	29
			122	30
			123	30
			124	30
			125	31
			126	31
			127	31
			128	31
			129	32
			130	32
			131	32
			132	32
			133	33
			134	33
			135	34
			136	34
			137	35
			138	35
			139	35
			140	36
			141	36
			142	37
			143	37
			144	37
			145	38
			146	38
			147	39
			148	40
			149	40
			150	41
			151	42
			152	42
			153	43
			154	43
			155	44
			155	45
			156	45
			157	46
			158	47
			159	48
			160	49
			161	50
			162	51
			163	52
			163	53
			164	54
			164	55
			164	56
			163	56
			163	57
			163	58
			163	59
			163	60
			162	61
			162	62
			162	63
			161	64
			161	65
			161	66
			160	67
			160	68
			160	69
			159	70
			159	71
			158	72
			158	73
			157	74
			156	75
			156	76
			155	77
			155	78
			154	79
			154	80
			154	81
			155	82
			155	83
			156	84
			156	85
			157	86
			157	87
			158	87
			159	88
			159	89
			159	90
			159	91
			158	92
			158	93
			157	94
			157	95
			156	96
			156	97
			155	98
			155	99
			154	100
			154	101
			153	102
			153	103
			152	104
			152	105
			151	106
			151	107
			150	108
			150	109
			149	110
			149	111
			148	112
			148	113
			147	114
			147	115
			146	116
			146	117
			146	118
			145	118
			145	119
			144	120
			144	121
			144	122
			143	122
			143	123
			143	124
			143	125
			143	126
			143	127
			143	128
			143	129
			143	130
			143	131
			143	132
			143	133
			143	134
			143	135
			143	136
		</glabella>
		<suture type=matrix rownames=FALSE colnames=FALSE nrow=218 ncol=2 as.numeric=TRUE >
			114	28
			115	28
			116	28
			117	29
			118	29
			119	29
			120	29
			121	30
			122	30
			123	30
			124	30
			125	31
			126	31
			127	31
			128	32
			129	32
			130	32
			131	33
			132	33
			133	33
			134	34
			135	34
			136	34
			137	35
			138	35
			139	36
			140	36
			141	36
			142	37
			143	37
			143	38
			144	38
			145	38
			146	39
			147	39
			148	40
			149	41
			150	41
			151	42
			152	42
			153	43
			154	44
			155	45
			156	46
			157	46
			158	47
			159	48
			160	49
			161	49
			161	50
			162	51
			163	52
			163	53
			164	54
			164	55
			164	56
			164	57
			164	58
			164	59
			164	60
			164	61
			164	62
			164	63
			164	64
			164	65
			164	66
			163	67
			163	68
			163	69
			163	70
			163	71
			162	72
			161	72
			161	73
			160	74
			160	75
			159	75
			160	76
			161	77
			162	78
			163	78
			164	78
			165	79
			166	79
			167	79
			168	79
			169	79
			169	80
			170	80
			171	80
			172	80
			173	80
			174	80
			175	80
			176	80
			176	81
			177	81
			178	81
			179	82
			180	82
			181	83
			182	84
			183	85
			184	85
			184	86
			185	87
			186	88
			186	89
			187	89
			187	90
			187	91
			188	92
			188	93
			188	94
			189	95
			189	96
			189	97
			189	98
			189	99
			190	100
			190	101
			190	102
			190	103
			190	104
			190	105
			190	106
			189	107
			189	108
			188	109
			188	110
			187	111
			187	112
			186	112
			186	113
			185	114
			185	115
			184	115
			184	116
			183	117
			182	117
			182	118
			181	118
			180	119
			179	120
			178	120
			177	120
			176	120
			175	121
			174	121
			173	121
			173	120
			172	120
			171	120
			170	120
			169	119
			168	119
			167	118
			166	117
			165	117
			164	116
			164	117
			164	118
			164	119
			165	120
			165	121
			166	122
			167	123
			168	124
			169	125
			170	125
			171	126
			172	126
			173	126
			174	126
			175	126
			176	126
			177	126
			178	126
			179	126
			180	125
			181	125
			182	124
			183	124
			184	123
			185	123
			186	122
			187	121
			188	120
			189	119
			190	118
			190	117
			191	116
			192	115
			193	114
			193	113
			193	112
			194	111
			195	110
			196	109
			197	108
			198	107
			199	106
			200	105
			201	105
			202	104
			203	104
			204	104
			205	104
			206	104
			207	105
			208	105
			209	105
			210	106
			211	106
			212	107
			213	108
			214	108
			215	109
		</suture>
		<anterior type=matrix rownames=FALSE colnames=FALSE nrow=164 ncol=2 as.numeric=TRUE >
			115	23
			116	23
			117	23
			118	24
			119	24
			120	24
			121	24
			122	25
			123	25
			124	25
			125	25
			126	25
			127	26
			128	26
			129	26
			130	26
			131	27
			132	27
			133	27
			134	27
			134	28
			135	28
			136	28
			137	29
			138	29
			139	29
			140	29
			141	30
			142	30
			143	31
			144	31
			145	32
			146	32
			147	32
			148	33
			149	33
			150	34
			151	34
			152	35
			153	35
			154	35
			155	36
			156	36
			157	37
			158	37
			159	38
			160	38
			161	39
			162	39
			162	40
			163	40
			164	41
			165	41
			166	42
			167	43
			168	43
			169	44
			170	45
			171	46
			172	46
			173	47
			174	48
			175	48
			176	49
			177	50
			178	51
			179	52
			180	52
			181	53
			182	54
			183	55
			183	56
			184	56
			185	57
			186	58
			187	59
			188	60
			189	61
			189	62
			190	63
			191	63
			192	64
			193	65
			193	66
			194	67
			195	68
			196	69
			196	70
			197	71
			198	72
			198	73
			199	74
			200	75
			201	76
			201	77
			202	78
			203	79
			203	80
			203	81
			204	81
			204	82
			204	83
			205	83
			205	84
			206	85
			206	86
			207	87
			207	88
			208	89
			208	90
			209	91
			209	92
			209	93
			210	93
			210	94
			210	95
			211	96
			211	97
			212	98
			212	99
			212	100
			213	100
			213	101
			213	102
			214	103
			214	104
			214	105
			215	106
			215	107
			215	108
			216	109
			216	110
			216	111
			216	112
			217	113
			217	114
			217	115
			218	115
			218	116
			218	117
			218	118
			218	119
			219	120
			219	121
			219	122
			219	123
			220	124
			220	125
			220	126
			220	127
			220	128
			221	129
			221	130
			221	131
			221	132
			221	133
			222	134
			222	135
			222	136
			222	137
			222	138
			223	138
			223	139
			223	140
		</anterior>
		<posterior type=matrix rownames=FALSE colnames=FALSE nrow=144 ncol=2 as.numeric=TRUE >
			116	140
			117	140
			118	140
			119	140
			120	140
			121	140
			122	140
			123	140
			124	140
			125	140
			126	140
			127	139
			128	139
			129	139
			130	139
			131	139
			132	139
			133	139
			134	139
			135	138
			136	138
			137	138
			138	138
			139	138
			140	138
			141	138
			142	138
			143	138
			144	138
			145	138
			146	138
			147	138
			148	138
			149	138
			150	138
			151	138
			152	138
			153	138
			154	138
			155	138
			156	138
			157	138
			158	138
			159	138
			160	138
			161	138
			162	138
			163	138
			164	138
			165	138
			166	138
			167	138
			168	138
			169	138
			170	138
			171	138
			172	138
			173	138
			174	139
			175	139
			176	139
			177	139
			178	139
			179	139
			180	139
			181	139
			182	139
			183	140
			184	140
			185	140
			186	140
			187	140
			188	140
			189	141
			190	141
			191	141
			192	141
			192	142
			193	142
			194	142
			194	143
			195	143
			196	143
			197	143
			197	144
			198	144
			199	145
			200	145
			201	146
			202	146
			203	147
			204	147
			205	148
			206	149
			207	149
			208	150
			209	150
			210	151
			211	152
			212	152
			213	153
			214	153
			215	154
			216	155
			217	155
			218	156
			219	157
			219	158
			220	159
			220	160
			221	160
			221	161
			221	162
			222	162
			222	163
			223	163
			223	164
			224	164
			225	164
			225	163
			225	162
			226	161
			226	160
			226	159
			226	158
			225	157
			225	156
			225	155
			225	154
			225	153
			225	152
			225	151
			225	150
			225	149
			224	148
			224	147
			224	146
			224	145
			224	144
			224	143
			223	143
			223	142
			223	141
			223	140
		</posterior>
	</curves.pixel>
	<curves.scaled type=list>
		<glabella type=matrix rownames=FALSE colnames=FALSE nrow=139 ncol=2 as.numeric=TRUE >
			13.7019230769231	-3.36538461538462
			13.8221153846154	-3.36538461538462
			13.9423076923077	-3.36538461538462
			14.0625	-3.48557692307692
			14.1826923076923	-3.48557692307692
			14.3028846153846	-3.48557692307692
			14.4230769230769	-3.48557692307692
			14.5432692307692	-3.48557692307692
			14.6634615384615	-3.60576923076923
			14.7836538461538	-3.60576923076923
			14.9038461538462	-3.60576923076923
			15.0240384615385	-3.72596153846154
			15.1442307692308	-3.72596153846154
			15.2644230769231	-3.72596153846154
			15.3846153846154	-3.72596153846154
			15.5048076923077	-3.84615384615385
			15.625	-3.84615384615385
			15.7451923076923	-3.84615384615385
			15.8653846153846	-3.84615384615385
			15.9855769230769	-3.96634615384615
			16.1057692307692	-3.96634615384615
			16.2259615384615	-4.08653846153846
			16.3461538461538	-4.08653846153846
			16.4663461538462	-4.20673076923077
			16.5865384615385	-4.20673076923077
			16.7067307692308	-4.20673076923077
			16.8269230769231	-4.32692307692308
			16.9471153846154	-4.32692307692308
			17.0673076923077	-4.44711538461539
			17.1875	-4.44711538461539
			17.3076923076923	-4.44711538461539
			17.4278846153846	-4.56730769230769
			17.5480769230769	-4.56730769230769
			17.6682692307692	-4.6875
			17.7884615384615	-4.80769230769231
			17.9086538461538	-4.80769230769231
			18.0288461538462	-4.92788461538462
			18.1490384615385	-5.04807692307692
			18.2692307692308	-5.04807692307692
			18.3894230769231	-5.16826923076923
			18.5096153846154	-5.16826923076923
			18.6298076923077	-5.28846153846154
			18.6298076923077	-5.40865384615385
			18.75	-5.40865384615385
			18.8701923076923	-5.52884615384615
			18.9903846153846	-5.64903846153846
			19.1105769230769	-5.76923076923077
			19.2307692307692	-5.88942307692308
			19.3509615384615	-6.00961538461539
			19.4711538461538	-6.12980769230769
			19.5913461538462	-6.25
			19.5913461538462	-6.37019230769231
			19.7115384615385	-6.49038461538462
			19.7115384615385	-6.61057692307692
			19.7115384615385	-6.73076923076923
			19.5913461538462	-6.73076923076923
			19.5913461538462	-6.85096153846154
			19.5913461538462	-6.97115384615385
			19.5913461538462	-7.09134615384615
			19.5913461538462	-7.21153846153846
			19.4711538461538	-7.33173076923077
			19.4711538461538	-7.45192307692308
			19.4711538461538	-7.57211538461539
			19.3509615384615	-7.69230769230769
			19.3509615384615	-7.8125
			19.3509615384615	-7.93269230769231
			19.2307692307692	-8.05288461538461
			19.2307692307692	-8.17307692307692
			19.2307692307692	-8.29326923076923
			19.1105769230769	-8.41346153846154
			19.1105769230769	-8.53365384615385
			18.9903846153846	-8.65384615384615
			18.9903846153846	-8.77403846153846
			18.8701923076923	-8.89423076923077
			18.75	-9.01442307692308
			18.75	-9.13461538461539
			18.6298076923077	-9.25480769230769
			18.6298076923077	-9.375
			18.5096153846154	-9.49519230769231
			18.5096153846154	-9.61538461538461
			18.5096153846154	-9.73557692307692
			18.6298076923077	-9.85576923076923
			18.6298076923077	-9.97596153846154
			18.75	-10.0961538461538
			18.75	-10.2163461538462
			18.8701923076923	-10.3365384615385
			18.8701923076923	-10.4567307692308
			18.9903846153846	-10.4567307692308
			19.1105769230769	-10.5769230769231
			19.1105769230769	-10.6971153846154
			19.1105769230769	-10.8173076923077
			19.1105769230769	-10.9375
			18.9903846153846	-11.0576923076923
			18.9903846153846	-11.1778846153846
			18.8701923076923	-11.2980769230769
			18.8701923076923	-11.4182692307692
			18.75	-11.5384615384615
			18.75	-11.6586538461538
			18.6298076923077	-11.7788461538462
			18.6298076923077	-11.8990384615385
			18.5096153846154	-12.0192307692308
			18.5096153846154	-12.1394230769231
			18.3894230769231	-12.2596153846154
			18.3894230769231	-12.3798076923077
			18.2692307692308	-12.5
			18.2692307692308	-12.6201923076923
			18.1490384615385	-12.7403846153846
			18.1490384615385	-12.8605769230769
			18.0288461538462	-12.9807692307692
			18.0288461538462	-13.1009615384615
			17.9086538461538	-13.2211538461538
			17.9086538461538	-13.3413461538462
			17.7884615384615	-13.4615384615385
			17.7884615384615	-13.5817307692308
			17.6682692307692	-13.7019230769231
			17.6682692307692	-13.8221153846154
			17.5480769230769	-13.9423076923077
			17.5480769230769	-14.0625
			17.5480769230769	-14.1826923076923
			17.4278846153846	-14.1826923076923
			17.4278846153846	-14.3028846153846
			17.3076923076923	-14.4230769230769
			17.3076923076923	-14.5432692307692
			17.3076923076923	-14.6634615384615
			17.1875	-14.6634615384615
			17.1875	-14.7836538461538
			17.1875	-14.9038461538462
			17.1875	-15.0240384615385
			17.1875	-15.1442307692308
			17.1875	-15.2644230769231
			17.1875	-15.3846153846154
			17.1875	-15.5048076923077
			17.1875	-15.625
			17.1875	-15.7451923076923
			17.1875	-15.8653846153846
			17.1875	-15.9855769230769
			17.1875	-16.1057692307692
			17.1875	-16.2259615384615
			17.1875	-16.3461538461538
		</glabella>
		<suture type=matrix rownames=FALSE colnames=FALSE nrow=218 ncol=2 as.numeric=TRUE >
			13.7019230769231	-3.36538461538462
			13.8221153846154	-3.36538461538462
			13.9423076923077	-3.36538461538462
			14.0625	-3.48557692307692
			14.1826923076923	-3.48557692307692
			14.3028846153846	-3.48557692307692
			14.4230769230769	-3.48557692307692
			14.5432692307692	-3.60576923076923
			14.6634615384615	-3.60576923076923
			14.7836538461538	-3.60576923076923
			14.9038461538462	-3.60576923076923
			15.0240384615385	-3.72596153846154
			15.1442307692308	-3.72596153846154
			15.2644230769231	-3.72596153846154
			15.3846153846154	-3.84615384615385
			15.5048076923077	-3.84615384615385
			15.625	-3.84615384615385
			15.7451923076923	-3.96634615384615
			15.8653846153846	-3.96634615384615
			15.9855769230769	-3.96634615384615
			16.1057692307692	-4.08653846153846
			16.2259615384615	-4.08653846153846
			16.3461538461538	-4.08653846153846
			16.4663461538462	-4.20673076923077
			16.5865384615385	-4.20673076923077
			16.7067307692308	-4.32692307692308
			16.8269230769231	-4.32692307692308
			16.9471153846154	-4.32692307692308
			17.0673076923077	-4.44711538461539
			17.1875	-4.44711538461539
			17.1875	-4.56730769230769
			17.3076923076923	-4.56730769230769
			17.4278846153846	-4.56730769230769
			17.5480769230769	-4.6875
			17.6682692307692	-4.6875
			17.7884615384615	-4.80769230769231
			17.9086538461538	-4.92788461538462
			18.0288461538462	-4.92788461538462
			18.1490384615385	-5.04807692307692
			18.2692307692308	-5.04807692307692
			18.3894230769231	-5.16826923076923
			18.5096153846154	-5.28846153846154
			18.6298076923077	-5.40865384615385
			18.75	-5.52884615384615
			18.8701923076923	-5.52884615384615
			18.9903846153846	-5.64903846153846
			19.1105769230769	-5.76923076923077
			19.2307692307692	-5.88942307692308
			19.3509615384615	-5.88942307692308
			19.3509615384615	-6.00961538461539
			19.4711538461538	-6.12980769230769
			19.5913461538462	-6.25
			19.5913461538462	-6.37019230769231
			19.7115384615385	-6.49038461538462
			19.7115384615385	-6.61057692307692
			19.7115384615385	-6.73076923076923
			19.7115384615385	-6.85096153846154
			19.7115384615385	-6.97115384615385
			19.7115384615385	-7.09134615384615
			19.7115384615385	-7.21153846153846
			19.7115384615385	-7.33173076923077
			19.7115384615385	-7.45192307692308
			19.7115384615385	-7.57211538461539
			19.7115384615385	-7.69230769230769
			19.7115384615385	-7.8125
			19.7115384615385	-7.93269230769231
			19.5913461538462	-8.05288461538461
			19.5913461538462	-8.17307692307692
			19.5913461538462	-8.29326923076923
			19.5913461538462	-8.41346153846154
			19.5913461538462	-8.53365384615385
			19.4711538461538	-8.65384615384615
			19.3509615384615	-8.65384615384615
			19.3509615384615	-8.77403846153846
			19.2307692307692	-8.89423076923077
			19.2307692307692	-9.01442307692308
			19.1105769230769	-9.01442307692308
			19.2307692307692	-9.13461538461539
			19.3509615384615	-9.25480769230769
			19.4711538461538	-9.375
			19.5913461538462	-9.375
			19.7115384615385	-9.375
			19.8317307692308	-9.49519230769231
			19.9519230769231	-9.49519230769231
			20.0721153846154	-9.49519230769231
			20.1923076923077	-9.49519230769231
			20.3125	-9.49519230769231
			20.3125	-9.61538461538461
			20.4326923076923	-9.61538461538461
			20.5528846153846	-9.61538461538461
			20.6730769230769	-9.61538461538461
			20.7932692307692	-9.61538461538461
			20.9134615384615	-9.61538461538461
			21.0336538461538	-9.61538461538461
			21.1538461538462	-9.61538461538461
			21.1538461538462	-9.73557692307692
			21.2740384615385	-9.73557692307692
			21.3942307692308	-9.73557692307692
			21.5144230769231	-9.85576923076923
			21.6346153846154	-9.85576923076923
			21.7548076923077	-9.97596153846154
			21.875	-10.0961538461538
			21.9951923076923	-10.2163461538462
			22.1153846153846	-10.2163461538462
			22.1153846153846	-10.3365384615385
			22.2355769230769	-10.4567307692308
			22.3557692307692	-10.5769230769231
			22.3557692307692	-10.6971153846154
			22.4759615384615	-10.6971153846154
			22.4759615384615	-10.8173076923077
			22.4759615384615	-10.9375
			22.5961538461538	-11.0576923076923
			22.5961538461538	-11.1778846153846
			22.5961538461538	-11.2980769230769
			22.7163461538462	-11.4182692307692
			22.7163461538462	-11.5384615384615
			22.7163461538462	-11.6586538461538
			22.7163461538462	-11.7788461538462
			22.7163461538462	-11.8990384615385
			22.8365384615385	-12.0192307692308
			22.8365384615385	-12.1394230769231
			22.8365384615385	-12.2596153846154
			22.8365384615385	-12.3798076923077
			22.8365384615385	-12.5
			22.8365384615385	-12.6201923076923
			22.8365384615385	-12.7403846153846
			22.7163461538462	-12.8605769230769
			22.7163461538462	-12.9807692307692
			22.5961538461538	-13.1009615384615
			22.5961538461538	-13.2211538461538
			22.4759615384615	-13.3413461538462
			22.4759615384615	-13.4615384615385
			22.3557692307692	-13.4615384615385
			22.3557692307692	-13.5817307692308
			22.2355769230769	-13.7019230769231
			22.2355769230769	-13.8221153846154
			22.1153846153846	-13.8221153846154
			22.1153846153846	-13.9423076923077
			21.9951923076923	-14.0625
			21.875	-14.0625
			21.875	-14.1826923076923
			21.7548076923077	-14.1826923076923
			21.6346153846154	-14.3028846153846
			21.5144230769231	-14.4230769230769
			21.3942307692308	-14.4230769230769
			21.2740384615385	-14.4230769230769
			21.1538461538462	-14.4230769230769
			21.0336538461538	-14.5432692307692
			20.9134615384615	-14.5432692307692
			20.7932692307692	-14.5432692307692
			20.7932692307692	-14.4230769230769
			20.6730769230769	-14.4230769230769
			20.5528846153846	-14.4230769230769
			20.4326923076923	-14.4230769230769
			20.3125	-14.3028846153846
			20.1923076923077	-14.3028846153846
			20.0721153846154	-14.1826923076923
			19.9519230769231	-14.0625
			19.8317307692308	-14.0625
			19.7115384615385	-13.9423076923077
			19.7115384615385	-14.0625
			19.7115384615385	-14.1826923076923
			19.7115384615385	-14.3028846153846
			19.8317307692308	-14.4230769230769
			19.8317307692308	-14.5432692307692
			19.9519230769231	-14.6634615384615
			20.0721153846154	-14.7836538461538
			20.1923076923077	-14.9038461538462
			20.3125	-15.0240384615385
			20.4326923076923	-15.0240384615385
			20.5528846153846	-15.1442307692308
			20.6730769230769	-15.1442307692308
			20.7932692307692	-15.1442307692308
			20.9134615384615	-15.1442307692308
			21.0336538461538	-15.1442307692308
			21.1538461538462	-15.1442307692308
			21.2740384615385	-15.1442307692308
			21.3942307692308	-15.1442307692308
			21.5144230769231	-15.1442307692308
			21.6346153846154	-15.0240384615385
			21.7548076923077	-15.0240384615385
			21.875	-14.9038461538462
			21.9951923076923	-14.9038461538462
			22.1153846153846	-14.7836538461538
			22.2355769230769	-14.7836538461538
			22.3557692307692	-14.6634615384615
			22.4759615384615	-14.5432692307692
			22.5961538461538	-14.4230769230769
			22.7163461538462	-14.3028846153846
			22.8365384615385	-14.1826923076923
			22.8365384615385	-14.0625
			22.9567307692308	-13.9423076923077
			23.0769230769231	-13.8221153846154
			23.1971153846154	-13.7019230769231
			23.1971153846154	-13.5817307692308
			23.1971153846154	-13.4615384615385
			23.3173076923077	-13.3413461538462
			23.4375	-13.2211538461538
			23.5576923076923	-13.1009615384615
			23.6778846153846	-12.9807692307692
			23.7980769230769	-12.8605769230769
			23.9182692307692	-12.7403846153846
			24.0384615384615	-12.6201923076923
			24.1586538461538	-12.6201923076923
			24.2788461538462	-12.5
			24.3990384615385	-12.5
			24.5192307692308	-12.5
			24.6394230769231	-12.5
			24.7596153846154	-12.5
			24.8798076923077	-12.6201923076923
			25	-12.6201923076923
			25.1201923076923	-12.6201923076923
			25.2403846153846	-12.7403846153846
			25.3605769230769	-12.7403846153846
			25.4807692307692	-12.8605769230769
			25.6009615384615	-12.9807692307692
			25.7211538461538	-12.9807692307692
			25.8413461538462	-13.1009615384615
		</suture>
		<anterior type=matrix rownames=FALSE colnames=FALSE nrow=164 ncol=2 as.numeric=TRUE >
			13.8221153846154	-2.76442307692308
			13.9423076923077	-2.76442307692308
			14.0625	-2.76442307692308
			14.1826923076923	-2.88461538461538
			14.3028846153846	-2.88461538461538
			14.4230769230769	-2.88461538461538
			14.5432692307692	-2.88461538461538
			14.6634615384615	-3.00480769230769
			14.7836538461538	-3.00480769230769
			14.9038461538462	-3.00480769230769
			15.0240384615385	-3.00480769230769
			15.1442307692308	-3.00480769230769
			15.2644230769231	-3.125
			15.3846153846154	-3.125
			15.5048076923077	-3.125
			15.625	-3.125
			15.7451923076923	-3.24519230769231
			15.8653846153846	-3.24519230769231
			15.9855769230769	-3.24519230769231
			16.1057692307692	-3.24519230769231
			16.1057692307692	-3.36538461538462
			16.2259615384615	-3.36538461538462
			16.3461538461538	-3.36538461538462
			16.4663461538462	-3.48557692307692
			16.5865384615385	-3.48557692307692
			16.7067307692308	-3.48557692307692
			16.8269230769231	-3.48557692307692
			16.9471153846154	-3.60576923076923
			17.0673076923077	-3.60576923076923
			17.1875	-3.72596153846154
			17.3076923076923	-3.72596153846154
			17.4278846153846	-3.84615384615385
			17.5480769230769	-3.84615384615385
			17.6682692307692	-3.84615384615385
			17.7884615384615	-3.96634615384615
			17.9086538461538	-3.96634615384615
			18.0288461538462	-4.08653846153846
			18.1490384615385	-4.08653846153846
			18.2692307692308	-4.20673076923077
			18.3894230769231	-4.20673076923077
			18.5096153846154	-4.20673076923077
			18.6298076923077	-4.32692307692308
			18.75	-4.32692307692308
			18.8701923076923	-4.44711538461539
			18.9903846153846	-4.44711538461539
			19.1105769230769	-4.56730769230769
			19.2307692307692	-4.56730769230769
			19.3509615384615	-4.6875
			19.4711538461538	-4.6875
			19.4711538461538	-4.80769230769231
			19.5913461538462	-4.80769230769231
			19.7115384615385	-4.92788461538462
			19.8317307692308	-4.92788461538462
			19.9519230769231	-5.04807692307692
			20.0721153846154	-5.16826923076923
			20.1923076923077	-5.16826923076923
			20.3125	-5.28846153846154
			20.4326923076923	-5.40865384615385
			20.5528846153846	-5.52884615384615
			20.6730769230769	-5.52884615384615
			20.7932692307692	-5.64903846153846
			20.9134615384615	-5.76923076923077
			21.0336538461538	-5.76923076923077
			21.1538461538462	-5.88942307692308
			21.2740384615385	-6.00961538461539
			21.3942307692308	-6.12980769230769
			21.5144230769231	-6.25
			21.6346153846154	-6.25
			21.7548076923077	-6.37019230769231
			21.875	-6.49038461538462
			21.9951923076923	-6.61057692307692
			21.9951923076923	-6.73076923076923
			22.1153846153846	-6.73076923076923
			22.2355769230769	-6.85096153846154
			22.3557692307692	-6.97115384615385
			22.4759615384615	-7.09134615384615
			22.5961538461538	-7.21153846153846
			22.7163461538462	-7.33173076923077
			22.7163461538462	-7.45192307692308
			22.8365384615385	-7.57211538461539
			22.9567307692308	-7.57211538461539
			23.0769230769231	-7.69230769230769
			23.1971153846154	-7.8125
			23.1971153846154	-7.93269230769231
			23.3173076923077	-8.05288461538461
			23.4375	-8.17307692307692
			23.5576923076923	-8.29326923076923
			23.5576923076923	-8.41346153846154
			23.6778846153846	-8.53365384615385
			23.7980769230769	-8.65384615384615
			23.7980769230769	-8.77403846153846
			23.9182692307692	-8.89423076923077
			24.0384615384615	-9.01442307692308
			24.1586538461538	-9.13461538461539
			24.1586538461538	-9.25480769230769
			24.2788461538462	-9.375
			24.3990384615385	-9.49519230769231
			24.3990384615385	-9.61538461538461
			24.3990384615385	-9.73557692307692
			24.5192307692308	-9.73557692307692
			24.5192307692308	-9.85576923076923
			24.5192307692308	-9.97596153846154
			24.6394230769231	-9.97596153846154
			24.6394230769231	-10.0961538461538
			24.7596153846154	-10.2163461538462
			24.7596153846154	-10.3365384615385
			24.8798076923077	-10.4567307692308
			24.8798076923077	-10.5769230769231
			25	-10.6971153846154
			25	-10.8173076923077
			25.1201923076923	-10.9375
			25.1201923076923	-11.0576923076923
			25.1201923076923	-11.1778846153846
			25.2403846153846	-11.1778846153846
			25.2403846153846	-11.2980769230769
			25.2403846153846	-11.4182692307692
			25.3605769230769	-11.5384615384615
			25.3605769230769	-11.6586538461538
			25.4807692307692	-11.7788461538462
			25.4807692307692	-11.8990384615385
			25.4807692307692	-12.0192307692308
			25.6009615384615	-12.0192307692308
			25.6009615384615	-12.1394230769231
			25.6009615384615	-12.2596153846154
			25.7211538461538	-12.3798076923077
			25.7211538461538	-12.5
			25.7211538461538	-12.6201923076923
			25.8413461538462	-12.7403846153846
			25.8413461538462	-12.8605769230769
			25.8413461538462	-12.9807692307692
			25.9615384615385	-13.1009615384615
			25.9615384615385	-13.2211538461538
			25.9615384615385	-13.3413461538462
			25.9615384615385	-13.4615384615385
			26.0817307692308	-13.5817307692308
			26.0817307692308	-13.7019230769231
			26.0817307692308	-13.8221153846154
			26.2019230769231	-13.8221153846154
			26.2019230769231	-13.9423076923077
			26.2019230769231	-14.0625
			26.2019230769231	-14.1826923076923
			26.2019230769231	-14.3028846153846
			26.3221153846154	-14.4230769230769
			26.3221153846154	-14.5432692307692
			26.3221153846154	-14.6634615384615
			26.3221153846154	-14.7836538461538
			26.4423076923077	-14.9038461538462
			26.4423076923077	-15.0240384615385
			26.4423076923077	-15.1442307692308
			26.4423076923077	-15.2644230769231
			26.4423076923077	-15.3846153846154
			26.5625	-15.5048076923077
			26.5625	-15.625
			26.5625	-15.7451923076923
			26.5625	-15.8653846153846
			26.5625	-15.9855769230769
			26.6826923076923	-16.1057692307692
			26.6826923076923	-16.2259615384615
			26.6826923076923	-16.3461538461538
			26.6826923076923	-16.4663461538462
			26.6826923076923	-16.5865384615385
			26.8028846153846	-16.5865384615385
			26.8028846153846	-16.7067307692308
			26.8028846153846	-16.8269230769231
		</anterior>
		<posterior type=matrix rownames=FALSE colnames=FALSE nrow=144 ncol=2 as.numeric=TRUE >
			13.9423076923077	-16.8269230769231
			14.0625	-16.8269230769231
			14.1826923076923	-16.8269230769231
			14.3028846153846	-16.8269230769231
			14.4230769230769	-16.8269230769231
			14.5432692307692	-16.8269230769231
			14.6634615384615	-16.8269230769231
			14.7836538461538	-16.8269230769231
			14.9038461538462	-16.8269230769231
			15.0240384615385	-16.8269230769231
			15.1442307692308	-16.8269230769231
			15.2644230769231	-16.7067307692308
			15.3846153846154	-16.7067307692308
			15.5048076923077	-16.7067307692308
			15.625	-16.7067307692308
			15.7451923076923	-16.7067307692308
			15.8653846153846	-16.7067307692308
			15.9855769230769	-16.7067307692308
			16.1057692307692	-16.7067307692308
			16.2259615384615	-16.5865384615385
			16.3461538461538	-16.5865384615385
			16.4663461538462	-16.5865384615385
			16.5865384615385	-16.5865384615385
			16.7067307692308	-16.5865384615385
			16.8269230769231	-16.5865384615385
			16.9471153846154	-16.5865384615385
			17.0673076923077	-16.5865384615385
			17.1875	-16.5865384615385
			17.3076923076923	-16.5865384615385
			17.4278846153846	-16.5865384615385
			17.5480769230769	-16.5865384615385
			17.6682692307692	-16.5865384615385
			17.7884615384615	-16.5865384615385
			17.9086538461538	-16.5865384615385
			18.0288461538462	-16.5865384615385
			18.1490384615385	-16.5865384615385
			18.2692307692308	-16.5865384615385
			18.3894230769231	-16.5865384615385
			18.5096153846154	-16.5865384615385
			18.6298076923077	-16.5865384615385
			18.75	-16.5865384615385
			18.8701923076923	-16.5865384615385
			18.9903846153846	-16.5865384615385
			19.1105769230769	-16.5865384615385
			19.2307692307692	-16.5865384615385
			19.3509615384615	-16.5865384615385
			19.4711538461538	-16.5865384615385
			19.5913461538462	-16.5865384615385
			19.7115384615385	-16.5865384615385
			19.8317307692308	-16.5865384615385
			19.9519230769231	-16.5865384615385
			20.0721153846154	-16.5865384615385
			20.1923076923077	-16.5865384615385
			20.3125	-16.5865384615385
			20.4326923076923	-16.5865384615385
			20.5528846153846	-16.5865384615385
			20.6730769230769	-16.5865384615385
			20.7932692307692	-16.5865384615385
			20.9134615384615	-16.7067307692308
			21.0336538461538	-16.7067307692308
			21.1538461538462	-16.7067307692308
			21.2740384615385	-16.7067307692308
			21.3942307692308	-16.7067307692308
			21.5144230769231	-16.7067307692308
			21.6346153846154	-16.7067307692308
			21.7548076923077	-16.7067307692308
			21.875	-16.7067307692308
			21.9951923076923	-16.8269230769231
			22.1153846153846	-16.8269230769231
			22.2355769230769	-16.8269230769231
			22.3557692307692	-16.8269230769231
			22.4759615384615	-16.8269230769231
			22.5961538461538	-16.8269230769231
			22.7163461538462	-16.9471153846154
			22.8365384615385	-16.9471153846154
			22.9567307692308	-16.9471153846154
			23.0769230769231	-16.9471153846154
			23.0769230769231	-17.0673076923077
			23.1971153846154	-17.0673076923077
			23.3173076923077	-17.0673076923077
			23.3173076923077	-17.1875
			23.4375	-17.1875
			23.5576923076923	-17.1875
			23.6778846153846	-17.1875
			23.6778846153846	-17.3076923076923
			23.7980769230769	-17.3076923076923
			23.9182692307692	-17.4278846153846
			24.0384615384615	-17.4278846153846
			24.1586538461538	-17.5480769230769
			24.2788461538462	-17.5480769230769
			24.3990384615385	-17.6682692307692
			24.5192307692308	-17.6682692307692
			24.6394230769231	-17.7884615384615
			24.7596153846154	-17.9086538461538
			24.8798076923077	-17.9086538461538
			25	-18.0288461538462
			25.1201923076923	-18.0288461538462
			25.2403846153846	-18.1490384615385
			25.3605769230769	-18.2692307692308
			25.4807692307692	-18.2692307692308
			25.6009615384615	-18.3894230769231
			25.7211538461538	-18.3894230769231
			25.8413461538462	-18.5096153846154
			25.9615384615385	-18.6298076923077
			26.0817307692308	-18.6298076923077
			26.2019230769231	-18.75
			26.3221153846154	-18.8701923076923
			26.3221153846154	-18.9903846153846
			26.4423076923077	-19.1105769230769
			26.4423076923077	-19.2307692307692
			26.5625	-19.2307692307692
			26.5625	-19.3509615384615
			26.5625	-19.4711538461538
			26.6826923076923	-19.4711538461538
			26.6826923076923	-19.5913461538462
			26.8028846153846	-19.5913461538462
			26.8028846153846	-19.7115384615385
			26.9230769230769	-19.7115384615385
			27.0432692307692	-19.7115384615385
			27.0432692307692	-19.5913461538462
			27.0432692307692	-19.4711538461538
			27.1634615384615	-19.3509615384615
			27.1634615384615	-19.2307692307692
			27.1634615384615	-19.1105769230769
			27.1634615384615	-18.9903846153846
			27.0432692307692	-18.8701923076923
			27.0432692307692	-18.75
			27.0432692307692	-18.6298076923077
			27.0432692307692	-18.5096153846154
			27.0432692307692	-18.3894230769231
			27.0432692307692	-18.2692307692308
			27.0432692307692	-18.1490384615385
			27.0432692307692	-18.0288461538462
			27.0432692307692	-17.9086538461538
			26.9230769230769	-17.7884615384615
			26.9230769230769	-17.6682692307692
			26.9230769230769	-17.5480769230769
			26.9230769230769	-17.4278846153846
			26.9230769230769	-17.3076923076923
			26.9230769230769	-17.1875
			26.8028846153846	-17.1875
			26.8028846153846	-17.0673076923077
			26.8028846153846	-16.9471153846154
			26.8028846153846	-16.8269230769231
		</posterior>
	</curves.scaled>
	<ruler.points type=matrix rownames=TRUE colnames=FALSE nrow=2 ncol=2 as.numeric=TRUE >
		Ruler point 1	223	142
		Ruler point 2	15	142
	</ruler.points>
</shapes>

