<shapes type=list>
	<ruler.pixel type=vector names=FALSE length=1 as.numeric=TRUE >379</ruler.pixel>
	<ruler.interval type=vector names=FALSE length=1 as.numeric=TRUE >3.05</ruler.interval>
	<scaling.units type=vector names=FALSE length=1 as.numeric=FALSE >cm</scaling.units>
	<scaling type=vector names=FALSE length=1 as.numeric=TRUE >0.00804749340369393</scaling>
	<landmarks.pixel type=matrix rownames=TRUE colnames=FALSE nrow=16 ncol=2 as.numeric=TRUE >
		LM1	200	26
		LM2	200	26
		LM3	200	229
		LM4	200	250
		LM5	309	108
		LM6	266	235
		LM7	260	259
		LM8	350	152
		LM9	360	198
		LM10	200	26
		LM11	382	236
		LM12	382	236
		LM13	200	26
		LM14	391	162
		LM15	390	250
		LM16	403	289
	</landmarks.pixel>
	<landmarks.scaled type=matrix rownames=TRUE colnames=FALSE nrow=16 ncol=2 as.numeric=TRUE >
		LM1	1.60949868073879	-0.209234828496042
		LM2	1.60949868073879	-0.209234828496042
		LM3	1.60949868073879	-1.84287598944591
		LM4	1.60949868073879	-2.01187335092348
		LM5	2.48667546174143	-0.869129287598945
		LM6	2.14063324538259	-1.89116094986807
		LM7	2.09234828496042	-2.08430079155673
		LM8	2.81662269129288	-1.22321899736148
		LM9	2.89709762532982	-1.5934036939314
		LM10	1.60949868073879	-0.209234828496042
		LM11	3.07414248021108	-1.89920844327177
		LM12	3.07414248021108	-1.89920844327177
		LM13	1.60949868073879	-0.209234828496042
		LM14	3.14656992084433	-1.30369393139842
		LM15	3.13852242744063	-2.01187335092348
		LM16	3.24313984168865	-2.32572559366755
	</landmarks.scaled>
	<curves.control type=list>
		<glabella type=matrix rownames=FALSE colnames=FALSE nrow=11 ncol=2 as.numeric=TRUE >
			200	26
			274	29
			305	93
			315	115
			308	159
			276	183
			270	217
			264	224
			266	242
			272	256
			260	259
		</glabella>
		<suture type=matrix rownames=FALSE colnames=FALSE nrow=11 ncol=2 as.numeric=TRUE >
			200	26
			279	28
			309	104
			311	129
			338	154
			356	157
			362	164
			370	174
			360	197
			358	220
			382	236
		</suture>
		<anterior type=matrix rownames=FALSE colnames=FALSE nrow=13 ncol=2 as.numeric=TRUE >
			200	26
			269	26
			306	93
			314	139
			341	148
			350	152
			360	144
			398	139
			392	187
			376	195
			367	214
			377	226
			390	250
		</anterior>
		<posterior type=matrix rownames=FALSE colnames=FALSE nrow=11 ncol=2 as.numeric=TRUE >
			200	250
			219	252
			250	261
			266	256
			314	260
			360	286
			393	289
			417	292
			401	275
			394	260
			390	250
		</posterior>
	</curves.control>
	<curves.pixel type=list>
		<glabella type=matrix rownames=FALSE colnames=FALSE nrow=302 ncol=2 as.numeric=TRUE >
			200	26
			201	26
			202	26
			203	26
			204	26
			205	26
			206	26
			207	26
			208	27
			209	27
			210	27
			211	27
			212	27
			213	27
			214	27
			215	27
			216	27
			217	28
			218	28
			219	28
			220	28
			221	28
			222	28
			223	29
			224	29
			225	29
			226	29
			227	30
			228	30
			229	30
			230	30
			231	30
			232	31
			233	31
			234	31
			235	31
			236	32
			237	32
			238	33
			239	33
			240	33
			241	34
			242	34
			243	34
			244	35
			245	35
			246	36
			247	36
			248	36
			249	37
			250	37
			251	38
			252	38
			253	39
			254	39
			255	40
			256	40
			257	41
			258	41
			259	42
			260	42
			261	43
			262	43
			263	44
			264	45
			265	46
			266	46
			267	47
			268	48
			269	48
			270	49
			271	50
			272	51
			273	51
			274	52
			274	53
			275	53
			276	54
			277	54
			277	55
			278	56
			279	56
			279	57
			280	57
			281	58
			281	59
			282	59
			283	60
			283	61
			284	61
			284	62
			285	63
			286	64
			287	65
			288	66
			289	67
			290	68
			290	69
			291	70
			292	71
			292	72
			293	73
			294	74
			294	75
			295	76
			296	77
			296	78
			297	79
			298	80
			298	81
			299	82
			299	83
			300	84
			301	85
			301	86
			302	87
			302	88
			303	89
			304	90
			304	91
			305	92
			305	93
			305	94
			306	94
			306	95
			306	96
			307	97
			307	98
			307	99
			308	100
			308	101
			308	102
			308	103
			309	103
			309	104
			309	105
			309	106
			309	107
			310	108
			310	109
			310	110
			310	111
			310	112
			310	113
			310	114
			310	115
			310	116
			311	117
			311	118
			311	119
			311	120
			311	121
			311	122
			311	123
			311	124
			311	125
			311	126
			311	127
			311	128
			311	129
			311	130
			311	131
			311	132
			311	133
			311	134
			311	135
			311	136
			311	137
			310	138
			310	139
			310	140
			310	141
			310	142
			310	143
			310	144
			310	145
			310	146
			310	147
			309	148
			309	149
			309	150
			309	151
			309	152
			309	153
			309	154
			309	155
			309	156
			308	156
			308	157
			308	158
			308	159
			307	159
			307	160
			306	160
			306	161
			305	161
			305	162
			304	162
			303	163
			302	164
			301	165
			300	165
			299	166
			298	167
			297	168
			296	169
			295	170
			294	171
			293	172
			292	173
			291	174
			290	175
			289	176
			288	177
			288	178
			287	179
			286	180
			285	181
			285	182
			284	183
			284	184
			283	184
			283	185
			282	186
			282	187
			281	188
			280	189
			280	190
			279	191
			279	192
			278	193
			278	194
			277	195
			277	196
			276	197
			276	198
			275	199
			275	200
			274	201
			274	202
			274	203
			273	204
			273	205
			273	206
			272	207
			272	208
			272	209
			272	210
			271	210
			271	211
			271	212
			271	213
			271	214
			270	215
			270	216
			270	217
			270	218
			269	218
			269	219
			268	220
			268	221
			267	222
			267	223
			267	224
			266	225
			266	226
			266	227
			266	228
			266	229
			266	230
			266	231
			266	232
			266	233
			266	234
			266	235
			266	236
			266	237
			266	238
			266	239
			266	240
			266	241
			266	242
			266	243
			267	244
			267	245
			267	246
			268	247
			268	248
			268	249
			268	250
			268	251
			268	252
			268	253
			267	254
			266	255
			266	256
			265	257
			264	258
			263	258
			262	258
			261	259
			260	259
		</glabella>
		<suture type=matrix rownames=FALSE colnames=FALSE nrow=290 ncol=2 as.numeric=TRUE >
			200	26
			201	26
			202	26
			203	26
			204	26
			205	26
			206	26
			207	26
			208	26
			209	26
			210	27
			211	27
			212	27
			213	27
			214	27
			215	27
			216	27
			217	27
			218	27
			219	28
			220	28
			221	28
			222	28
			223	28
			224	29
			225	29
			226	29
			227	29
			228	29
			229	30
			230	30
			231	30
			232	30
			233	31
			234	31
			235	31
			236	32
			237	32
			238	32
			239	32
			240	33
			241	33
			242	33
			243	34
			244	34
			245	35
			246	35
			247	35
			247	36
			248	36
			249	36
			250	37
			251	37
			252	38
			253	38
			254	39
			255	39
			256	40
			257	41
			258	41
			259	42
			260	42
			261	43
			262	44
			263	44
			264	45
			265	45
			266	46
			267	47
			268	47
			269	48
			270	49
			271	50
			272	50
			273	51
			274	52
			274	53
			275	53
			276	54
			277	55
			278	56
			279	57
			280	57
			280	58
			281	59
			282	60
			283	61
			284	62
			284	63
			285	63
			286	64
			287	65
			288	66
			288	67
			289	68
			290	69
			291	70
			291	71
			292	72
			293	73
			293	74
			294	75
			295	76
			296	77
			296	78
			297	79
			297	80
			298	81
			299	82
			299	83
			300	84
			300	85
			300	86
			301	86
			301	87
			302	88
			302	89
			303	90
			303	91
			304	92
			304	93
			305	94
			305	95
			306	96
			306	97
			307	98
			307	99
			307	100
			308	101
			308	102
			308	103
			309	103
			309	104
			309	105
			309	106
			309	107
			309	108
			310	109
			310	110
			310	111
			310	112
			311	113
			311	114
			311	115
			312	116
			312	117
			312	118
			312	119
			313	120
			313	121
			314	122
			314	123
			315	124
			315	125
			316	126
			316	127
			317	128
			317	129
			318	130
			318	131
			319	132
			319	133
			320	133
			321	134
			321	135
			322	136
			323	137
			323	138
			324	139
			325	140
			326	141
			326	142
			327	143
			328	144
			329	145
			330	146
			330	147
			331	147
			332	148
			333	149
			334	150
			335	151
			336	152
			337	153
			338	154
			339	154
			340	154
			341	155
			342	155
			343	155
			344	155
			345	155
			345	156
			346	156
			347	156
			348	156
			349	157
			350	157
			351	157
			352	158
			353	158
			354	159
			355	159
			356	159
			356	160
			357	160
			358	160
			358	161
			359	161
			359	162
			360	162
			361	163
			362	164
			363	165
			363	166
			364	167
			364	168
			365	169
			365	170
			365	171
			365	172
			365	173
			366	174
			366	175
			366	176
			366	177
			365	177
			365	178
			365	179
			365	180
			365	181
			365	182
			365	183
			364	184
			364	185
			364	186
			364	187
			363	188
			363	189
			363	190
			362	191
			362	192
			362	193
			361	194
			361	195
			361	196
			360	196
			360	197
			360	198
			360	199
			360	200
			360	201
			360	202
			360	203
			360	204
			360	205
			360	206
			360	207
			361	208
			361	209
			361	210
			362	211
			362	212
			362	213
			363	214
			363	215
			363	216
			364	217
			364	218
			365	219
			366	220
			366	221
			367	222
			367	223
			368	224
			369	225
			370	225
			370	226
			371	227
			372	228
			373	229
			374	230
			375	231
			376	231
			377	232
			378	233
			379	234
			380	235
			381	235
			382	236
		</suture>
		<anterior type=matrix rownames=FALSE colnames=FALSE nrow=344 ncol=2 as.numeric=TRUE >
			200	26
			201	26
			202	26
			203	26
			204	26
			205	26
			206	26
			207	26
			208	26
			209	26
			210	26
			211	26
			212	27
			213	27
			214	27
			215	27
			216	27
			217	27
			218	27
			219	27
			220	27
			220	28
			221	28
			222	28
			223	28
			224	28
			225	28
			226	29
			227	29
			228	29
			229	29
			230	30
			231	30
			232	30
			233	30
			234	30
			234	31
			235	31
			236	31
			237	32
			238	32
			239	32
			240	32
			241	33
			242	33
			243	34
			244	34
			245	35
			246	35
			247	35
			248	36
			249	36
			250	37
			251	37
			252	38
			253	38
			254	39
			255	39
			256	40
			257	40
			258	41
			259	42
			260	42
			261	43
			262	43
			263	44
			264	44
			265	45
			265	46
			266	46
			267	47
			268	48
			269	48
			270	49
			271	50
			272	50
			273	51
			273	52
			274	53
			275	53
			276	54
			277	55
			278	56
			279	57
			280	58
			281	59
			282	60
			283	61
			284	62
			285	63
			286	64
			287	65
			288	66
			288	67
			289	67
			289	68
			290	69
			291	70
			292	71
			292	72
			293	73
			294	73
			294	74
			295	75
			295	76
			296	77
			297	78
			297	79
			298	80
			298	81
			299	82
			300	82
			300	83
			301	84
			301	85
			302	86
			303	87
			303	88
			304	89
			304	90
			305	91
			306	92
			306	93
			306	94
			306	95
			307	96
			307	97
			307	98
			307	99
			307	100
			308	101
			308	102
			308	103
			308	104
			309	105
			309	106
			309	107
			309	108
			310	109
			310	110
			310	111
			311	112
			311	113
			311	114
			312	115
			312	116
			312	117
			313	118
			313	119
			314	120
			314	121
			314	122
			315	122
			315	123
			316	124
			316	125
			316	126
			317	126
			317	127
			318	128
			318	129
			319	129
			319	130
			319	131
			320	132
			321	133
			322	134
			323	135
			324	136
			324	137
			325	138
			326	139
			327	140
			328	141
			329	142
			330	142
			331	143
			332	143
			333	144
			334	145
			335	146
			336	146
			337	146
			337	147
			338	147
			339	147
			340	148
			341	148
			342	148
			343	149
			344	149
			345	149
			346	149
			347	149
			348	149
			349	149
			350	149
			351	149
			352	149
			353	148
			354	148
			355	147
			356	146
			357	146
			358	146
			358	145
			359	145
			360	144
			361	144
			362	144
			363	144
			364	144
			365	144
			366	144
			367	144
			368	144
			369	144
			370	144
			371	144
			372	144
			373	144
			374	144
			375	145
			376	145
			377	145
			378	145
			379	146
			380	146
			381	147
			382	148
			383	148
			384	149
			385	150
			386	150
			386	151
			387	152
			388	153
			388	154
			389	155
			389	156
			390	157
			390	158
			391	159
			391	160
			391	161
			391	162
			392	163
			392	164
			392	165
			392	166
			392	167
			393	168
			393	169
			393	170
			393	171
			393	172
			393	173
			393	174
			393	175
			393	176
			393	177
			393	178
			393	179
			393	180
			393	181
			393	182
			392	183
			392	184
			392	185
			392	186
			392	187
			391	187
			391	188
			390	188
			389	188
			389	189
			388	189
			387	190
			386	191
			385	191
			384	192
			383	193
			382	194
			381	195
			380	195
			379	196
			379	197
			378	198
			377	199
			376	200
			375	200
			375	201
			374	202
			373	203
			373	204
			372	205
			371	206
			371	207
			370	208
			370	209
			369	210
			368	211
			368	212
			368	213
			367	214
			368	215
			369	216
			370	217
			371	218
			371	219
			372	220
			372	221
			373	222
			373	223
			374	223
			375	224
			375	225
			376	226
			376	227
			377	228
			378	229
			378	230
			379	231
			380	232
			380	233
			381	234
			382	235
			382	236
			383	237
			383	238
			384	239
			384	240
			385	240
			385	241
			385	242
			386	243
			387	244
			387	245
			388	246
			388	247
			389	248
			389	249
			390	249
			390	250
		</anterior>
		<posterior type=matrix rownames=FALSE colnames=FALSE nrow=250 ncol=2 as.numeric=TRUE >
			200	250
			201	250
			202	250
			203	250
			204	250
			205	251
			206	251
			207	251
			208	251
			209	251
			210	251
			211	252
			212	252
			213	252
			214	252
			215	252
			216	253
			217	253
			218	253
			219	253
			220	253
			221	254
			222	254
			223	254
			224	254
			225	254
			226	255
			227	255
			228	255
			229	255
			230	256
			231	256
			232	256
			233	256
			234	257
			235	257
			236	257
			237	257
			237	258
			238	258
			239	258
			240	258
			241	258
			242	259
			243	259
			244	259
			245	260
			246	260
			247	260
			248	260
			249	261
			250	261
			251	261
			252	261
			252	260
			253	260
			254	260
			255	260
			256	260
			257	260
			258	259
			259	259
			260	259
			261	259
			262	259
			263	259
			264	259
			265	259
			266	259
			267	258
			268	258
			269	258
			270	258
			271	258
			272	258
			273	258
			274	258
			275	258
			276	258
			277	258
			278	258
			279	258
			280	258
			281	258
			282	258
			283	258
			284	258
			285	258
			286	258
			287	258
			288	258
			289	258
			290	258
			291	259
			292	259
			293	259
			294	259
			295	259
			296	259
			297	259
			298	259
			299	259
			300	259
			301	259
			302	259
			303	259
			304	259
			305	259
			306	259
			307	259
			308	260
			309	260
			310	260
			311	260
			312	260
			313	260
			314	260
			315	260
			316	261
			317	262
			318	263
			319	263
			320	263
			321	264
			322	264
			323	265
			324	265
			325	266
			326	267
			327	267
			328	268
			329	268
			330	269
			331	269
			332	270
			333	270
			334	271
			335	271
			336	272
			337	272
			338	273
			339	273
			340	274
			341	274
			342	274
			343	275
			344	275
			345	276
			346	276
			347	277
			348	277
			349	277
			350	278
			351	278
			352	278
			353	279
			354	279
			355	280
			356	280
			357	280
			358	281
			359	281
			360	282
			361	282
			362	282
			363	282
			364	283
			365	283
			366	283
			367	284
			368	284
			369	284
			370	285
			371	285
			372	285
			373	285
			374	286
			375	286
			376	286
			377	286
			378	287
			379	287
			380	287
			381	287
			382	287
			383	288
			384	288
			385	288
			386	288
			387	288
			388	288
			389	289
			390	289
			391	289
			392	289
			393	289
			394	289
			395	289
			396	289
			397	289
			398	289
			399	289
			400	289
			401	289
			402	289
			403	289
			404	289
			405	288
			406	288
			407	287
			407	286
			407	285
			407	284
			407	283
			406	282
			406	281
			405	280
			404	279
			404	278
			403	277
			402	276
			401	275
			401	274
			400	274
			400	273
			400	272
			399	272
			399	271
			399	270
			398	269
			398	268
			397	267
			397	266
			396	265
			396	264
			395	263
			395	262
			395	261
			394	260
			394	259
			393	258
			393	257
			392	256
			392	255
			392	254
			391	254
			391	253
			391	252
			390	251
			390	250
		</posterior>
	</curves.pixel>
	<curves.scaled type=list>
		<glabella type=matrix rownames=FALSE colnames=FALSE nrow=302 ncol=2 as.numeric=TRUE >
			1.60949868073879	-0.209234828496042
			1.61754617414248	-0.209234828496042
			1.62559366754617	-0.209234828496042
			1.63364116094987	-0.209234828496042
			1.64168865435356	-0.209234828496042
			1.64973614775726	-0.209234828496042
			1.65778364116095	-0.209234828496042
			1.66583113456464	-0.209234828496042
			1.67387862796834	-0.217282321899736
			1.68192612137203	-0.217282321899736
			1.68997361477573	-0.217282321899736
			1.69802110817942	-0.217282321899736
			1.70606860158311	-0.217282321899736
			1.71411609498681	-0.217282321899736
			1.7221635883905	-0.217282321899736
			1.7302110817942	-0.217282321899736
			1.73825857519789	-0.217282321899736
			1.74630606860158	-0.22532981530343
			1.75435356200528	-0.22532981530343
			1.76240105540897	-0.22532981530343
			1.77044854881266	-0.22532981530343
			1.77849604221636	-0.22532981530343
			1.78654353562005	-0.22532981530343
			1.79459102902375	-0.233377308707124
			1.80263852242744	-0.233377308707124
			1.81068601583113	-0.233377308707124
			1.81873350923483	-0.233377308707124
			1.82678100263852	-0.241424802110818
			1.83482849604222	-0.241424802110818
			1.84287598944591	-0.241424802110818
			1.8509234828496	-0.241424802110818
			1.8589709762533	-0.241424802110818
			1.86701846965699	-0.249472295514512
			1.87506596306069	-0.249472295514512
			1.88311345646438	-0.249472295514512
			1.89116094986807	-0.249472295514512
			1.89920844327177	-0.257519788918206
			1.90725593667546	-0.257519788918206
			1.91530343007916	-0.2655672823219
			1.92335092348285	-0.2655672823219
			1.93139841688654	-0.2655672823219
			1.93944591029024	-0.273614775725594
			1.94749340369393	-0.273614775725594
			1.95554089709763	-0.273614775725594
			1.96358839050132	-0.281662269129288
			1.97163588390501	-0.281662269129288
			1.97968337730871	-0.289709762532982
			1.9877308707124	-0.289709762532982
			1.9957783641161	-0.289709762532982
			2.00382585751979	-0.297757255936675
			2.01187335092348	-0.297757255936675
			2.01992084432718	-0.305804749340369
			2.02796833773087	-0.305804749340369
			2.03601583113456	-0.313852242744063
			2.04406332453826	-0.313852242744063
			2.05211081794195	-0.321899736147757
			2.06015831134565	-0.321899736147757
			2.06820580474934	-0.329947229551451
			2.07625329815303	-0.329947229551451
			2.08430079155673	-0.337994722955145
			2.09234828496042	-0.337994722955145
			2.10039577836412	-0.346042216358839
			2.10844327176781	-0.346042216358839
			2.1164907651715	-0.354089709762533
			2.1245382585752	-0.362137203166227
			2.13258575197889	-0.370184696569921
			2.14063324538259	-0.370184696569921
			2.14868073878628	-0.378232189973615
			2.15672823218997	-0.386279683377309
			2.16477572559367	-0.386279683377309
			2.17282321899736	-0.394327176781003
			2.18087071240106	-0.402374670184697
			2.18891820580475	-0.410422163588391
			2.19696569920844	-0.410422163588391
			2.20501319261214	-0.418469656992084
			2.20501319261214	-0.426517150395778
			2.21306068601583	-0.426517150395778
			2.22110817941953	-0.434564643799472
			2.22915567282322	-0.434564643799472
			2.22915567282322	-0.442612137203166
			2.23720316622691	-0.45065963060686
			2.24525065963061	-0.45065963060686
			2.24525065963061	-0.458707124010554
			2.2532981530343	-0.458707124010554
			2.26134564643799	-0.466754617414248
			2.26134564643799	-0.474802110817942
			2.26939313984169	-0.474802110817942
			2.27744063324538	-0.482849604221636
			2.27744063324538	-0.49089709762533
			2.28548812664908	-0.49089709762533
			2.28548812664908	-0.498944591029024
			2.29353562005277	-0.506992084432718
			2.30158311345646	-0.515039577836412
			2.30963060686016	-0.523087071240106
			2.31767810026385	-0.531134564643799
			2.32572559366755	-0.539182058047493
			2.33377308707124	-0.547229551451187
			2.33377308707124	-0.555277044854881
			2.34182058047493	-0.563324538258575
			2.34986807387863	-0.571372031662269
			2.34986807387863	-0.579419525065963
			2.35791556728232	-0.587467018469657
			2.36596306068602	-0.595514511873351
			2.36596306068602	-0.603562005277045
			2.37401055408971	-0.611609498680739
			2.3820580474934	-0.619656992084433
			2.3820580474934	-0.627704485488127
			2.3901055408971	-0.635751978891821
			2.39815303430079	-0.643799472295514
			2.39815303430079	-0.651846965699209
			2.40620052770449	-0.659894459102902
			2.40620052770449	-0.667941952506596
			2.41424802110818	-0.67598944591029
			2.42229551451187	-0.684036939313984
			2.42229551451187	-0.692084432717678
			2.43034300791557	-0.700131926121372
			2.43034300791557	-0.708179419525066
			2.43839050131926	-0.71622691292876
			2.44643799472296	-0.724274406332454
			2.44643799472296	-0.732321899736148
			2.45448548812665	-0.740369393139842
			2.45448548812665	-0.748416886543536
			2.45448548812665	-0.75646437994723
			2.46253298153034	-0.75646437994723
			2.46253298153034	-0.764511873350924
			2.46253298153034	-0.772559366754617
			2.47058047493404	-0.780606860158311
			2.47058047493404	-0.788654353562005
			2.47058047493404	-0.796701846965699
			2.47862796833773	-0.804749340369393
			2.47862796833773	-0.812796833773087
			2.47862796833773	-0.820844327176781
			2.47862796833773	-0.828891820580475
			2.48667546174143	-0.828891820580475
			2.48667546174143	-0.836939313984169
			2.48667546174143	-0.844986807387863
			2.48667546174143	-0.853034300791557
			2.48667546174143	-0.861081794195251
			2.49472295514512	-0.869129287598945
			2.49472295514512	-0.877176781002639
			2.49472295514512	-0.885224274406332
			2.49472295514512	-0.893271767810026
			2.49472295514512	-0.90131926121372
			2.49472295514512	-0.909366754617414
			2.49472295514512	-0.917414248021108
			2.49472295514512	-0.925461741424802
			2.49472295514512	-0.933509234828496
			2.50277044854881	-0.94155672823219
			2.50277044854881	-0.949604221635884
			2.50277044854881	-0.957651715039578
			2.50277044854881	-0.965699208443272
			2.50277044854881	-0.973746701846966
			2.50277044854881	-0.98179419525066
			2.50277044854881	-0.989841688654354
			2.50277044854881	-0.997889182058048
			2.50277044854881	-1.00593667546174
			2.50277044854881	-1.01398416886544
			2.50277044854881	-1.02203166226913
			2.50277044854881	-1.03007915567282
			2.50277044854881	-1.03812664907652
			2.50277044854881	-1.04617414248021
			2.50277044854881	-1.05422163588391
			2.50277044854881	-1.0622691292876
			2.50277044854881	-1.07031662269129
			2.50277044854881	-1.07836411609499
			2.50277044854881	-1.08641160949868
			2.50277044854881	-1.09445910290237
			2.50277044854881	-1.10250659630607
			2.49472295514512	-1.11055408970976
			2.49472295514512	-1.11860158311346
			2.49472295514512	-1.12664907651715
			2.49472295514512	-1.13469656992084
			2.49472295514512	-1.14274406332454
			2.49472295514512	-1.15079155672823
			2.49472295514512	-1.15883905013193
			2.49472295514512	-1.16688654353562
			2.49472295514512	-1.17493403693931
			2.49472295514512	-1.18298153034301
			2.48667546174143	-1.1910290237467
			2.48667546174143	-1.1990765171504
			2.48667546174143	-1.20712401055409
			2.48667546174143	-1.21517150395778
			2.48667546174143	-1.22321899736148
			2.48667546174143	-1.23126649076517
			2.48667546174143	-1.23931398416887
			2.48667546174143	-1.24736147757256
			2.48667546174143	-1.25540897097625
			2.47862796833773	-1.25540897097625
			2.47862796833773	-1.26345646437995
			2.47862796833773	-1.27150395778364
			2.47862796833773	-1.27955145118734
			2.47058047493404	-1.27955145118734
			2.47058047493404	-1.28759894459103
			2.46253298153034	-1.28759894459103
			2.46253298153034	-1.29564643799472
			2.45448548812665	-1.29564643799472
			2.45448548812665	-1.30369393139842
			2.44643799472296	-1.30369393139842
			2.43839050131926	-1.31174142480211
			2.43034300791557	-1.3197889182058
			2.42229551451187	-1.3278364116095
			2.41424802110818	-1.3278364116095
			2.40620052770449	-1.33588390501319
			2.39815303430079	-1.34393139841689
			2.3901055408971	-1.35197889182058
			2.3820580474934	-1.36002638522427
			2.37401055408971	-1.36807387862797
			2.36596306068602	-1.37612137203166
			2.35791556728232	-1.38416886543536
			2.34986807387863	-1.39221635883905
			2.34182058047493	-1.40026385224274
			2.33377308707124	-1.40831134564644
			2.32572559366755	-1.41635883905013
			2.31767810026385	-1.42440633245383
			2.31767810026385	-1.43245382585752
			2.30963060686016	-1.44050131926121
			2.30158311345646	-1.44854881266491
			2.29353562005277	-1.4565963060686
			2.29353562005277	-1.4646437994723
			2.28548812664908	-1.47269129287599
			2.28548812664908	-1.48073878627968
			2.27744063324538	-1.48073878627968
			2.27744063324538	-1.48878627968338
			2.26939313984169	-1.49683377308707
			2.26939313984169	-1.50488126649077
			2.26134564643799	-1.51292875989446
			2.2532981530343	-1.52097625329815
			2.2532981530343	-1.52902374670185
			2.24525065963061	-1.53707124010554
			2.24525065963061	-1.54511873350923
			2.23720316622691	-1.55316622691293
			2.23720316622691	-1.56121372031662
			2.22915567282322	-1.56926121372032
			2.22915567282322	-1.57730870712401
			2.22110817941953	-1.5853562005277
			2.22110817941953	-1.5934036939314
			2.21306068601583	-1.60145118733509
			2.21306068601583	-1.60949868073879
			2.20501319261214	-1.61754617414248
			2.20501319261214	-1.62559366754617
			2.20501319261214	-1.63364116094987
			2.19696569920844	-1.64168865435356
			2.19696569920844	-1.64973614775726
			2.19696569920844	-1.65778364116095
			2.18891820580475	-1.66583113456464
			2.18891820580475	-1.67387862796834
			2.18891820580475	-1.68192612137203
			2.18891820580475	-1.68997361477573
			2.18087071240106	-1.68997361477573
			2.18087071240106	-1.69802110817942
			2.18087071240106	-1.70606860158311
			2.18087071240106	-1.71411609498681
			2.18087071240106	-1.7221635883905
			2.17282321899736	-1.7302110817942
			2.17282321899736	-1.73825857519789
			2.17282321899736	-1.74630606860158
			2.17282321899736	-1.75435356200528
			2.16477572559367	-1.75435356200528
			2.16477572559367	-1.76240105540897
			2.15672823218997	-1.77044854881266
			2.15672823218997	-1.77849604221636
			2.14868073878628	-1.78654353562005
			2.14868073878628	-1.79459102902375
			2.14868073878628	-1.80263852242744
			2.14063324538259	-1.81068601583113
			2.14063324538259	-1.81873350923483
			2.14063324538259	-1.82678100263852
			2.14063324538259	-1.83482849604222
			2.14063324538259	-1.84287598944591
			2.14063324538259	-1.8509234828496
			2.14063324538259	-1.8589709762533
			2.14063324538259	-1.86701846965699
			2.14063324538259	-1.87506596306069
			2.14063324538259	-1.88311345646438
			2.14063324538259	-1.89116094986807
			2.14063324538259	-1.89920844327177
			2.14063324538259	-1.90725593667546
			2.14063324538259	-1.91530343007916
			2.14063324538259	-1.92335092348285
			2.14063324538259	-1.93139841688654
			2.14063324538259	-1.93944591029024
			2.14063324538259	-1.94749340369393
			2.14063324538259	-1.95554089709763
			2.14868073878628	-1.96358839050132
			2.14868073878628	-1.97163588390501
			2.14868073878628	-1.97968337730871
			2.15672823218997	-1.9877308707124
			2.15672823218997	-1.9957783641161
			2.15672823218997	-2.00382585751979
			2.15672823218997	-2.01187335092348
			2.15672823218997	-2.01992084432718
			2.15672823218997	-2.02796833773087
			2.15672823218997	-2.03601583113456
			2.14868073878628	-2.04406332453826
			2.14063324538259	-2.05211081794195
			2.14063324538259	-2.06015831134565
			2.13258575197889	-2.06820580474934
			2.1245382585752	-2.07625329815303
			2.1164907651715	-2.07625329815303
			2.10844327176781	-2.07625329815303
			2.10039577836412	-2.08430079155673
			2.09234828496042	-2.08430079155673
		</glabella>
		<suture type=matrix rownames=FALSE colnames=FALSE nrow=290 ncol=2 as.numeric=TRUE >
			1.60949868073879	-0.209234828496042
			1.61754617414248	-0.209234828496042
			1.62559366754617	-0.209234828496042
			1.63364116094987	-0.209234828496042
			1.64168865435356	-0.209234828496042
			1.64973614775726	-0.209234828496042
			1.65778364116095	-0.209234828496042
			1.66583113456464	-0.209234828496042
			1.67387862796834	-0.209234828496042
			1.68192612137203	-0.209234828496042
			1.68997361477573	-0.217282321899736
			1.69802110817942	-0.217282321899736
			1.70606860158311	-0.217282321899736
			1.71411609498681	-0.217282321899736
			1.7221635883905	-0.217282321899736
			1.7302110817942	-0.217282321899736
			1.73825857519789	-0.217282321899736
			1.74630606860158	-0.217282321899736
			1.75435356200528	-0.217282321899736
			1.76240105540897	-0.22532981530343
			1.77044854881266	-0.22532981530343
			1.77849604221636	-0.22532981530343
			1.78654353562005	-0.22532981530343
			1.79459102902375	-0.22532981530343
			1.80263852242744	-0.233377308707124
			1.81068601583113	-0.233377308707124
			1.81873350923483	-0.233377308707124
			1.82678100263852	-0.233377308707124
			1.83482849604222	-0.233377308707124
			1.84287598944591	-0.241424802110818
			1.8509234828496	-0.241424802110818
			1.8589709762533	-0.241424802110818
			1.86701846965699	-0.241424802110818
			1.87506596306069	-0.249472295514512
			1.88311345646438	-0.249472295514512
			1.89116094986807	-0.249472295514512
			1.89920844327177	-0.257519788918206
			1.90725593667546	-0.257519788918206
			1.91530343007916	-0.257519788918206
			1.92335092348285	-0.257519788918206
			1.93139841688654	-0.2655672823219
			1.93944591029024	-0.2655672823219
			1.94749340369393	-0.2655672823219
			1.95554089709763	-0.273614775725594
			1.96358839050132	-0.273614775725594
			1.97163588390501	-0.281662269129288
			1.97968337730871	-0.281662269129288
			1.9877308707124	-0.281662269129288
			1.9877308707124	-0.289709762532982
			1.9957783641161	-0.289709762532982
			2.00382585751979	-0.289709762532982
			2.01187335092348	-0.297757255936675
			2.01992084432718	-0.297757255936675
			2.02796833773087	-0.305804749340369
			2.03601583113456	-0.305804749340369
			2.04406332453826	-0.313852242744063
			2.05211081794195	-0.313852242744063
			2.06015831134565	-0.321899736147757
			2.06820580474934	-0.329947229551451
			2.07625329815303	-0.329947229551451
			2.08430079155673	-0.337994722955145
			2.09234828496042	-0.337994722955145
			2.10039577836412	-0.346042216358839
			2.10844327176781	-0.354089709762533
			2.1164907651715	-0.354089709762533
			2.1245382585752	-0.362137203166227
			2.13258575197889	-0.362137203166227
			2.14063324538259	-0.370184696569921
			2.14868073878628	-0.378232189973615
			2.15672823218997	-0.378232189973615
			2.16477572559367	-0.386279683377309
			2.17282321899736	-0.394327176781003
			2.18087071240106	-0.402374670184697
			2.18891820580475	-0.402374670184697
			2.19696569920844	-0.410422163588391
			2.20501319261214	-0.418469656992084
			2.20501319261214	-0.426517150395778
			2.21306068601583	-0.426517150395778
			2.22110817941953	-0.434564643799472
			2.22915567282322	-0.442612137203166
			2.23720316622691	-0.45065963060686
			2.24525065963061	-0.458707124010554
			2.2532981530343	-0.458707124010554
			2.2532981530343	-0.466754617414248
			2.26134564643799	-0.474802110817942
			2.26939313984169	-0.482849604221636
			2.27744063324538	-0.49089709762533
			2.28548812664908	-0.498944591029024
			2.28548812664908	-0.506992084432718
			2.29353562005277	-0.506992084432718
			2.30158311345646	-0.515039577836412
			2.30963060686016	-0.523087071240106
			2.31767810026385	-0.531134564643799
			2.31767810026385	-0.539182058047493
			2.32572559366755	-0.547229551451187
			2.33377308707124	-0.555277044854881
			2.34182058047493	-0.563324538258575
			2.34182058047493	-0.571372031662269
			2.34986807387863	-0.579419525065963
			2.35791556728232	-0.587467018469657
			2.35791556728232	-0.595514511873351
			2.36596306068602	-0.603562005277045
			2.37401055408971	-0.611609498680739
			2.3820580474934	-0.619656992084433
			2.3820580474934	-0.627704485488127
			2.3901055408971	-0.635751978891821
			2.3901055408971	-0.643799472295514
			2.39815303430079	-0.651846965699209
			2.40620052770449	-0.659894459102902
			2.40620052770449	-0.667941952506596
			2.41424802110818	-0.67598944591029
			2.41424802110818	-0.684036939313984
			2.41424802110818	-0.692084432717678
			2.42229551451187	-0.692084432717678
			2.42229551451187	-0.700131926121372
			2.43034300791557	-0.708179419525066
			2.43034300791557	-0.71622691292876
			2.43839050131926	-0.724274406332454
			2.43839050131926	-0.732321899736148
			2.44643799472296	-0.740369393139842
			2.44643799472296	-0.748416886543536
			2.45448548812665	-0.75646437994723
			2.45448548812665	-0.764511873350924
			2.46253298153034	-0.772559366754617
			2.46253298153034	-0.780606860158311
			2.47058047493404	-0.788654353562005
			2.47058047493404	-0.796701846965699
			2.47058047493404	-0.804749340369393
			2.47862796833773	-0.812796833773087
			2.47862796833773	-0.820844327176781
			2.47862796833773	-0.828891820580475
			2.48667546174143	-0.828891820580475
			2.48667546174143	-0.836939313984169
			2.48667546174143	-0.844986807387863
			2.48667546174143	-0.853034300791557
			2.48667546174143	-0.861081794195251
			2.48667546174143	-0.869129287598945
			2.49472295514512	-0.877176781002639
			2.49472295514512	-0.885224274406332
			2.49472295514512	-0.893271767810026
			2.49472295514512	-0.90131926121372
			2.50277044854881	-0.909366754617414
			2.50277044854881	-0.917414248021108
			2.50277044854881	-0.925461741424802
			2.51081794195251	-0.933509234828496
			2.51081794195251	-0.94155672823219
			2.51081794195251	-0.949604221635884
			2.51081794195251	-0.957651715039578
			2.5188654353562	-0.965699208443272
			2.5188654353562	-0.973746701846966
			2.52691292875989	-0.98179419525066
			2.52691292875989	-0.989841688654354
			2.53496042216359	-0.997889182058048
			2.53496042216359	-1.00593667546174
			2.54300791556728	-1.01398416886544
			2.54300791556728	-1.02203166226913
			2.55105540897098	-1.03007915567282
			2.55105540897098	-1.03812664907652
			2.55910290237467	-1.04617414248021
			2.55910290237467	-1.05422163588391
			2.56715039577836	-1.0622691292876
			2.56715039577836	-1.07031662269129
			2.57519788918206	-1.07031662269129
			2.58324538258575	-1.07836411609499
			2.58324538258575	-1.08641160949868
			2.59129287598945	-1.09445910290237
			2.59934036939314	-1.10250659630607
			2.59934036939314	-1.11055408970976
			2.60738786279683	-1.11860158311346
			2.61543535620053	-1.12664907651715
			2.62348284960422	-1.13469656992084
			2.62348284960422	-1.14274406332454
			2.63153034300792	-1.15079155672823
			2.63957783641161	-1.15883905013193
			2.6476253298153	-1.16688654353562
			2.655672823219	-1.17493403693931
			2.655672823219	-1.18298153034301
			2.66372031662269	-1.18298153034301
			2.67176781002639	-1.1910290237467
			2.67981530343008	-1.1990765171504
			2.68786279683377	-1.20712401055409
			2.69591029023747	-1.21517150395778
			2.70395778364116	-1.22321899736148
			2.71200527704486	-1.23126649076517
			2.72005277044855	-1.23931398416887
			2.72810026385224	-1.23931398416887
			2.73614775725594	-1.23931398416887
			2.74419525065963	-1.24736147757256
			2.75224274406332	-1.24736147757256
			2.76029023746702	-1.24736147757256
			2.76833773087071	-1.24736147757256
			2.77638522427441	-1.24736147757256
			2.77638522427441	-1.25540897097625
			2.7844327176781	-1.25540897097625
			2.79248021108179	-1.25540897097625
			2.80052770448549	-1.25540897097625
			2.80857519788918	-1.26345646437995
			2.81662269129288	-1.26345646437995
			2.82467018469657	-1.26345646437995
			2.83271767810026	-1.27150395778364
			2.84076517150396	-1.27150395778364
			2.84881266490765	-1.27955145118734
			2.85686015831135	-1.27955145118734
			2.86490765171504	-1.27955145118734
			2.86490765171504	-1.28759894459103
			2.87295514511873	-1.28759894459103
			2.88100263852243	-1.28759894459103
			2.88100263852243	-1.29564643799472
			2.88905013192612	-1.29564643799472
			2.88905013192612	-1.30369393139842
			2.89709762532982	-1.30369393139842
			2.90514511873351	-1.31174142480211
			2.9131926121372	-1.3197889182058
			2.9212401055409	-1.3278364116095
			2.9212401055409	-1.33588390501319
			2.92928759894459	-1.34393139841689
			2.92928759894459	-1.35197889182058
			2.93733509234829	-1.36002638522427
			2.93733509234829	-1.36807387862797
			2.93733509234829	-1.37612137203166
			2.93733509234829	-1.38416886543536
			2.93733509234829	-1.39221635883905
			2.94538258575198	-1.40026385224274
			2.94538258575198	-1.40831134564644
			2.94538258575198	-1.41635883905013
			2.94538258575198	-1.42440633245383
			2.93733509234829	-1.42440633245383
			2.93733509234829	-1.43245382585752
			2.93733509234829	-1.44050131926121
			2.93733509234829	-1.44854881266491
			2.93733509234829	-1.4565963060686
			2.93733509234829	-1.4646437994723
			2.93733509234829	-1.47269129287599
			2.92928759894459	-1.48073878627968
			2.92928759894459	-1.48878627968338
			2.92928759894459	-1.49683377308707
			2.92928759894459	-1.50488126649077
			2.9212401055409	-1.51292875989446
			2.9212401055409	-1.52097625329815
			2.9212401055409	-1.52902374670185
			2.9131926121372	-1.53707124010554
			2.9131926121372	-1.54511873350923
			2.9131926121372	-1.55316622691293
			2.90514511873351	-1.56121372031662
			2.90514511873351	-1.56926121372032
			2.90514511873351	-1.57730870712401
			2.89709762532982	-1.57730870712401
			2.89709762532982	-1.5853562005277
			2.89709762532982	-1.5934036939314
			2.89709762532982	-1.60145118733509
			2.89709762532982	-1.60949868073879
			2.89709762532982	-1.61754617414248
			2.89709762532982	-1.62559366754617
			2.89709762532982	-1.63364116094987
			2.89709762532982	-1.64168865435356
			2.89709762532982	-1.64973614775726
			2.89709762532982	-1.65778364116095
			2.89709762532982	-1.66583113456464
			2.90514511873351	-1.67387862796834
			2.90514511873351	-1.68192612137203
			2.90514511873351	-1.68997361477573
			2.9131926121372	-1.69802110817942
			2.9131926121372	-1.70606860158311
			2.9131926121372	-1.71411609498681
			2.9212401055409	-1.7221635883905
			2.9212401055409	-1.7302110817942
			2.9212401055409	-1.73825857519789
			2.92928759894459	-1.74630606860158
			2.92928759894459	-1.75435356200528
			2.93733509234829	-1.76240105540897
			2.94538258575198	-1.77044854881266
			2.94538258575198	-1.77849604221636
			2.95343007915567	-1.78654353562005
			2.95343007915567	-1.79459102902375
			2.96147757255937	-1.80263852242744
			2.96952506596306	-1.81068601583113
			2.97757255936675	-1.81068601583113
			2.97757255936675	-1.81873350923483
			2.98562005277045	-1.82678100263852
			2.99366754617414	-1.83482849604222
			3.00171503957784	-1.84287598944591
			3.00976253298153	-1.8509234828496
			3.01781002638522	-1.8589709762533
			3.02585751978892	-1.8589709762533
			3.03390501319261	-1.86701846965699
			3.04195250659631	-1.87506596306069
			3.05	-1.88311345646438
			3.05804749340369	-1.89116094986807
			3.06609498680739	-1.89116094986807
			3.07414248021108	-1.89920844327177
		</suture>
		<anterior type=matrix rownames=FALSE colnames=FALSE nrow=344 ncol=2 as.numeric=TRUE >
			1.60949868073879	-0.209234828496042
			1.61754617414248	-0.209234828496042
			1.62559366754617	-0.209234828496042
			1.63364116094987	-0.209234828496042
			1.64168865435356	-0.209234828496042
			1.64973614775726	-0.209234828496042
			1.65778364116095	-0.209234828496042
			1.66583113456464	-0.209234828496042
			1.67387862796834	-0.209234828496042
			1.68192612137203	-0.209234828496042
			1.68997361477573	-0.209234828496042
			1.69802110817942	-0.209234828496042
			1.70606860158311	-0.217282321899736
			1.71411609498681	-0.217282321899736
			1.7221635883905	-0.217282321899736
			1.7302110817942	-0.217282321899736
			1.73825857519789	-0.217282321899736
			1.74630606860158	-0.217282321899736
			1.75435356200528	-0.217282321899736
			1.76240105540897	-0.217282321899736
			1.77044854881266	-0.217282321899736
			1.77044854881266	-0.22532981530343
			1.77849604221636	-0.22532981530343
			1.78654353562005	-0.22532981530343
			1.79459102902375	-0.22532981530343
			1.80263852242744	-0.22532981530343
			1.81068601583113	-0.22532981530343
			1.81873350923483	-0.233377308707124
			1.82678100263852	-0.233377308707124
			1.83482849604222	-0.233377308707124
			1.84287598944591	-0.233377308707124
			1.8509234828496	-0.241424802110818
			1.8589709762533	-0.241424802110818
			1.86701846965699	-0.241424802110818
			1.87506596306069	-0.241424802110818
			1.88311345646438	-0.241424802110818
			1.88311345646438	-0.249472295514512
			1.89116094986807	-0.249472295514512
			1.89920844327177	-0.249472295514512
			1.90725593667546	-0.257519788918206
			1.91530343007916	-0.257519788918206
			1.92335092348285	-0.257519788918206
			1.93139841688654	-0.257519788918206
			1.93944591029024	-0.2655672823219
			1.94749340369393	-0.2655672823219
			1.95554089709763	-0.273614775725594
			1.96358839050132	-0.273614775725594
			1.97163588390501	-0.281662269129288
			1.97968337730871	-0.281662269129288
			1.9877308707124	-0.281662269129288
			1.9957783641161	-0.289709762532982
			2.00382585751979	-0.289709762532982
			2.01187335092348	-0.297757255936675
			2.01992084432718	-0.297757255936675
			2.02796833773087	-0.305804749340369
			2.03601583113456	-0.305804749340369
			2.04406332453826	-0.313852242744063
			2.05211081794195	-0.313852242744063
			2.06015831134565	-0.321899736147757
			2.06820580474934	-0.321899736147757
			2.07625329815303	-0.329947229551451
			2.08430079155673	-0.337994722955145
			2.09234828496042	-0.337994722955145
			2.10039577836412	-0.346042216358839
			2.10844327176781	-0.346042216358839
			2.1164907651715	-0.354089709762533
			2.1245382585752	-0.354089709762533
			2.13258575197889	-0.362137203166227
			2.13258575197889	-0.370184696569921
			2.14063324538259	-0.370184696569921
			2.14868073878628	-0.378232189973615
			2.15672823218997	-0.386279683377309
			2.16477572559367	-0.386279683377309
			2.17282321899736	-0.394327176781003
			2.18087071240106	-0.402374670184697
			2.18891820580475	-0.402374670184697
			2.19696569920844	-0.410422163588391
			2.19696569920844	-0.418469656992084
			2.20501319261214	-0.426517150395778
			2.21306068601583	-0.426517150395778
			2.22110817941953	-0.434564643799472
			2.22915567282322	-0.442612137203166
			2.23720316622691	-0.45065963060686
			2.24525065963061	-0.458707124010554
			2.2532981530343	-0.466754617414248
			2.26134564643799	-0.474802110817942
			2.26939313984169	-0.482849604221636
			2.27744063324538	-0.49089709762533
			2.28548812664908	-0.498944591029024
			2.29353562005277	-0.506992084432718
			2.30158311345646	-0.515039577836412
			2.30963060686016	-0.523087071240106
			2.31767810026385	-0.531134564643799
			2.31767810026385	-0.539182058047493
			2.32572559366755	-0.539182058047493
			2.32572559366755	-0.547229551451187
			2.33377308707124	-0.555277044854881
			2.34182058047493	-0.563324538258575
			2.34986807387863	-0.571372031662269
			2.34986807387863	-0.579419525065963
			2.35791556728232	-0.587467018469657
			2.36596306068602	-0.587467018469657
			2.36596306068602	-0.595514511873351
			2.37401055408971	-0.603562005277045
			2.37401055408971	-0.611609498680739
			2.3820580474934	-0.619656992084433
			2.3901055408971	-0.627704485488127
			2.3901055408971	-0.635751978891821
			2.39815303430079	-0.643799472295514
			2.39815303430079	-0.651846965699209
			2.40620052770449	-0.659894459102902
			2.41424802110818	-0.659894459102902
			2.41424802110818	-0.667941952506596
			2.42229551451187	-0.67598944591029
			2.42229551451187	-0.684036939313984
			2.43034300791557	-0.692084432717678
			2.43839050131926	-0.700131926121372
			2.43839050131926	-0.708179419525066
			2.44643799472296	-0.71622691292876
			2.44643799472296	-0.724274406332454
			2.45448548812665	-0.732321899736148
			2.46253298153034	-0.740369393139842
			2.46253298153034	-0.748416886543536
			2.46253298153034	-0.75646437994723
			2.46253298153034	-0.764511873350924
			2.47058047493404	-0.772559366754617
			2.47058047493404	-0.780606860158311
			2.47058047493404	-0.788654353562005
			2.47058047493404	-0.796701846965699
			2.47058047493404	-0.804749340369393
			2.47862796833773	-0.812796833773087
			2.47862796833773	-0.820844327176781
			2.47862796833773	-0.828891820580475
			2.47862796833773	-0.836939313984169
			2.48667546174143	-0.844986807387863
			2.48667546174143	-0.853034300791557
			2.48667546174143	-0.861081794195251
			2.48667546174143	-0.869129287598945
			2.49472295514512	-0.877176781002639
			2.49472295514512	-0.885224274406332
			2.49472295514512	-0.893271767810026
			2.50277044854881	-0.90131926121372
			2.50277044854881	-0.909366754617414
			2.50277044854881	-0.917414248021108
			2.51081794195251	-0.925461741424802
			2.51081794195251	-0.933509234828496
			2.51081794195251	-0.94155672823219
			2.5188654353562	-0.949604221635884
			2.5188654353562	-0.957651715039578
			2.52691292875989	-0.965699208443272
			2.52691292875989	-0.973746701846966
			2.52691292875989	-0.98179419525066
			2.53496042216359	-0.98179419525066
			2.53496042216359	-0.989841688654354
			2.54300791556728	-0.997889182058048
			2.54300791556728	-1.00593667546174
			2.54300791556728	-1.01398416886544
			2.55105540897098	-1.01398416886544
			2.55105540897098	-1.02203166226913
			2.55910290237467	-1.03007915567282
			2.55910290237467	-1.03812664907652
			2.56715039577836	-1.03812664907652
			2.56715039577836	-1.04617414248021
			2.56715039577836	-1.05422163588391
			2.57519788918206	-1.0622691292876
			2.58324538258575	-1.07031662269129
			2.59129287598945	-1.07836411609499
			2.59934036939314	-1.08641160949868
			2.60738786279683	-1.09445910290237
			2.60738786279683	-1.10250659630607
			2.61543535620053	-1.11055408970976
			2.62348284960422	-1.11860158311346
			2.63153034300792	-1.12664907651715
			2.63957783641161	-1.13469656992084
			2.6476253298153	-1.14274406332454
			2.655672823219	-1.14274406332454
			2.66372031662269	-1.15079155672823
			2.67176781002639	-1.15079155672823
			2.67981530343008	-1.15883905013193
			2.68786279683377	-1.16688654353562
			2.69591029023747	-1.17493403693931
			2.70395778364116	-1.17493403693931
			2.71200527704486	-1.17493403693931
			2.71200527704486	-1.18298153034301
			2.72005277044855	-1.18298153034301
			2.72810026385224	-1.18298153034301
			2.73614775725594	-1.1910290237467
			2.74419525065963	-1.1910290237467
			2.75224274406332	-1.1910290237467
			2.76029023746702	-1.1990765171504
			2.76833773087071	-1.1990765171504
			2.77638522427441	-1.1990765171504
			2.7844327176781	-1.1990765171504
			2.79248021108179	-1.1990765171504
			2.80052770448549	-1.1990765171504
			2.80857519788918	-1.1990765171504
			2.81662269129288	-1.1990765171504
			2.82467018469657	-1.1990765171504
			2.83271767810026	-1.1990765171504
			2.84076517150396	-1.1910290237467
			2.84881266490765	-1.1910290237467
			2.85686015831135	-1.18298153034301
			2.86490765171504	-1.17493403693931
			2.87295514511873	-1.17493403693931
			2.88100263852243	-1.17493403693931
			2.88100263852243	-1.16688654353562
			2.88905013192612	-1.16688654353562
			2.89709762532982	-1.15883905013193
			2.90514511873351	-1.15883905013193
			2.9131926121372	-1.15883905013193
			2.9212401055409	-1.15883905013193
			2.92928759894459	-1.15883905013193
			2.93733509234829	-1.15883905013193
			2.94538258575198	-1.15883905013193
			2.95343007915567	-1.15883905013193
			2.96147757255937	-1.15883905013193
			2.96952506596306	-1.15883905013193
			2.97757255936675	-1.15883905013193
			2.98562005277045	-1.15883905013193
			2.99366754617414	-1.15883905013193
			3.00171503957784	-1.15883905013193
			3.00976253298153	-1.15883905013193
			3.01781002638522	-1.16688654353562
			3.02585751978892	-1.16688654353562
			3.03390501319261	-1.16688654353562
			3.04195250659631	-1.16688654353562
			3.05	-1.17493403693931
			3.05804749340369	-1.17493403693931
			3.06609498680739	-1.18298153034301
			3.07414248021108	-1.1910290237467
			3.08218997361478	-1.1910290237467
			3.09023746701847	-1.1990765171504
			3.09828496042216	-1.20712401055409
			3.10633245382586	-1.20712401055409
			3.10633245382586	-1.21517150395778
			3.11437994722955	-1.22321899736148
			3.12242744063325	-1.23126649076517
			3.12242744063325	-1.23931398416887
			3.13047493403694	-1.24736147757256
			3.13047493403694	-1.25540897097625
			3.13852242744063	-1.26345646437995
			3.13852242744063	-1.27150395778364
			3.14656992084433	-1.27955145118734
			3.14656992084433	-1.28759894459103
			3.14656992084433	-1.29564643799472
			3.14656992084433	-1.30369393139842
			3.15461741424802	-1.31174142480211
			3.15461741424802	-1.3197889182058
			3.15461741424802	-1.3278364116095
			3.15461741424802	-1.33588390501319
			3.15461741424802	-1.34393139841689
			3.16266490765172	-1.35197889182058
			3.16266490765172	-1.36002638522427
			3.16266490765172	-1.36807387862797
			3.16266490765172	-1.37612137203166
			3.16266490765172	-1.38416886543536
			3.16266490765172	-1.39221635883905
			3.16266490765172	-1.40026385224274
			3.16266490765172	-1.40831134564644
			3.16266490765172	-1.41635883905013
			3.16266490765172	-1.42440633245383
			3.16266490765172	-1.43245382585752
			3.16266490765172	-1.44050131926121
			3.16266490765172	-1.44854881266491
			3.16266490765172	-1.4565963060686
			3.16266490765172	-1.4646437994723
			3.15461741424802	-1.47269129287599
			3.15461741424802	-1.48073878627968
			3.15461741424802	-1.48878627968338
			3.15461741424802	-1.49683377308707
			3.15461741424802	-1.50488126649077
			3.14656992084433	-1.50488126649077
			3.14656992084433	-1.51292875989446
			3.13852242744063	-1.51292875989446
			3.13047493403694	-1.51292875989446
			3.13047493403694	-1.52097625329815
			3.12242744063325	-1.52097625329815
			3.11437994722955	-1.52902374670185
			3.10633245382586	-1.53707124010554
			3.09828496042216	-1.53707124010554
			3.09023746701847	-1.54511873350923
			3.08218997361478	-1.55316622691293
			3.07414248021108	-1.56121372031662
			3.06609498680739	-1.56926121372032
			3.05804749340369	-1.56926121372032
			3.05	-1.57730870712401
			3.05	-1.5853562005277
			3.04195250659631	-1.5934036939314
			3.03390501319261	-1.60145118733509
			3.02585751978892	-1.60949868073879
			3.01781002638522	-1.60949868073879
			3.01781002638522	-1.61754617414248
			3.00976253298153	-1.62559366754617
			3.00171503957784	-1.63364116094987
			3.00171503957784	-1.64168865435356
			2.99366754617414	-1.64973614775726
			2.98562005277045	-1.65778364116095
			2.98562005277045	-1.66583113456464
			2.97757255936675	-1.67387862796834
			2.97757255936675	-1.68192612137203
			2.96952506596306	-1.68997361477573
			2.96147757255937	-1.69802110817942
			2.96147757255937	-1.70606860158311
			2.96147757255937	-1.71411609498681
			2.95343007915567	-1.7221635883905
			2.96147757255937	-1.7302110817942
			2.96952506596306	-1.73825857519789
			2.97757255936675	-1.74630606860158
			2.98562005277045	-1.75435356200528
			2.98562005277045	-1.76240105540897
			2.99366754617414	-1.77044854881266
			2.99366754617414	-1.77849604221636
			3.00171503957784	-1.78654353562005
			3.00171503957784	-1.79459102902375
			3.00976253298153	-1.79459102902375
			3.01781002638522	-1.80263852242744
			3.01781002638522	-1.81068601583113
			3.02585751978892	-1.81873350923483
			3.02585751978892	-1.82678100263852
			3.03390501319261	-1.83482849604222
			3.04195250659631	-1.84287598944591
			3.04195250659631	-1.8509234828496
			3.05	-1.8589709762533
			3.05804749340369	-1.86701846965699
			3.05804749340369	-1.87506596306069
			3.06609498680739	-1.88311345646438
			3.07414248021108	-1.89116094986807
			3.07414248021108	-1.89920844327177
			3.08218997361478	-1.90725593667546
			3.08218997361478	-1.91530343007916
			3.09023746701847	-1.92335092348285
			3.09023746701847	-1.93139841688654
			3.09828496042216	-1.93139841688654
			3.09828496042216	-1.93944591029024
			3.09828496042216	-1.94749340369393
			3.10633245382586	-1.95554089709763
			3.11437994722955	-1.96358839050132
			3.11437994722955	-1.97163588390501
			3.12242744063325	-1.97968337730871
			3.12242744063325	-1.9877308707124
			3.13047493403694	-1.9957783641161
			3.13047493403694	-2.00382585751979
			3.13852242744063	-2.00382585751979
			3.13852242744063	-2.01187335092348
		</anterior>
		<posterior type=matrix rownames=FALSE colnames=FALSE nrow=250 ncol=2 as.numeric=TRUE >
			1.60949868073879	-2.01187335092348
			1.61754617414248	-2.01187335092348
			1.62559366754617	-2.01187335092348
			1.63364116094987	-2.01187335092348
			1.64168865435356	-2.01187335092348
			1.64973614775726	-2.01992084432718
			1.65778364116095	-2.01992084432718
			1.66583113456464	-2.01992084432718
			1.67387862796834	-2.01992084432718
			1.68192612137203	-2.01992084432718
			1.68997361477573	-2.01992084432718
			1.69802110817942	-2.02796833773087
			1.70606860158311	-2.02796833773087
			1.71411609498681	-2.02796833773087
			1.7221635883905	-2.02796833773087
			1.7302110817942	-2.02796833773087
			1.73825857519789	-2.03601583113456
			1.74630606860158	-2.03601583113456
			1.75435356200528	-2.03601583113456
			1.76240105540897	-2.03601583113456
			1.77044854881266	-2.03601583113456
			1.77849604221636	-2.04406332453826
			1.78654353562005	-2.04406332453826
			1.79459102902375	-2.04406332453826
			1.80263852242744	-2.04406332453826
			1.81068601583113	-2.04406332453826
			1.81873350923483	-2.05211081794195
			1.82678100263852	-2.05211081794195
			1.83482849604222	-2.05211081794195
			1.84287598944591	-2.05211081794195
			1.8509234828496	-2.06015831134565
			1.8589709762533	-2.06015831134565
			1.86701846965699	-2.06015831134565
			1.87506596306069	-2.06015831134565
			1.88311345646438	-2.06820580474934
			1.89116094986807	-2.06820580474934
			1.89920844327177	-2.06820580474934
			1.90725593667546	-2.06820580474934
			1.90725593667546	-2.07625329815303
			1.91530343007916	-2.07625329815303
			1.92335092348285	-2.07625329815303
			1.93139841688654	-2.07625329815303
			1.93944591029024	-2.07625329815303
			1.94749340369393	-2.08430079155673
			1.95554089709763	-2.08430079155673
			1.96358839050132	-2.08430079155673
			1.97163588390501	-2.09234828496042
			1.97968337730871	-2.09234828496042
			1.9877308707124	-2.09234828496042
			1.9957783641161	-2.09234828496042
			2.00382585751979	-2.10039577836412
			2.01187335092348	-2.10039577836412
			2.01992084432718	-2.10039577836412
			2.02796833773087	-2.10039577836412
			2.02796833773087	-2.09234828496042
			2.03601583113456	-2.09234828496042
			2.04406332453826	-2.09234828496042
			2.05211081794195	-2.09234828496042
			2.06015831134565	-2.09234828496042
			2.06820580474934	-2.09234828496042
			2.07625329815303	-2.08430079155673
			2.08430079155673	-2.08430079155673
			2.09234828496042	-2.08430079155673
			2.10039577836412	-2.08430079155673
			2.10844327176781	-2.08430079155673
			2.1164907651715	-2.08430079155673
			2.1245382585752	-2.08430079155673
			2.13258575197889	-2.08430079155673
			2.14063324538259	-2.08430079155673
			2.14868073878628	-2.07625329815303
			2.15672823218997	-2.07625329815303
			2.16477572559367	-2.07625329815303
			2.17282321899736	-2.07625329815303
			2.18087071240106	-2.07625329815303
			2.18891820580475	-2.07625329815303
			2.19696569920844	-2.07625329815303
			2.20501319261214	-2.07625329815303
			2.21306068601583	-2.07625329815303
			2.22110817941953	-2.07625329815303
			2.22915567282322	-2.07625329815303
			2.23720316622691	-2.07625329815303
			2.24525065963061	-2.07625329815303
			2.2532981530343	-2.07625329815303
			2.26134564643799	-2.07625329815303
			2.26939313984169	-2.07625329815303
			2.27744063324538	-2.07625329815303
			2.28548812664908	-2.07625329815303
			2.29353562005277	-2.07625329815303
			2.30158311345646	-2.07625329815303
			2.30963060686016	-2.07625329815303
			2.31767810026385	-2.07625329815303
			2.32572559366755	-2.07625329815303
			2.33377308707124	-2.07625329815303
			2.34182058047493	-2.08430079155673
			2.34986807387863	-2.08430079155673
			2.35791556728232	-2.08430079155673
			2.36596306068602	-2.08430079155673
			2.37401055408971	-2.08430079155673
			2.3820580474934	-2.08430079155673
			2.3901055408971	-2.08430079155673
			2.39815303430079	-2.08430079155673
			2.40620052770449	-2.08430079155673
			2.41424802110818	-2.08430079155673
			2.42229551451187	-2.08430079155673
			2.43034300791557	-2.08430079155673
			2.43839050131926	-2.08430079155673
			2.44643799472296	-2.08430079155673
			2.45448548812665	-2.08430079155673
			2.46253298153034	-2.08430079155673
			2.47058047493404	-2.08430079155673
			2.47862796833773	-2.09234828496042
			2.48667546174143	-2.09234828496042
			2.49472295514512	-2.09234828496042
			2.50277044854881	-2.09234828496042
			2.51081794195251	-2.09234828496042
			2.5188654353562	-2.09234828496042
			2.52691292875989	-2.09234828496042
			2.53496042216359	-2.09234828496042
			2.54300791556728	-2.10039577836412
			2.55105540897098	-2.10844327176781
			2.55910290237467	-2.1164907651715
			2.56715039577836	-2.1164907651715
			2.57519788918206	-2.1164907651715
			2.58324538258575	-2.1245382585752
			2.59129287598945	-2.1245382585752
			2.59934036939314	-2.13258575197889
			2.60738786279683	-2.13258575197889
			2.61543535620053	-2.14063324538259
			2.62348284960422	-2.14868073878628
			2.63153034300792	-2.14868073878628
			2.63957783641161	-2.15672823218997
			2.6476253298153	-2.15672823218997
			2.655672823219	-2.16477572559367
			2.66372031662269	-2.16477572559367
			2.67176781002639	-2.17282321899736
			2.67981530343008	-2.17282321899736
			2.68786279683377	-2.18087071240106
			2.69591029023747	-2.18087071240106
			2.70395778364116	-2.18891820580475
			2.71200527704486	-2.18891820580475
			2.72005277044855	-2.19696569920844
			2.72810026385224	-2.19696569920844
			2.73614775725594	-2.20501319261214
			2.74419525065963	-2.20501319261214
			2.75224274406332	-2.20501319261214
			2.76029023746702	-2.21306068601583
			2.76833773087071	-2.21306068601583
			2.77638522427441	-2.22110817941953
			2.7844327176781	-2.22110817941953
			2.79248021108179	-2.22915567282322
			2.80052770448549	-2.22915567282322
			2.80857519788918	-2.22915567282322
			2.81662269129288	-2.23720316622691
			2.82467018469657	-2.23720316622691
			2.83271767810026	-2.23720316622691
			2.84076517150396	-2.24525065963061
			2.84881266490765	-2.24525065963061
			2.85686015831135	-2.2532981530343
			2.86490765171504	-2.2532981530343
			2.87295514511873	-2.2532981530343
			2.88100263852243	-2.26134564643799
			2.88905013192612	-2.26134564643799
			2.89709762532982	-2.26939313984169
			2.90514511873351	-2.26939313984169
			2.9131926121372	-2.26939313984169
			2.9212401055409	-2.26939313984169
			2.92928759894459	-2.27744063324538
			2.93733509234829	-2.27744063324538
			2.94538258575198	-2.27744063324538
			2.95343007915567	-2.28548812664908
			2.96147757255937	-2.28548812664908
			2.96952506596306	-2.28548812664908
			2.97757255936675	-2.29353562005277
			2.98562005277045	-2.29353562005277
			2.99366754617414	-2.29353562005277
			3.00171503957784	-2.29353562005277
			3.00976253298153	-2.30158311345646
			3.01781002638522	-2.30158311345646
			3.02585751978892	-2.30158311345646
			3.03390501319261	-2.30158311345646
			3.04195250659631	-2.30963060686016
			3.05	-2.30963060686016
			3.05804749340369	-2.30963060686016
			3.06609498680739	-2.30963060686016
			3.07414248021108	-2.30963060686016
			3.08218997361478	-2.31767810026385
			3.09023746701847	-2.31767810026385
			3.09828496042216	-2.31767810026385
			3.10633245382586	-2.31767810026385
			3.11437994722955	-2.31767810026385
			3.12242744063325	-2.31767810026385
			3.13047493403694	-2.32572559366755
			3.13852242744063	-2.32572559366755
			3.14656992084433	-2.32572559366755
			3.15461741424802	-2.32572559366755
			3.16266490765172	-2.32572559366755
			3.17071240105541	-2.32572559366755
			3.1787598944591	-2.32572559366755
			3.1868073878628	-2.32572559366755
			3.19485488126649	-2.32572559366755
			3.20290237467019	-2.32572559366755
			3.21094986807388	-2.32572559366755
			3.21899736147757	-2.32572559366755
			3.22704485488127	-2.32572559366755
			3.23509234828496	-2.32572559366755
			3.24313984168865	-2.32572559366755
			3.25118733509235	-2.32572559366755
			3.25923482849604	-2.31767810026385
			3.26728232189974	-2.31767810026385
			3.27532981530343	-2.30963060686016
			3.27532981530343	-2.30158311345646
			3.27532981530343	-2.29353562005277
			3.27532981530343	-2.28548812664908
			3.27532981530343	-2.27744063324538
			3.26728232189974	-2.26939313984169
			3.26728232189974	-2.26134564643799
			3.25923482849604	-2.2532981530343
			3.25118733509235	-2.24525065963061
			3.25118733509235	-2.23720316622691
			3.24313984168865	-2.22915567282322
			3.23509234828496	-2.22110817941953
			3.22704485488127	-2.21306068601583
			3.22704485488127	-2.20501319261214
			3.21899736147757	-2.20501319261214
			3.21899736147757	-2.19696569920844
			3.21899736147757	-2.18891820580475
			3.21094986807388	-2.18891820580475
			3.21094986807388	-2.18087071240106
			3.21094986807388	-2.17282321899736
			3.20290237467019	-2.16477572559367
			3.20290237467019	-2.15672823218997
			3.19485488126649	-2.14868073878628
			3.19485488126649	-2.14063324538259
			3.1868073878628	-2.13258575197889
			3.1868073878628	-2.1245382585752
			3.1787598944591	-2.1164907651715
			3.1787598944591	-2.10844327176781
			3.1787598944591	-2.10039577836412
			3.17071240105541	-2.09234828496042
			3.17071240105541	-2.08430079155673
			3.16266490765172	-2.07625329815303
			3.16266490765172	-2.06820580474934
			3.15461741424802	-2.06015831134565
			3.15461741424802	-2.05211081794195
			3.15461741424802	-2.04406332453826
			3.14656992084433	-2.04406332453826
			3.14656992084433	-2.03601583113456
			3.14656992084433	-2.02796833773087
			3.13852242744063	-2.01992084432718
			3.13852242744063	-2.01187335092348
		</posterior>
	</curves.scaled>
	<ruler.points type=matrix rownames=TRUE colnames=FALSE nrow=2 ncol=2 as.numeric=TRUE >
		Ruler point 1	11	160
		Ruler point 2	390	160
	</ruler.points>
</shapes>

