<shapes type=list>
	<ruler.pixel type=vector names=FALSE length=1 as.numeric=TRUE >503</ruler.pixel>
	<ruler.interval type=vector names=FALSE length=1 as.numeric=TRUE >4.1</ruler.interval>
	<scaling.units type=vector names=FALSE length=1 as.numeric=FALSE >cm</scaling.units>
	<scaling type=vector names=FALSE length=1 as.numeric=TRUE >0.00815109343936382</scaling>
	<landmarks.pixel type=matrix rownames=TRUE colnames=FALSE nrow=16 ncol=2 as.numeric=TRUE >
		LM1	280	22
		LM2	281	47
		LM3	279	183
		LM4	276	213
		LM5	376	85
		LM6	335	205
		LM7	333	227
		LM8	362	115
		LM9	368	205
		LM10	281	41
		LM11	458	205
		LM12	489	216
		LM13	280	22
		LM14	426	149
		LM15	488	213
		LM16	524	379
	</landmarks.pixel>
	<landmarks.scaled type=matrix rownames=TRUE colnames=FALSE nrow=16 ncol=2 as.numeric=TRUE >
		LM1	2.28230616302187	-0.179324055666004
		LM2	2.29045725646123	-0.383101391650099
		LM3	2.2741550695825	-1.49165009940358
		LM4	2.24970178926441	-1.73618290258449
		LM5	3.0648111332008	-0.692842942345924
		LM6	2.73061630218688	-1.67097415506958
		LM7	2.71431411530815	-1.85029821073559
		LM8	2.9506958250497	-0.937375745526839
		LM9	2.99960238568588	-1.67097415506958
		LM10	2.29045725646123	-0.334194831013916
		LM11	3.73320079522863	-1.67097415506958
		LM12	3.98588469184891	-1.76063618290258
		LM13	2.28230616302187	-0.179324055666004
		LM14	3.47236580516899	-1.21451292246521
		LM15	3.97773359840954	-1.73618290258449
		LM16	4.27117296222664	-3.08926441351889
	</landmarks.scaled>
	<curves.control type=list>
		<glabella type=matrix rownames=FALSE colnames=FALSE nrow=7 ncol=2 as.numeric=TRUE >
			281	47
			348	42
			374	83
			377	106
			355	110
			373	147
			333	227
		</glabella>
		<suture type=matrix rownames=FALSE colnames=FALSE nrow=13 ncol=2 as.numeric=TRUE >
			281	41
			366	42
			388	98
			342	113
			384	110
			402	116
			412	139
			420	167
			385	180
			336	184
			379	213
			469	186
			489	216
		</suture>
		<anterior type=matrix rownames=FALSE colnames=FALSE nrow=5 ncol=2 as.numeric=TRUE >
			280	22
			424	43
			474	190
			481	203
			488	213
		</anterior>
		<posterior type=matrix rownames=FALSE colnames=FALSE nrow=11 ncol=2 as.numeric=TRUE >
			276	213
			313	212
			332	228
			369	225
			409	228
			472	260
			510	355
			534	412
			522	326
			512	269
			488	213
		</posterior>
	</curves.control>
	<curves.pixel type=list>
		<glabella type=matrix rownames=FALSE colnames=FALSE nrow=254 ncol=2 as.numeric=TRUE >
			281	47
			282	47
			283	47
			284	47
			285	47
			286	47
			287	47
			288	47
			289	47
			290	47
			291	46
			292	46
			293	46
			294	46
			295	46
			296	46
			297	46
			298	46
			299	46
			300	47
			301	47
			302	47
			303	47
			304	47
			305	47
			306	47
			307	47
			308	47
			309	47
			310	47
			311	47
			312	47
			313	48
			314	48
			315	48
			316	48
			317	48
			318	48
			319	48
			320	49
			321	49
			322	49
			323	49
			324	49
			325	50
			326	50
			327	50
			328	50
			329	51
			330	51
			331	51
			332	51
			332	52
			333	52
			334	52
			335	53
			336	53
			337	53
			338	53
			338	54
			339	54
			340	54
			341	55
			342	55
			343	56
			344	56
			345	57
			346	57
			347	58
			348	58
			349	59
			350	60
			351	60
			352	61
			353	62
			354	62
			355	63
			356	64
			357	64
			358	65
			359	66
			360	67
			361	67
			362	68
			362	69
			363	70
			364	71
			365	71
			366	72
			367	73
			367	74
			368	75
			369	76
			370	77
			370	78
			371	79
			372	80
			372	81
			373	82
			374	83
			374	84
			374	85
			374	86
			374	87
			374	88
			374	89
			374	90
			374	91
			374	92
			374	93
			374	94
			374	95
			373	96
			373	97
			373	98
			372	98
			372	99
			372	100
			371	101
			370	102
			369	103
			368	104
			367	105
			366	106
			365	107
			364	107
			363	108
			362	108
			361	108
			360	109
			359	109
			358	109
			357	109
			357	110
			356	110
			355	110
			356	111
			356	112
			356	113
			357	114
			357	115
			358	116
			358	117
			358	118
			358	119
			359	120
			359	121
			359	122
			359	123
			360	124
			360	125
			360	126
			360	127
			360	128
			360	129
			360	130
			360	131
			360	132
			360	133
			361	133
			361	134
			361	135
			361	136
			361	137
			361	138
			361	139
			361	140
			361	141
			360	142
			360	143
			360	144
			360	145
			360	146
			360	147
			360	148
			360	149
			360	150
			360	151
			359	152
			359	153
			359	154
			359	155
			359	156
			359	157
			358	158
			358	159
			358	160
			358	161
			358	162
			357	163
			357	164
			357	165
			357	166
			356	167
			356	168
			356	169
			356	170
			355	171
			355	172
			355	173
			355	174
			354	175
			354	176
			354	177
			353	178
			353	179
			353	180
			352	181
			352	182
			352	183
			351	184
			351	185
			351	186
			350	187
			350	188
			350	189
			349	190
			349	191
			349	192
			348	193
			348	194
			347	195
			347	196
			347	197
			346	198
			346	199
			345	200
			345	201
			344	202
			344	203
			344	204
			343	205
			343	206
			342	207
			342	208
			342	209
			341	210
			340	211
			340	212
			340	213
			339	214
			339	215
			338	216
			338	217
			337	218
			337	219
			336	220
			336	221
			335	222
			335	223
			335	224
			334	225
			334	226
			333	227
		</glabella>
		<suture type=matrix rownames=FALSE colnames=FALSE nrow=425 ncol=2 as.numeric=TRUE >
			281	41
			282	41
			283	41
			284	41
			285	41
			286	41
			287	41
			288	41
			289	41
			290	41
			291	41
			292	41
			293	41
			294	41
			295	42
			296	42
			297	42
			298	42
			299	42
			300	42
			301	42
			302	42
			303	42
			304	42
			305	42
			305	43
			306	43
			307	43
			308	43
			309	43
			310	43
			311	43
			312	43
			313	44
			314	44
			315	44
			316	44
			317	44
			318	45
			319	45
			320	45
			321	45
			322	46
			323	46
			324	46
			325	46
			326	46
			327	47
			328	47
			329	47
			330	48
			331	48
			332	48
			333	48
			333	49
			334	49
			335	49
			336	50
			337	50
			338	50
			339	51
			340	51
			341	52
			342	52
			343	52
			344	53
			345	53
			346	54
			347	54
			348	55
			349	55
			350	56
			351	56
			352	57
			353	57
			354	58
			355	59
			356	59
			357	60
			358	61
			359	61
			360	62
			361	63
			362	63
			363	64
			364	65
			365	66
			366	66
			367	67
			368	68
			369	69
			369	70
			370	70
			371	71
			372	72
			373	73
			373	74
			374	75
			375	76
			376	77
			377	78
			378	79
			378	80
			379	80
			379	81
			380	82
			380	83
			381	83
			381	84
			381	85
			382	85
			382	86
			383	87
			383	88
			384	88
			384	89
			384	90
			385	91
			385	92
			386	92
			386	93
			386	94
			387	95
			387	96
			388	97
			387	98
			386	99
			385	99
			384	99
			383	100
			382	100
			381	100
			380	101
			379	101
			378	101
			377	102
			376	102
			375	103
			374	103
			373	103
			372	104
			371	104
			370	105
			369	105
			368	106
			367	106
			366	107
			365	107
			365	108
			364	108
			364	109
			365	110
			366	110
			367	110
			368	110
			369	110
			370	110
			371	110
			372	110
			373	110
			374	110
			375	110
			376	110
			377	110
			378	110
			379	110
			380	110
			381	110
			382	110
			383	110
			384	110
			385	110
			386	111
			387	111
			388	112
			389	112
			390	113
			391	113
			392	114
			393	114
			394	115
			395	116
			396	117
			397	118
			398	118
			399	119
			400	120
			401	121
			402	122
			403	123
			403	124
			404	125
			405	126
			405	127
			406	128
			407	129
			407	130
			408	131
			409	132
			409	133
			410	134
			410	135
			411	136
			411	137
			412	138
			412	139
			412	140
			413	141
			413	142
			413	143
			413	144
			413	145
			413	146
			413	147
			413	148
			413	149
			413	150
			413	151
			413	152
			413	153
			413	154
			413	155
			412	156
			412	157
			412	158
			411	159
			411	160
			411	161
			410	162
			410	163
			409	164
			408	165
			407	166
			406	167
			405	168
			404	169
			403	170
			402	171
			401	172
			400	173
			399	173
			398	174
			397	174
			396	175
			395	176
			394	176
			393	177
			392	177
			391	177
			391	178
			390	178
			389	178
			388	179
			387	179
			386	180
			385	180
			384	180
			383	180
			382	180
			381	180
			380	180
			380	181
			379	181
			378	181
			377	181
			376	181
			375	181
			374	181
			373	182
			372	182
			371	182
			370	182
			369	183
			368	183
			367	183
			366	184
			365	184
			364	185
			363	185
			362	186
			361	187
			360	188
			359	189
			359	190
			359	191
			359	192
			359	193
			359	194
			360	195
			360	196
			361	197
			361	198
			362	198
			362	199
			363	200
			364	200
			364	201
			365	202
			366	203
			367	204
			368	205
			369	205
			370	206
			371	207
			372	208
			373	209
			374	210
			375	210
			376	211
			377	211
			378	212
			378	213
			379	213
			380	213
			381	212
			382	212
			383	212
			384	211
			385	211
			386	211
			387	211
			388	210
			389	210
			390	210
			391	209
			392	209
			393	209
			394	209
			395	208
			396	208
			397	208
			398	208
			399	207
			400	207
			401	207
			402	207
			403	206
			404	206
			405	206
			406	206
			407	206
			408	205
			409	205
			410	205
			411	205
			412	204
			413	204
			414	204
			415	204
			416	204
			417	203
			418	203
			419	203
			420	203
			421	203
			422	203
			423	202
			424	202
			425	202
			426	202
			427	202
			428	202
			429	202
			430	201
			431	201
			432	201
			433	201
			434	201
			435	201
			436	201
			437	201
			438	201
			439	201
			440	201
			441	200
			442	200
			443	200
			444	200
			445	200
			446	200
			447	200
			448	200
			449	200
			450	200
			451	200
			452	200
			453	200
			454	200
			455	200
			456	200
			457	201
			458	201
			459	201
			460	201
			461	201
			462	201
			463	201
			464	201
			465	202
			466	202
			467	202
			468	202
			469	203
			470	203
			471	203
			472	203
			473	204
			474	204
			475	205
			476	205
			477	206
			478	206
			479	207
			480	207
			481	208
			482	209
			483	210
			484	210
			485	211
			486	212
			487	213
			487	214
			488	215
			489	215
			489	216
		</suture>
		<anterior type=matrix rownames=FALSE colnames=FALSE nrow=268 ncol=2 as.numeric=TRUE >
			280	22
			281	22
			282	22
			283	23
			284	23
			285	23
			286	23
			287	23
			288	23
			289	23
			290	24
			291	24
			292	24
			293	24
			294	24
			295	25
			296	25
			297	25
			298	25
			299	25
			300	26
			301	26
			302	26
			303	26
			304	26
			305	27
			306	27
			307	27
			308	28
			309	28
			310	28
			311	28
			312	29
			313	29
			314	29
			315	29
			316	30
			317	30
			318	30
			319	31
			320	31
			321	31
			322	31
			323	32
			324	32
			325	32
			326	33
			327	33
			328	33
			329	34
			330	34
			331	35
			332	35
			333	35
			334	35
			334	36
			335	36
			336	36
			337	37
			338	37
			339	37
			340	38
			341	38
			342	39
			343	39
			344	39
			345	40
			346	40
			347	41
			348	41
			349	42
			350	42
			351	43
			352	43
			353	43
			354	44
			355	45
			356	45
			357	45
			358	46
			359	46
			360	47
			361	48
			362	48
			363	49
			364	49
			365	50
			366	50
			367	51
			368	52
			369	52
			370	53
			371	53
			372	54
			373	54
			374	55
			375	55
			376	56
			377	57
			378	58
			379	58
			380	59
			381	60
			382	60
			383	61
			384	62
			385	63
			386	63
			387	64
			388	65
			389	66
			390	66
			391	67
			392	68
			393	69
			394	69
			395	70
			396	71
			397	72
			398	72
			399	73
			400	74
			401	75
			402	76
			403	76
			404	77
			405	78
			405	79
			406	80
			407	81
			408	81
			409	82
			410	83
			411	84
			412	85
			413	86
			413	87
			414	88
			415	89
			416	89
			417	90
			418	91
			419	92
			419	93
			420	94
			421	95
			422	96
			423	97
			424	98
			424	99
			425	100
			426	101
			427	102
			428	103
			428	104
			429	105
			430	106
			431	107
			432	108
			432	109
			433	110
			434	111
			435	112
			435	113
			436	114
			437	115
			438	116
			438	117
			439	118
			440	119
			441	120
			441	121
			441	122
			442	122
			442	123
			443	124
			444	125
			444	126
			445	127
			445	128
			446	129
			446	130
			447	131
			448	132
			448	133
			449	134
			450	135
			450	136
			451	137
			451	138
			452	139
			452	140
			453	141
			454	142
			454	143
			455	144
			455	145
			456	146
			456	147
			457	148
			457	149
			458	150
			458	151
			458	152
			459	152
			459	153
			459	154
			460	155
			460	156
			461	156
			461	157
			461	158
			462	159
			462	160
			463	161
			463	162
			464	163
			464	164
			464	165
			465	166
			465	167
			466	168
			466	169
			467	170
			467	171
			467	172
			468	173
			468	174
			469	175
			469	176
			469	177
			470	178
			470	179
			470	180
			471	181
			471	182
			472	183
			472	184
			472	185
			473	186
			473	187
			473	188
			474	189
			474	190
			474	191
			475	192
			475	193
			476	194
			477	195
			477	196
			478	197
			479	198
			479	199
			480	200
			480	201
			481	202
			482	203
			482	204
			483	205
			483	206
			484	207
			484	208
			485	209
			486	209
			486	210
			487	211
			487	212
			488	213
		</anterior>
		<posterior type=matrix rownames=FALSE colnames=FALSE nrow=478 ncol=2 as.numeric=TRUE >
			276	213
			277	213
			278	213
			279	213
			280	213
			281	213
			282	213
			283	213
			284	213
			285	213
			286	213
			287	213
			288	213
			289	213
			290	213
			291	213
			292	213
			293	214
			294	214
			295	214
			296	214
			297	214
			298	214
			299	214
			300	215
			301	215
			302	215
			303	215
			304	215
			305	215
			306	216
			307	216
			308	216
			309	216
			310	217
			311	217
			312	217
			313	218
			314	218
			315	218
			316	219
			317	219
			318	219
			319	220
			320	220
			321	221
			322	222
			323	222
			324	223
			325	223
			326	224
			327	224
			328	225
			329	226
			330	226
			331	227
			332	228
			333	228
			334	228
			335	228
			336	228
			337	228
			338	228
			339	227
			340	227
			341	227
			342	227
			343	227
			344	227
			345	227
			346	227
			347	227
			348	227
			349	227
			350	227
			351	227
			352	227
			353	227
			354	227
			355	227
			356	227
			357	227
			358	227
			359	227
			360	227
			361	227
			362	227
			363	227
			364	227
			365	227
			366	227
			367	227
			368	227
			369	227
			370	227
			371	227
			372	227
			373	227
			374	227
			375	227
			376	227
			377	227
			378	227
			379	227
			380	227
			381	227
			382	227
			383	227
			384	227
			385	227
			386	227
			387	227
			388	227
			389	227
			390	227
			391	227
			392	227
			393	227
			394	227
			395	227
			396	227
			397	227
			398	227
			399	227
			400	227
			401	227
			402	228
			403	228
			404	228
			405	228
			406	228
			407	228
			408	228
			409	228
			410	229
			411	229
			412	230
			413	230
			414	231
			415	231
			416	232
			417	232
			418	233
			419	233
			420	234
			421	235
			422	236
			423	236
			424	237
			425	237
			425	238
			426	238
			427	239
			428	239
			429	240
			430	241
			431	242
			432	242
			433	243
			433	244
			434	244
			435	245
			436	245
			436	246
			437	246
			438	247
			439	248
			440	249
			441	250
			442	250
			443	251
			444	252
			444	253
			445	254
			446	254
			447	255
			448	256
			449	257
			450	258
			451	259
			452	260
			453	261
			454	262
			455	263
			456	264
			457	265
			457	266
			458	266
			458	267
			459	268
			460	268
			460	269
			461	270
			462	271
			463	272
			464	273
			464	274
			465	275
			466	276
			466	277
			467	278
			468	278
			468	279
			469	280
			470	281
			470	282
			471	283
			472	284
			472	285
			473	285
			474	286
			474	287
			475	288
			476	289
			476	290
			477	291
			478	292
			478	293
			479	294
			479	295
			480	296
			481	297
			481	298
			482	299
			483	300
			483	301
			484	302
			484	303
			485	304
			486	305
			486	306
			487	307
			487	308
			488	309
			489	310
			489	311
			490	312
			490	313
			491	314
			492	315
			492	316
			493	317
			493	318
			493	319
			494	319
			494	320
			494	321
			495	321
			495	322
			495	323
			496	323
			496	324
			497	325
			497	326
			498	327
			498	328
			498	329
			499	329
			499	330
			500	331
			500	332
			500	333
			501	334
			502	335
			502	336
			502	337
			503	338
			503	339
			504	340
			504	341
			505	342
			505	343
			505	344
			506	345
			506	346
			507	347
			507	348
			508	349
			508	350
			508	351
			509	352
			509	353
			510	354
			510	355
			510	356
			511	357
			511	358
			512	359
			512	360
			513	361
			513	362
			514	363
			514	364
			514	365
			515	366
			516	367
			516	368
			516	369
			517	370
			517	371
			518	371
			518	372
			519	373
			519	374
			520	375
			521	376
			521	377
			522	377
			523	377
			523	378
			524	378
			524	377
			525	376
			525	375
			526	374
			526	373
			526	372
			526	371
			526	370
			526	369
			526	368
			526	367
			526	366
			526	365
			526	364
			526	363
			526	362
			526	361
			526	360
			526	359
			526	358
			526	357
			525	356
			525	355
			525	354
			525	353
			525	352
			525	351
			525	350
			525	349
			525	348
			525	347
			525	346
			524	345
			524	344
			524	343
			524	342
			524	341
			524	340
			524	339
			524	338
			523	337
			523	336
			523	335
			523	334
			523	333
			523	332
			523	331
			522	330
			522	329
			522	328
			522	327
			522	326
			522	325
			522	324
			521	323
			521	322
			521	321
			521	320
			521	319
			521	318
			520	317
			520	316
			520	315
			520	314
			520	313
			519	313
			519	312
			519	311
			519	310
			519	309
			518	308
			518	307
			518	306
			518	305
			518	304
			517	303
			517	302
			517	301
			517	300
			516	299
			516	298
			516	297
			516	296
			516	295
			515	294
			515	293
			515	292
			514	291
			514	290
			514	289
			514	288
			513	287
			513	286
			513	285
			513	284
			513	283
			512	282
			512	281
			512	280
			511	279
			511	278
			511	277
			510	276
			510	275
			510	274
			510	273
			509	272
			509	271
			509	270
			508	269
			508	268
			508	267
			508	266
			507	265
			507	264
			507	263
			506	262
			506	261
			506	260
			505	259
			505	258
			505	257
			504	256
			504	255
			504	254
			503	253
			503	252
			503	251
			502	250
			502	249
			502	248
			501	248
			501	247
			501	246
			501	245
			500	244
			500	243
			499	242
			499	241
			499	240
			498	239
			498	238
			498	237
			497	236
			497	235
			496	234
			496	233
			496	232
			495	231
			495	230
			494	229
			494	228
			494	227
			493	226
			493	225
			492	224
			492	223
			492	222
			491	221
			491	220
			490	219
			490	218
			490	217
			489	216
			489	215
			488	214
			488	213
		</posterior>
	</curves.pixel>
	<curves.scaled type=list>
		<glabella type=matrix rownames=FALSE colnames=FALSE nrow=254 ncol=2 as.numeric=TRUE >
			2.29045725646123	-0.383101391650099
			2.2986083499006	-0.383101391650099
			2.30675944333996	-0.383101391650099
			2.31491053677932	-0.383101391650099
			2.32306163021869	-0.383101391650099
			2.33121272365805	-0.383101391650099
			2.33936381709742	-0.383101391650099
			2.34751491053678	-0.383101391650099
			2.35566600397614	-0.383101391650099
			2.36381709741551	-0.383101391650099
			2.37196819085487	-0.374950298210736
			2.38011928429423	-0.374950298210736
			2.3882703777336	-0.374950298210736
			2.39642147117296	-0.374950298210736
			2.40457256461233	-0.374950298210736
			2.41272365805169	-0.374950298210736
			2.42087475149105	-0.374950298210736
			2.42902584493042	-0.374950298210736
			2.43717693836978	-0.374950298210736
			2.44532803180914	-0.383101391650099
			2.45347912524851	-0.383101391650099
			2.46163021868787	-0.383101391650099
			2.46978131212724	-0.383101391650099
			2.4779324055666	-0.383101391650099
			2.48608349900596	-0.383101391650099
			2.49423459244533	-0.383101391650099
			2.50238568588469	-0.383101391650099
			2.51053677932406	-0.383101391650099
			2.51868787276342	-0.383101391650099
			2.52683896620278	-0.383101391650099
			2.53499005964215	-0.383101391650099
			2.54314115308151	-0.383101391650099
			2.55129224652087	-0.391252485089463
			2.55944333996024	-0.391252485089463
			2.5675944333996	-0.391252485089463
			2.57574552683897	-0.391252485089463
			2.58389662027833	-0.391252485089463
			2.59204771371769	-0.391252485089463
			2.60019880715706	-0.391252485089463
			2.60834990059642	-0.399403578528827
			2.61650099403579	-0.399403578528827
			2.62465208747515	-0.399403578528827
			2.63280318091451	-0.399403578528827
			2.64095427435388	-0.399403578528827
			2.64910536779324	-0.407554671968191
			2.6572564612326	-0.407554671968191
			2.66540755467197	-0.407554671968191
			2.67355864811133	-0.407554671968191
			2.6817097415507	-0.415705765407555
			2.68986083499006	-0.415705765407555
			2.69801192842942	-0.415705765407555
			2.70616302186879	-0.415705765407555
			2.70616302186879	-0.423856858846918
			2.71431411530815	-0.423856858846918
			2.72246520874751	-0.423856858846918
			2.73061630218688	-0.432007952286282
			2.73876739562624	-0.432007952286282
			2.74691848906561	-0.432007952286282
			2.75506958250497	-0.432007952286282
			2.75506958250497	-0.440159045725646
			2.76322067594433	-0.440159045725646
			2.7713717693837	-0.440159045725646
			2.77952286282306	-0.44831013916501
			2.78767395626243	-0.44831013916501
			2.79582504970179	-0.456461232604374
			2.80397614314115	-0.456461232604374
			2.81212723658052	-0.464612326043738
			2.82027833001988	-0.464612326043738
			2.82842942345924	-0.472763419483101
			2.83658051689861	-0.472763419483101
			2.84473161033797	-0.480914512922465
			2.85288270377734	-0.489065606361829
			2.8610337972167	-0.489065606361829
			2.86918489065606	-0.497216699801193
			2.87733598409543	-0.505367793240557
			2.88548707753479	-0.505367793240557
			2.89363817097415	-0.51351888667992
			2.90178926441352	-0.521669980119284
			2.90994035785288	-0.521669980119284
			2.91809145129225	-0.529821073558648
			2.92624254473161	-0.537972166998012
			2.93439363817097	-0.546123260437376
			2.94254473161034	-0.546123260437376
			2.9506958250497	-0.55427435387674
			2.9506958250497	-0.562425447316103
			2.95884691848907	-0.570576540755467
			2.96699801192843	-0.578727634194831
			2.97514910536779	-0.578727634194831
			2.98330019880716	-0.586878727634195
			2.99145129224652	-0.595029821073559
			2.99145129224652	-0.603180914512922
			2.99960238568588	-0.611332007952286
			3.00775347912525	-0.61948310139165
			3.01590457256461	-0.627634194831014
			3.01590457256461	-0.635785288270378
			3.02405566600398	-0.643936381709741
			3.03220675944334	-0.652087475149105
			3.03220675944334	-0.660238568588469
			3.0403578528827	-0.668389662027833
			3.04850894632207	-0.676540755467197
			3.04850894632207	-0.684691848906561
			3.04850894632207	-0.692842942345924
			3.04850894632207	-0.700994035785288
			3.04850894632207	-0.709145129224652
			3.04850894632207	-0.717296222664016
			3.04850894632207	-0.72544731610338
			3.04850894632207	-0.733598409542743
			3.04850894632207	-0.741749502982107
			3.04850894632207	-0.749900596421471
			3.04850894632207	-0.758051689860835
			3.04850894632207	-0.766202783300199
			3.04850894632207	-0.774353876739563
			3.0403578528827	-0.782504970178926
			3.0403578528827	-0.79065606361829
			3.0403578528827	-0.798807157057654
			3.03220675944334	-0.798807157057654
			3.03220675944334	-0.806958250497018
			3.03220675944334	-0.815109343936382
			3.02405566600398	-0.823260437375745
			3.01590457256461	-0.831411530815109
			3.00775347912525	-0.839562624254473
			2.99960238568588	-0.847713717693837
			2.99145129224652	-0.855864811133201
			2.98330019880716	-0.864015904572564
			2.97514910536779	-0.872166998011928
			2.96699801192843	-0.872166998011928
			2.95884691848907	-0.880318091451292
			2.9506958250497	-0.880318091451292
			2.94254473161034	-0.880318091451292
			2.93439363817097	-0.888469184890656
			2.92624254473161	-0.888469184890656
			2.91809145129225	-0.888469184890656
			2.90994035785288	-0.888469184890656
			2.90994035785288	-0.89662027833002
			2.90178926441352	-0.89662027833002
			2.89363817097415	-0.89662027833002
			2.90178926441352	-0.904771371769384
			2.90178926441352	-0.912922465208747
			2.90178926441352	-0.921073558648111
			2.90994035785288	-0.929224652087475
			2.90994035785288	-0.937375745526839
			2.91809145129225	-0.945526838966203
			2.91809145129225	-0.953677932405567
			2.91809145129225	-0.96182902584493
			2.91809145129225	-0.969980119284294
			2.92624254473161	-0.978131212723658
			2.92624254473161	-0.986282306163022
			2.92624254473161	-0.994433399602386
			2.92624254473161	-1.00258449304175
			2.93439363817097	-1.01073558648111
			2.93439363817097	-1.01888667992048
			2.93439363817097	-1.02703777335984
			2.93439363817097	-1.0351888667992
			2.93439363817097	-1.04333996023857
			2.93439363817097	-1.05149105367793
			2.93439363817097	-1.0596421471173
			2.93439363817097	-1.06779324055666
			2.93439363817097	-1.07594433399602
			2.93439363817097	-1.08409542743539
			2.94254473161034	-1.08409542743539
			2.94254473161034	-1.09224652087475
			2.94254473161034	-1.10039761431412
			2.94254473161034	-1.10854870775348
			2.94254473161034	-1.11669980119284
			2.94254473161034	-1.12485089463221
			2.94254473161034	-1.13300198807157
			2.94254473161034	-1.14115308151093
			2.94254473161034	-1.1493041749503
			2.93439363817097	-1.15745526838966
			2.93439363817097	-1.16560636182903
			2.93439363817097	-1.17375745526839
			2.93439363817097	-1.18190854870775
			2.93439363817097	-1.19005964214712
			2.93439363817097	-1.19821073558648
			2.93439363817097	-1.20636182902584
			2.93439363817097	-1.21451292246521
			2.93439363817097	-1.22266401590457
			2.93439363817097	-1.23081510934394
			2.92624254473161	-1.2389662027833
			2.92624254473161	-1.24711729622266
			2.92624254473161	-1.25526838966203
			2.92624254473161	-1.26341948310139
			2.92624254473161	-1.27157057654076
			2.92624254473161	-1.27972166998012
			2.91809145129225	-1.28787276341948
			2.91809145129225	-1.29602385685885
			2.91809145129225	-1.30417495029821
			2.91809145129225	-1.31232604373757
			2.91809145129225	-1.32047713717694
			2.90994035785288	-1.3286282306163
			2.90994035785288	-1.33677932405567
			2.90994035785288	-1.34493041749503
			2.90994035785288	-1.35308151093439
			2.90178926441352	-1.36123260437376
			2.90178926441352	-1.36938369781312
			2.90178926441352	-1.37753479125248
			2.90178926441352	-1.38568588469185
			2.89363817097415	-1.39383697813121
			2.89363817097415	-1.40198807157058
			2.89363817097415	-1.41013916500994
			2.89363817097415	-1.4182902584493
			2.88548707753479	-1.42644135188867
			2.88548707753479	-1.43459244532803
			2.88548707753479	-1.4427435387674
			2.87733598409543	-1.45089463220676
			2.87733598409543	-1.45904572564612
			2.87733598409543	-1.46719681908549
			2.86918489065606	-1.47534791252485
			2.86918489065606	-1.48349900596421
			2.86918489065606	-1.49165009940358
			2.8610337972167	-1.49980119284294
			2.8610337972167	-1.50795228628231
			2.8610337972167	-1.51610337972167
			2.85288270377734	-1.52425447316103
			2.85288270377734	-1.5324055666004
			2.85288270377734	-1.54055666003976
			2.84473161033797	-1.54870775347913
			2.84473161033797	-1.55685884691849
			2.84473161033797	-1.56500994035785
			2.83658051689861	-1.57316103379722
			2.83658051689861	-1.58131212723658
			2.82842942345924	-1.58946322067594
			2.82842942345924	-1.59761431411531
			2.82842942345924	-1.60576540755467
			2.82027833001988	-1.61391650099404
			2.82027833001988	-1.6220675944334
			2.81212723658052	-1.63021868787276
			2.81212723658052	-1.63836978131213
			2.80397614314115	-1.64652087475149
			2.80397614314115	-1.65467196819085
			2.80397614314115	-1.66282306163022
			2.79582504970179	-1.67097415506958
			2.79582504970179	-1.67912524850895
			2.78767395626243	-1.68727634194831
			2.78767395626243	-1.69542743538767
			2.78767395626243	-1.70357852882704
			2.77952286282306	-1.7117296222664
			2.7713717693837	-1.71988071570577
			2.7713717693837	-1.72803180914513
			2.7713717693837	-1.73618290258449
			2.76322067594433	-1.74433399602386
			2.76322067594433	-1.75248508946322
			2.75506958250497	-1.76063618290258
			2.75506958250497	-1.76878727634195
			2.74691848906561	-1.77693836978131
			2.74691848906561	-1.78508946322068
			2.73876739562624	-1.79324055666004
			2.73876739562624	-1.8013916500994
			2.73061630218688	-1.80954274353877
			2.73061630218688	-1.81769383697813
			2.73061630218688	-1.82584493041749
			2.72246520874751	-1.83399602385686
			2.72246520874751	-1.84214711729622
			2.71431411530815	-1.85029821073559
		</glabella>
		<suture type=matrix rownames=FALSE colnames=FALSE nrow=425 ncol=2 as.numeric=TRUE >
			2.29045725646123	-0.334194831013916
			2.2986083499006	-0.334194831013916
			2.30675944333996	-0.334194831013916
			2.31491053677932	-0.334194831013916
			2.32306163021869	-0.334194831013916
			2.33121272365805	-0.334194831013916
			2.33936381709742	-0.334194831013916
			2.34751491053678	-0.334194831013916
			2.35566600397614	-0.334194831013916
			2.36381709741551	-0.334194831013916
			2.37196819085487	-0.334194831013916
			2.38011928429423	-0.334194831013916
			2.3882703777336	-0.334194831013916
			2.39642147117296	-0.334194831013916
			2.40457256461233	-0.34234592445328
			2.41272365805169	-0.34234592445328
			2.42087475149105	-0.34234592445328
			2.42902584493042	-0.34234592445328
			2.43717693836978	-0.34234592445328
			2.44532803180914	-0.34234592445328
			2.45347912524851	-0.34234592445328
			2.46163021868787	-0.34234592445328
			2.46978131212724	-0.34234592445328
			2.4779324055666	-0.34234592445328
			2.48608349900596	-0.34234592445328
			2.48608349900596	-0.350497017892644
			2.49423459244533	-0.350497017892644
			2.50238568588469	-0.350497017892644
			2.51053677932406	-0.350497017892644
			2.51868787276342	-0.350497017892644
			2.52683896620278	-0.350497017892644
			2.53499005964215	-0.350497017892644
			2.54314115308151	-0.350497017892644
			2.55129224652087	-0.358648111332008
			2.55944333996024	-0.358648111332008
			2.5675944333996	-0.358648111332008
			2.57574552683897	-0.358648111332008
			2.58389662027833	-0.358648111332008
			2.59204771371769	-0.366799204771372
			2.60019880715706	-0.366799204771372
			2.60834990059642	-0.366799204771372
			2.61650099403579	-0.366799204771372
			2.62465208747515	-0.374950298210736
			2.63280318091451	-0.374950298210736
			2.64095427435388	-0.374950298210736
			2.64910536779324	-0.374950298210736
			2.6572564612326	-0.374950298210736
			2.66540755467197	-0.383101391650099
			2.67355864811133	-0.383101391650099
			2.6817097415507	-0.383101391650099
			2.68986083499006	-0.391252485089463
			2.69801192842942	-0.391252485089463
			2.70616302186879	-0.391252485089463
			2.71431411530815	-0.391252485089463
			2.71431411530815	-0.399403578528827
			2.72246520874751	-0.399403578528827
			2.73061630218688	-0.399403578528827
			2.73876739562624	-0.407554671968191
			2.74691848906561	-0.407554671968191
			2.75506958250497	-0.407554671968191
			2.76322067594433	-0.415705765407555
			2.7713717693837	-0.415705765407555
			2.77952286282306	-0.423856858846918
			2.78767395626243	-0.423856858846918
			2.79582504970179	-0.423856858846918
			2.80397614314115	-0.432007952286282
			2.81212723658052	-0.432007952286282
			2.82027833001988	-0.440159045725646
			2.82842942345924	-0.440159045725646
			2.83658051689861	-0.44831013916501
			2.84473161033797	-0.44831013916501
			2.85288270377734	-0.456461232604374
			2.8610337972167	-0.456461232604374
			2.86918489065606	-0.464612326043738
			2.87733598409543	-0.464612326043738
			2.88548707753479	-0.472763419483101
			2.89363817097415	-0.480914512922465
			2.90178926441352	-0.480914512922465
			2.90994035785288	-0.489065606361829
			2.91809145129225	-0.497216699801193
			2.92624254473161	-0.497216699801193
			2.93439363817097	-0.505367793240557
			2.94254473161034	-0.51351888667992
			2.9506958250497	-0.51351888667992
			2.95884691848907	-0.521669980119284
			2.96699801192843	-0.529821073558648
			2.97514910536779	-0.537972166998012
			2.98330019880716	-0.537972166998012
			2.99145129224652	-0.546123260437376
			2.99960238568588	-0.55427435387674
			3.00775347912525	-0.562425447316103
			3.00775347912525	-0.570576540755467
			3.01590457256461	-0.570576540755467
			3.02405566600398	-0.578727634194831
			3.03220675944334	-0.586878727634195
			3.0403578528827	-0.595029821073559
			3.0403578528827	-0.603180914512922
			3.04850894632207	-0.611332007952286
			3.05666003976143	-0.61948310139165
			3.0648111332008	-0.627634194831014
			3.07296222664016	-0.635785288270378
			3.08111332007952	-0.643936381709741
			3.08111332007952	-0.652087475149105
			3.08926441351889	-0.652087475149105
			3.08926441351889	-0.660238568588469
			3.09741550695825	-0.668389662027833
			3.09741550695825	-0.676540755467197
			3.10556660039761	-0.676540755467197
			3.10556660039761	-0.684691848906561
			3.10556660039761	-0.692842942345924
			3.11371769383698	-0.692842942345924
			3.11371769383698	-0.700994035785288
			3.12186878727634	-0.709145129224652
			3.12186878727634	-0.717296222664016
			3.13001988071571	-0.717296222664016
			3.13001988071571	-0.72544731610338
			3.13001988071571	-0.733598409542743
			3.13817097415507	-0.741749502982107
			3.13817097415507	-0.749900596421471
			3.14632206759443	-0.749900596421471
			3.14632206759443	-0.758051689860835
			3.14632206759443	-0.766202783300199
			3.1544731610338	-0.774353876739563
			3.1544731610338	-0.782504970178926
			3.16262425447316	-0.79065606361829
			3.1544731610338	-0.798807157057654
			3.14632206759443	-0.806958250497018
			3.13817097415507	-0.806958250497018
			3.13001988071571	-0.806958250497018
			3.12186878727634	-0.815109343936382
			3.11371769383698	-0.815109343936382
			3.10556660039761	-0.815109343936382
			3.09741550695825	-0.823260437375745
			3.08926441351889	-0.823260437375745
			3.08111332007952	-0.823260437375745
			3.07296222664016	-0.831411530815109
			3.0648111332008	-0.831411530815109
			3.05666003976143	-0.839562624254473
			3.04850894632207	-0.839562624254473
			3.0403578528827	-0.839562624254473
			3.03220675944334	-0.847713717693837
			3.02405566600398	-0.847713717693837
			3.01590457256461	-0.855864811133201
			3.00775347912525	-0.855864811133201
			2.99960238568588	-0.864015904572564
			2.99145129224652	-0.864015904572564
			2.98330019880716	-0.872166998011928
			2.97514910536779	-0.872166998011928
			2.97514910536779	-0.880318091451292
			2.96699801192843	-0.880318091451292
			2.96699801192843	-0.888469184890656
			2.97514910536779	-0.89662027833002
			2.98330019880716	-0.89662027833002
			2.99145129224652	-0.89662027833002
			2.99960238568588	-0.89662027833002
			3.00775347912525	-0.89662027833002
			3.01590457256461	-0.89662027833002
			3.02405566600398	-0.89662027833002
			3.03220675944334	-0.89662027833002
			3.0403578528827	-0.89662027833002
			3.04850894632207	-0.89662027833002
			3.05666003976143	-0.89662027833002
			3.0648111332008	-0.89662027833002
			3.07296222664016	-0.89662027833002
			3.08111332007952	-0.89662027833002
			3.08926441351889	-0.89662027833002
			3.09741550695825	-0.89662027833002
			3.10556660039761	-0.89662027833002
			3.11371769383698	-0.89662027833002
			3.12186878727634	-0.89662027833002
			3.13001988071571	-0.89662027833002
			3.13817097415507	-0.89662027833002
			3.14632206759443	-0.904771371769384
			3.1544731610338	-0.904771371769384
			3.16262425447316	-0.912922465208747
			3.17077534791252	-0.912922465208747
			3.17892644135189	-0.921073558648111
			3.18707753479125	-0.921073558648111
			3.19522862823062	-0.929224652087475
			3.20337972166998	-0.929224652087475
			3.21153081510934	-0.937375745526839
			3.21968190854871	-0.945526838966203
			3.22783300198807	-0.953677932405567
			3.23598409542744	-0.96182902584493
			3.2441351888668	-0.96182902584493
			3.25228628230616	-0.969980119284294
			3.26043737574553	-0.978131212723658
			3.26858846918489	-0.986282306163022
			3.27673956262425	-0.994433399602386
			3.28489065606362	-1.00258449304175
			3.28489065606362	-1.01073558648111
			3.29304174950298	-1.01888667992048
			3.30119284294235	-1.02703777335984
			3.30119284294235	-1.0351888667992
			3.30934393638171	-1.04333996023857
			3.31749502982107	-1.05149105367793
			3.31749502982107	-1.0596421471173
			3.32564612326044	-1.06779324055666
			3.3337972166998	-1.07594433399602
			3.3337972166998	-1.08409542743539
			3.34194831013916	-1.09224652087475
			3.34194831013916	-1.10039761431412
			3.35009940357853	-1.10854870775348
			3.35009940357853	-1.11669980119284
			3.35825049701789	-1.12485089463221
			3.35825049701789	-1.13300198807157
			3.35825049701789	-1.14115308151093
			3.36640159045726	-1.1493041749503
			3.36640159045726	-1.15745526838966
			3.36640159045726	-1.16560636182903
			3.36640159045726	-1.17375745526839
			3.36640159045726	-1.18190854870775
			3.36640159045726	-1.19005964214712
			3.36640159045726	-1.19821073558648
			3.36640159045726	-1.20636182902584
			3.36640159045726	-1.21451292246521
			3.36640159045726	-1.22266401590457
			3.36640159045726	-1.23081510934394
			3.36640159045726	-1.2389662027833
			3.36640159045726	-1.24711729622266
			3.36640159045726	-1.25526838966203
			3.36640159045726	-1.26341948310139
			3.35825049701789	-1.27157057654076
			3.35825049701789	-1.27972166998012
			3.35825049701789	-1.28787276341948
			3.35009940357853	-1.29602385685885
			3.35009940357853	-1.30417495029821
			3.35009940357853	-1.31232604373757
			3.34194831013916	-1.32047713717694
			3.34194831013916	-1.3286282306163
			3.3337972166998	-1.33677932405567
			3.32564612326044	-1.34493041749503
			3.31749502982107	-1.35308151093439
			3.30934393638171	-1.36123260437376
			3.30119284294235	-1.36938369781312
			3.29304174950298	-1.37753479125248
			3.28489065606362	-1.38568588469185
			3.27673956262425	-1.39383697813121
			3.26858846918489	-1.40198807157058
			3.26043737574553	-1.41013916500994
			3.25228628230616	-1.41013916500994
			3.2441351888668	-1.4182902584493
			3.23598409542744	-1.4182902584493
			3.22783300198807	-1.42644135188867
			3.21968190854871	-1.43459244532803
			3.21153081510934	-1.43459244532803
			3.20337972166998	-1.4427435387674
			3.19522862823062	-1.4427435387674
			3.18707753479125	-1.4427435387674
			3.18707753479125	-1.45089463220676
			3.17892644135189	-1.45089463220676
			3.17077534791252	-1.45089463220676
			3.16262425447316	-1.45904572564612
			3.1544731610338	-1.45904572564612
			3.14632206759443	-1.46719681908549
			3.13817097415507	-1.46719681908549
			3.13001988071571	-1.46719681908549
			3.12186878727634	-1.46719681908549
			3.11371769383698	-1.46719681908549
			3.10556660039761	-1.46719681908549
			3.09741550695825	-1.46719681908549
			3.09741550695825	-1.47534791252485
			3.08926441351889	-1.47534791252485
			3.08111332007952	-1.47534791252485
			3.07296222664016	-1.47534791252485
			3.0648111332008	-1.47534791252485
			3.05666003976143	-1.47534791252485
			3.04850894632207	-1.47534791252485
			3.0403578528827	-1.48349900596421
			3.03220675944334	-1.48349900596421
			3.02405566600398	-1.48349900596421
			3.01590457256461	-1.48349900596421
			3.00775347912525	-1.49165009940358
			2.99960238568588	-1.49165009940358
			2.99145129224652	-1.49165009940358
			2.98330019880716	-1.49980119284294
			2.97514910536779	-1.49980119284294
			2.96699801192843	-1.50795228628231
			2.95884691848907	-1.50795228628231
			2.9506958250497	-1.51610337972167
			2.94254473161034	-1.52425447316103
			2.93439363817097	-1.5324055666004
			2.92624254473161	-1.54055666003976
			2.92624254473161	-1.54870775347913
			2.92624254473161	-1.55685884691849
			2.92624254473161	-1.56500994035785
			2.92624254473161	-1.57316103379722
			2.92624254473161	-1.58131212723658
			2.93439363817097	-1.58946322067594
			2.93439363817097	-1.59761431411531
			2.94254473161034	-1.60576540755467
			2.94254473161034	-1.61391650099404
			2.9506958250497	-1.61391650099404
			2.9506958250497	-1.6220675944334
			2.95884691848907	-1.63021868787276
			2.96699801192843	-1.63021868787276
			2.96699801192843	-1.63836978131213
			2.97514910536779	-1.64652087475149
			2.98330019880716	-1.65467196819085
			2.99145129224652	-1.66282306163022
			2.99960238568588	-1.67097415506958
			3.00775347912525	-1.67097415506958
			3.01590457256461	-1.67912524850895
			3.02405566600398	-1.68727634194831
			3.03220675944334	-1.69542743538767
			3.0403578528827	-1.70357852882704
			3.04850894632207	-1.7117296222664
			3.05666003976143	-1.7117296222664
			3.0648111332008	-1.71988071570577
			3.07296222664016	-1.71988071570577
			3.08111332007952	-1.72803180914513
			3.08111332007952	-1.73618290258449
			3.08926441351889	-1.73618290258449
			3.09741550695825	-1.73618290258449
			3.10556660039761	-1.72803180914513
			3.11371769383698	-1.72803180914513
			3.12186878727634	-1.72803180914513
			3.13001988071571	-1.71988071570577
			3.13817097415507	-1.71988071570577
			3.14632206759443	-1.71988071570577
			3.1544731610338	-1.71988071570577
			3.16262425447316	-1.7117296222664
			3.17077534791252	-1.7117296222664
			3.17892644135189	-1.7117296222664
			3.18707753479125	-1.70357852882704
			3.19522862823062	-1.70357852882704
			3.20337972166998	-1.70357852882704
			3.21153081510934	-1.70357852882704
			3.21968190854871	-1.69542743538767
			3.22783300198807	-1.69542743538767
			3.23598409542744	-1.69542743538767
			3.2441351888668	-1.69542743538767
			3.25228628230616	-1.68727634194831
			3.26043737574553	-1.68727634194831
			3.26858846918489	-1.68727634194831
			3.27673956262425	-1.68727634194831
			3.28489065606362	-1.67912524850895
			3.29304174950298	-1.67912524850895
			3.30119284294235	-1.67912524850895
			3.30934393638171	-1.67912524850895
			3.31749502982107	-1.67912524850895
			3.32564612326044	-1.67097415506958
			3.3337972166998	-1.67097415506958
			3.34194831013916	-1.67097415506958
			3.35009940357853	-1.67097415506958
			3.35825049701789	-1.66282306163022
			3.36640159045726	-1.66282306163022
			3.37455268389662	-1.66282306163022
			3.38270377733598	-1.66282306163022
			3.39085487077535	-1.66282306163022
			3.39900596421471	-1.65467196819085
			3.40715705765408	-1.65467196819085
			3.41530815109344	-1.65467196819085
			3.4234592445328	-1.65467196819085
			3.43161033797217	-1.65467196819085
			3.43976143141153	-1.65467196819085
			3.44791252485089	-1.64652087475149
			3.45606361829026	-1.64652087475149
			3.46421471172962	-1.64652087475149
			3.47236580516899	-1.64652087475149
			3.48051689860835	-1.64652087475149
			3.48866799204771	-1.64652087475149
			3.49681908548708	-1.64652087475149
			3.50497017892644	-1.63836978131213
			3.5131212723658	-1.63836978131213
			3.52127236580517	-1.63836978131213
			3.52942345924453	-1.63836978131213
			3.5375745526839	-1.63836978131213
			3.54572564612326	-1.63836978131213
			3.55387673956262	-1.63836978131213
			3.56202783300199	-1.63836978131213
			3.57017892644135	-1.63836978131213
			3.57833001988072	-1.63836978131213
			3.58648111332008	-1.63836978131213
			3.59463220675944	-1.63021868787276
			3.60278330019881	-1.63021868787276
			3.61093439363817	-1.63021868787276
			3.61908548707753	-1.63021868787276
			3.6272365805169	-1.63021868787276
			3.63538767395626	-1.63021868787276
			3.64353876739563	-1.63021868787276
			3.65168986083499	-1.63021868787276
			3.65984095427435	-1.63021868787276
			3.66799204771372	-1.63021868787276
			3.67614314115308	-1.63021868787276
			3.68429423459244	-1.63021868787276
			3.69244532803181	-1.63021868787276
			3.70059642147117	-1.63021868787276
			3.70874751491054	-1.63021868787276
			3.7168986083499	-1.63021868787276
			3.72504970178926	-1.63836978131213
			3.73320079522863	-1.63836978131213
			3.74135188866799	-1.63836978131213
			3.74950298210736	-1.63836978131213
			3.75765407554672	-1.63836978131213
			3.76580516898608	-1.63836978131213
			3.77395626242545	-1.63836978131213
			3.78210735586481	-1.63836978131213
			3.79025844930417	-1.64652087475149
			3.79840954274354	-1.64652087475149
			3.8065606361829	-1.64652087475149
			3.81471172962227	-1.64652087475149
			3.82286282306163	-1.65467196819085
			3.83101391650099	-1.65467196819085
			3.83916500994036	-1.65467196819085
			3.84731610337972	-1.65467196819085
			3.85546719681909	-1.66282306163022
			3.86361829025845	-1.66282306163022
			3.87176938369781	-1.67097415506958
			3.87992047713718	-1.67097415506958
			3.88807157057654	-1.67912524850895
			3.8962226640159	-1.67912524850895
			3.90437375745527	-1.68727634194831
			3.91252485089463	-1.68727634194831
			3.920675944334	-1.69542743538767
			3.92882703777336	-1.70357852882704
			3.93697813121272	-1.7117296222664
			3.94512922465209	-1.7117296222664
			3.95328031809145	-1.71988071570577
			3.96143141153081	-1.72803180914513
			3.96958250497018	-1.73618290258449
			3.96958250497018	-1.74433399602386
			3.97773359840954	-1.75248508946322
			3.98588469184891	-1.75248508946322
			3.98588469184891	-1.76063618290258
		</suture>
		<anterior type=matrix rownames=FALSE colnames=FALSE nrow=268 ncol=2 as.numeric=TRUE >
			2.28230616302187	-0.179324055666004
			2.29045725646123	-0.179324055666004
			2.2986083499006	-0.179324055666004
			2.30675944333996	-0.187475149105368
			2.31491053677932	-0.187475149105368
			2.32306163021869	-0.187475149105368
			2.33121272365805	-0.187475149105368
			2.33936381709742	-0.187475149105368
			2.34751491053678	-0.187475149105368
			2.35566600397614	-0.187475149105368
			2.36381709741551	-0.195626242544732
			2.37196819085487	-0.195626242544732
			2.38011928429423	-0.195626242544732
			2.3882703777336	-0.195626242544732
			2.39642147117296	-0.195626242544732
			2.40457256461233	-0.203777335984095
			2.41272365805169	-0.203777335984095
			2.42087475149105	-0.203777335984095
			2.42902584493042	-0.203777335984095
			2.43717693836978	-0.203777335984095
			2.44532803180914	-0.211928429423459
			2.45347912524851	-0.211928429423459
			2.46163021868787	-0.211928429423459
			2.46978131212724	-0.211928429423459
			2.4779324055666	-0.211928429423459
			2.48608349900596	-0.220079522862823
			2.49423459244533	-0.220079522862823
			2.50238568588469	-0.220079522862823
			2.51053677932406	-0.228230616302187
			2.51868787276342	-0.228230616302187
			2.52683896620278	-0.228230616302187
			2.53499005964215	-0.228230616302187
			2.54314115308151	-0.236381709741551
			2.55129224652087	-0.236381709741551
			2.55944333996024	-0.236381709741551
			2.5675944333996	-0.236381709741551
			2.57574552683897	-0.244532803180914
			2.58389662027833	-0.244532803180914
			2.59204771371769	-0.244532803180914
			2.60019880715706	-0.252683896620278
			2.60834990059642	-0.252683896620278
			2.61650099403579	-0.252683896620278
			2.62465208747515	-0.252683896620278
			2.63280318091451	-0.260834990059642
			2.64095427435388	-0.260834990059642
			2.64910536779324	-0.260834990059642
			2.6572564612326	-0.268986083499006
			2.66540755467197	-0.268986083499006
			2.67355864811133	-0.268986083499006
			2.6817097415507	-0.27713717693837
			2.68986083499006	-0.27713717693837
			2.69801192842942	-0.285288270377734
			2.70616302186879	-0.285288270377734
			2.71431411530815	-0.285288270377734
			2.72246520874751	-0.285288270377734
			2.72246520874751	-0.293439363817097
			2.73061630218688	-0.293439363817097
			2.73876739562624	-0.293439363817097
			2.74691848906561	-0.301590457256461
			2.75506958250497	-0.301590457256461
			2.76322067594433	-0.301590457256461
			2.7713717693837	-0.309741550695825
			2.77952286282306	-0.309741550695825
			2.78767395626243	-0.317892644135189
			2.79582504970179	-0.317892644135189
			2.80397614314115	-0.317892644135189
			2.81212723658052	-0.326043737574553
			2.82027833001988	-0.326043737574553
			2.82842942345924	-0.334194831013916
			2.83658051689861	-0.334194831013916
			2.84473161033797	-0.34234592445328
			2.85288270377734	-0.34234592445328
			2.8610337972167	-0.350497017892644
			2.86918489065606	-0.350497017892644
			2.87733598409543	-0.350497017892644
			2.88548707753479	-0.358648111332008
			2.89363817097415	-0.366799204771372
			2.90178926441352	-0.366799204771372
			2.90994035785288	-0.366799204771372
			2.91809145129225	-0.374950298210736
			2.92624254473161	-0.374950298210736
			2.93439363817097	-0.383101391650099
			2.94254473161034	-0.391252485089463
			2.9506958250497	-0.391252485089463
			2.95884691848907	-0.399403578528827
			2.96699801192843	-0.399403578528827
			2.97514910536779	-0.407554671968191
			2.98330019880716	-0.407554671968191
			2.99145129224652	-0.415705765407555
			2.99960238568588	-0.423856858846918
			3.00775347912525	-0.423856858846918
			3.01590457256461	-0.432007952286282
			3.02405566600398	-0.432007952286282
			3.03220675944334	-0.440159045725646
			3.0403578528827	-0.440159045725646
			3.04850894632207	-0.44831013916501
			3.05666003976143	-0.44831013916501
			3.0648111332008	-0.456461232604374
			3.07296222664016	-0.464612326043738
			3.08111332007952	-0.472763419483101
			3.08926441351889	-0.472763419483101
			3.09741550695825	-0.480914512922465
			3.10556660039761	-0.489065606361829
			3.11371769383698	-0.489065606361829
			3.12186878727634	-0.497216699801193
			3.13001988071571	-0.505367793240557
			3.13817097415507	-0.51351888667992
			3.14632206759443	-0.51351888667992
			3.1544731610338	-0.521669980119284
			3.16262425447316	-0.529821073558648
			3.17077534791252	-0.537972166998012
			3.17892644135189	-0.537972166998012
			3.18707753479125	-0.546123260437376
			3.19522862823062	-0.55427435387674
			3.20337972166998	-0.562425447316103
			3.21153081510934	-0.562425447316103
			3.21968190854871	-0.570576540755467
			3.22783300198807	-0.578727634194831
			3.23598409542744	-0.586878727634195
			3.2441351888668	-0.586878727634195
			3.25228628230616	-0.595029821073559
			3.26043737574553	-0.603180914512922
			3.26858846918489	-0.611332007952286
			3.27673956262425	-0.61948310139165
			3.28489065606362	-0.61948310139165
			3.29304174950298	-0.627634194831014
			3.30119284294235	-0.635785288270378
			3.30119284294235	-0.643936381709741
			3.30934393638171	-0.652087475149105
			3.31749502982107	-0.660238568588469
			3.32564612326044	-0.660238568588469
			3.3337972166998	-0.668389662027833
			3.34194831013916	-0.676540755467197
			3.35009940357853	-0.684691848906561
			3.35825049701789	-0.692842942345924
			3.36640159045726	-0.700994035785288
			3.36640159045726	-0.709145129224652
			3.37455268389662	-0.717296222664016
			3.38270377733598	-0.72544731610338
			3.39085487077535	-0.72544731610338
			3.39900596421471	-0.733598409542743
			3.40715705765408	-0.741749502982107
			3.41530815109344	-0.749900596421471
			3.41530815109344	-0.758051689860835
			3.4234592445328	-0.766202783300199
			3.43161033797217	-0.774353876739563
			3.43976143141153	-0.782504970178926
			3.44791252485089	-0.79065606361829
			3.45606361829026	-0.798807157057654
			3.45606361829026	-0.806958250497018
			3.46421471172962	-0.815109343936382
			3.47236580516899	-0.823260437375745
			3.48051689860835	-0.831411530815109
			3.48866799204771	-0.839562624254473
			3.48866799204771	-0.847713717693837
			3.49681908548708	-0.855864811133201
			3.50497017892644	-0.864015904572564
			3.5131212723658	-0.872166998011928
			3.52127236580517	-0.880318091451292
			3.52127236580517	-0.888469184890656
			3.52942345924453	-0.89662027833002
			3.5375745526839	-0.904771371769384
			3.54572564612326	-0.912922465208747
			3.54572564612326	-0.921073558648111
			3.55387673956262	-0.929224652087475
			3.56202783300199	-0.937375745526839
			3.57017892644135	-0.945526838966203
			3.57017892644135	-0.953677932405567
			3.57833001988072	-0.96182902584493
			3.58648111332008	-0.969980119284294
			3.59463220675944	-0.978131212723658
			3.59463220675944	-0.986282306163022
			3.59463220675944	-0.994433399602386
			3.60278330019881	-0.994433399602386
			3.60278330019881	-1.00258449304175
			3.61093439363817	-1.01073558648111
			3.61908548707753	-1.01888667992048
			3.61908548707753	-1.02703777335984
			3.6272365805169	-1.0351888667992
			3.6272365805169	-1.04333996023857
			3.63538767395626	-1.05149105367793
			3.63538767395626	-1.0596421471173
			3.64353876739563	-1.06779324055666
			3.65168986083499	-1.07594433399602
			3.65168986083499	-1.08409542743539
			3.65984095427435	-1.09224652087475
			3.66799204771372	-1.10039761431412
			3.66799204771372	-1.10854870775348
			3.67614314115308	-1.11669980119284
			3.67614314115308	-1.12485089463221
			3.68429423459244	-1.13300198807157
			3.68429423459244	-1.14115308151093
			3.69244532803181	-1.1493041749503
			3.70059642147117	-1.15745526838966
			3.70059642147117	-1.16560636182903
			3.70874751491054	-1.17375745526839
			3.70874751491054	-1.18190854870775
			3.7168986083499	-1.19005964214712
			3.7168986083499	-1.19821073558648
			3.72504970178926	-1.20636182902584
			3.72504970178926	-1.21451292246521
			3.73320079522863	-1.22266401590457
			3.73320079522863	-1.23081510934394
			3.73320079522863	-1.2389662027833
			3.74135188866799	-1.2389662027833
			3.74135188866799	-1.24711729622266
			3.74135188866799	-1.25526838966203
			3.74950298210736	-1.26341948310139
			3.74950298210736	-1.27157057654076
			3.75765407554672	-1.27157057654076
			3.75765407554672	-1.27972166998012
			3.75765407554672	-1.28787276341948
			3.76580516898608	-1.29602385685885
			3.76580516898608	-1.30417495029821
			3.77395626242545	-1.31232604373757
			3.77395626242545	-1.32047713717694
			3.78210735586481	-1.3286282306163
			3.78210735586481	-1.33677932405567
			3.78210735586481	-1.34493041749503
			3.79025844930417	-1.35308151093439
			3.79025844930417	-1.36123260437376
			3.79840954274354	-1.36938369781312
			3.79840954274354	-1.37753479125248
			3.8065606361829	-1.38568588469185
			3.8065606361829	-1.39383697813121
			3.8065606361829	-1.40198807157058
			3.81471172962227	-1.41013916500994
			3.81471172962227	-1.4182902584493
			3.82286282306163	-1.42644135188867
			3.82286282306163	-1.43459244532803
			3.82286282306163	-1.4427435387674
			3.83101391650099	-1.45089463220676
			3.83101391650099	-1.45904572564612
			3.83101391650099	-1.46719681908549
			3.83916500994036	-1.47534791252485
			3.83916500994036	-1.48349900596421
			3.84731610337972	-1.49165009940358
			3.84731610337972	-1.49980119284294
			3.84731610337972	-1.50795228628231
			3.85546719681909	-1.51610337972167
			3.85546719681909	-1.52425447316103
			3.85546719681909	-1.5324055666004
			3.86361829025845	-1.54055666003976
			3.86361829025845	-1.54870775347913
			3.86361829025845	-1.55685884691849
			3.87176938369781	-1.56500994035785
			3.87176938369781	-1.57316103379722
			3.87992047713718	-1.58131212723658
			3.88807157057654	-1.58946322067594
			3.88807157057654	-1.59761431411531
			3.8962226640159	-1.60576540755467
			3.90437375745527	-1.61391650099404
			3.90437375745527	-1.6220675944334
			3.91252485089463	-1.63021868787276
			3.91252485089463	-1.63836978131213
			3.920675944334	-1.64652087475149
			3.92882703777336	-1.65467196819085
			3.92882703777336	-1.66282306163022
			3.93697813121272	-1.67097415506958
			3.93697813121272	-1.67912524850895
			3.94512922465209	-1.68727634194831
			3.94512922465209	-1.69542743538767
			3.95328031809145	-1.70357852882704
			3.96143141153081	-1.70357852882704
			3.96143141153081	-1.7117296222664
			3.96958250497018	-1.71988071570577
			3.96958250497018	-1.72803180914513
			3.97773359840954	-1.73618290258449
		</anterior>
		<posterior type=matrix rownames=FALSE colnames=FALSE nrow=478 ncol=2 as.numeric=TRUE >
			2.24970178926441	-1.73618290258449
			2.25785288270378	-1.73618290258449
			2.26600397614314	-1.73618290258449
			2.2741550695825	-1.73618290258449
			2.28230616302187	-1.73618290258449
			2.29045725646123	-1.73618290258449
			2.2986083499006	-1.73618290258449
			2.30675944333996	-1.73618290258449
			2.31491053677932	-1.73618290258449
			2.32306163021869	-1.73618290258449
			2.33121272365805	-1.73618290258449
			2.33936381709742	-1.73618290258449
			2.34751491053678	-1.73618290258449
			2.35566600397614	-1.73618290258449
			2.36381709741551	-1.73618290258449
			2.37196819085487	-1.73618290258449
			2.38011928429423	-1.73618290258449
			2.3882703777336	-1.74433399602386
			2.39642147117296	-1.74433399602386
			2.40457256461233	-1.74433399602386
			2.41272365805169	-1.74433399602386
			2.42087475149105	-1.74433399602386
			2.42902584493042	-1.74433399602386
			2.43717693836978	-1.74433399602386
			2.44532803180914	-1.75248508946322
			2.45347912524851	-1.75248508946322
			2.46163021868787	-1.75248508946322
			2.46978131212724	-1.75248508946322
			2.4779324055666	-1.75248508946322
			2.48608349900596	-1.75248508946322
			2.49423459244533	-1.76063618290258
			2.50238568588469	-1.76063618290258
			2.51053677932406	-1.76063618290258
			2.51868787276342	-1.76063618290258
			2.52683896620278	-1.76878727634195
			2.53499005964215	-1.76878727634195
			2.54314115308151	-1.76878727634195
			2.55129224652087	-1.77693836978131
			2.55944333996024	-1.77693836978131
			2.5675944333996	-1.77693836978131
			2.57574552683897	-1.78508946322068
			2.58389662027833	-1.78508946322068
			2.59204771371769	-1.78508946322068
			2.60019880715706	-1.79324055666004
			2.60834990059642	-1.79324055666004
			2.61650099403579	-1.8013916500994
			2.62465208747515	-1.80954274353877
			2.63280318091451	-1.80954274353877
			2.64095427435388	-1.81769383697813
			2.64910536779324	-1.81769383697813
			2.6572564612326	-1.82584493041749
			2.66540755467197	-1.82584493041749
			2.67355864811133	-1.83399602385686
			2.6817097415507	-1.84214711729622
			2.68986083499006	-1.84214711729622
			2.69801192842942	-1.85029821073559
			2.70616302186879	-1.85844930417495
			2.71431411530815	-1.85844930417495
			2.72246520874751	-1.85844930417495
			2.73061630218688	-1.85844930417495
			2.73876739562624	-1.85844930417495
			2.74691848906561	-1.85844930417495
			2.75506958250497	-1.85844930417495
			2.76322067594433	-1.85029821073559
			2.7713717693837	-1.85029821073559
			2.77952286282306	-1.85029821073559
			2.78767395626243	-1.85029821073559
			2.79582504970179	-1.85029821073559
			2.80397614314115	-1.85029821073559
			2.81212723658052	-1.85029821073559
			2.82027833001988	-1.85029821073559
			2.82842942345924	-1.85029821073559
			2.83658051689861	-1.85029821073559
			2.84473161033797	-1.85029821073559
			2.85288270377734	-1.85029821073559
			2.8610337972167	-1.85029821073559
			2.86918489065606	-1.85029821073559
			2.87733598409543	-1.85029821073559
			2.88548707753479	-1.85029821073559
			2.89363817097415	-1.85029821073559
			2.90178926441352	-1.85029821073559
			2.90994035785288	-1.85029821073559
			2.91809145129225	-1.85029821073559
			2.92624254473161	-1.85029821073559
			2.93439363817097	-1.85029821073559
			2.94254473161034	-1.85029821073559
			2.9506958250497	-1.85029821073559
			2.95884691848907	-1.85029821073559
			2.96699801192843	-1.85029821073559
			2.97514910536779	-1.85029821073559
			2.98330019880716	-1.85029821073559
			2.99145129224652	-1.85029821073559
			2.99960238568588	-1.85029821073559
			3.00775347912525	-1.85029821073559
			3.01590457256461	-1.85029821073559
			3.02405566600398	-1.85029821073559
			3.03220675944334	-1.85029821073559
			3.0403578528827	-1.85029821073559
			3.04850894632207	-1.85029821073559
			3.05666003976143	-1.85029821073559
			3.0648111332008	-1.85029821073559
			3.07296222664016	-1.85029821073559
			3.08111332007952	-1.85029821073559
			3.08926441351889	-1.85029821073559
			3.09741550695825	-1.85029821073559
			3.10556660039761	-1.85029821073559
			3.11371769383698	-1.85029821073559
			3.12186878727634	-1.85029821073559
			3.13001988071571	-1.85029821073559
			3.13817097415507	-1.85029821073559
			3.14632206759443	-1.85029821073559
			3.1544731610338	-1.85029821073559
			3.16262425447316	-1.85029821073559
			3.17077534791252	-1.85029821073559
			3.17892644135189	-1.85029821073559
			3.18707753479125	-1.85029821073559
			3.19522862823062	-1.85029821073559
			3.20337972166998	-1.85029821073559
			3.21153081510934	-1.85029821073559
			3.21968190854871	-1.85029821073559
			3.22783300198807	-1.85029821073559
			3.23598409542744	-1.85029821073559
			3.2441351888668	-1.85029821073559
			3.25228628230616	-1.85029821073559
			3.26043737574553	-1.85029821073559
			3.26858846918489	-1.85029821073559
			3.27673956262425	-1.85844930417495
			3.28489065606362	-1.85844930417495
			3.29304174950298	-1.85844930417495
			3.30119284294235	-1.85844930417495
			3.30934393638171	-1.85844930417495
			3.31749502982107	-1.85844930417495
			3.32564612326044	-1.85844930417495
			3.3337972166998	-1.85844930417495
			3.34194831013916	-1.86660039761431
			3.35009940357853	-1.86660039761431
			3.35825049701789	-1.87475149105368
			3.36640159045726	-1.87475149105368
			3.37455268389662	-1.88290258449304
			3.38270377733598	-1.88290258449304
			3.39085487077535	-1.89105367793241
			3.39900596421471	-1.89105367793241
			3.40715705765408	-1.89920477137177
			3.41530815109344	-1.89920477137177
			3.4234592445328	-1.90735586481113
			3.43161033797217	-1.9155069582505
			3.43976143141153	-1.92365805168986
			3.44791252485089	-1.92365805168986
			3.45606361829026	-1.93180914512922
			3.46421471172962	-1.93180914512922
			3.46421471172962	-1.93996023856859
			3.47236580516899	-1.93996023856859
			3.48051689860835	-1.94811133200795
			3.48866799204771	-1.94811133200795
			3.49681908548708	-1.95626242544732
			3.50497017892644	-1.96441351888668
			3.5131212723658	-1.97256461232604
			3.52127236580517	-1.97256461232604
			3.52942345924453	-1.98071570576541
			3.52942345924453	-1.98886679920477
			3.5375745526839	-1.98886679920477
			3.54572564612326	-1.99701789264413
			3.55387673956262	-1.99701789264413
			3.55387673956262	-2.0051689860835
			3.56202783300199	-2.0051689860835
			3.57017892644135	-2.01332007952286
			3.57833001988072	-2.02147117296223
			3.58648111332008	-2.02962226640159
			3.59463220675944	-2.03777335984095
			3.60278330019881	-2.03777335984095
			3.61093439363817	-2.04592445328032
			3.61908548707753	-2.05407554671968
			3.61908548707753	-2.06222664015905
			3.6272365805169	-2.07037773359841
			3.63538767395626	-2.07037773359841
			3.64353876739563	-2.07852882703777
			3.65168986083499	-2.08667992047714
			3.65984095427435	-2.0948310139165
			3.66799204771372	-2.10298210735586
			3.67614314115308	-2.11113320079523
			3.68429423459244	-2.11928429423459
			3.69244532803181	-2.12743538767396
			3.70059642147117	-2.13558648111332
			3.70874751491054	-2.14373757455268
			3.7168986083499	-2.15188866799205
			3.72504970178926	-2.16003976143141
			3.72504970178926	-2.16819085487078
			3.73320079522863	-2.16819085487078
			3.73320079522863	-2.17634194831014
			3.74135188866799	-2.1844930417495
			3.74950298210736	-2.1844930417495
			3.74950298210736	-2.19264413518887
			3.75765407554672	-2.20079522862823
			3.76580516898608	-2.20894632206759
			3.77395626242545	-2.21709741550696
			3.78210735586481	-2.22524850894632
			3.78210735586481	-2.23339960238569
			3.79025844930417	-2.24155069582505
			3.79840954274354	-2.24970178926441
			3.79840954274354	-2.25785288270378
			3.8065606361829	-2.26600397614314
			3.81471172962227	-2.26600397614314
			3.81471172962227	-2.2741550695825
			3.82286282306163	-2.28230616302187
			3.83101391650099	-2.29045725646123
			3.83101391650099	-2.2986083499006
			3.83916500994036	-2.30675944333996
			3.84731610337972	-2.31491053677932
			3.84731610337972	-2.32306163021869
			3.85546719681909	-2.32306163021869
			3.86361829025845	-2.33121272365805
			3.86361829025845	-2.33936381709742
			3.87176938369781	-2.34751491053678
			3.87992047713718	-2.35566600397614
			3.87992047713718	-2.36381709741551
			3.88807157057654	-2.37196819085487
			3.8962226640159	-2.38011928429423
			3.8962226640159	-2.3882703777336
			3.90437375745527	-2.39642147117296
			3.90437375745527	-2.40457256461233
			3.91252485089463	-2.41272365805169
			3.920675944334	-2.42087475149105
			3.920675944334	-2.42902584493042
			3.92882703777336	-2.43717693836978
			3.93697813121272	-2.44532803180914
			3.93697813121272	-2.45347912524851
			3.94512922465209	-2.46163021868787
			3.94512922465209	-2.46978131212724
			3.95328031809145	-2.4779324055666
			3.96143141153081	-2.48608349900596
			3.96143141153081	-2.49423459244533
			3.96958250497018	-2.50238568588469
			3.96958250497018	-2.51053677932406
			3.97773359840954	-2.51868787276342
			3.98588469184891	-2.52683896620278
			3.98588469184891	-2.53499005964215
			3.99403578528827	-2.54314115308151
			3.99403578528827	-2.55129224652087
			4.00218687872763	-2.55944333996024
			4.010337972167	-2.5675944333996
			4.010337972167	-2.57574552683897
			4.01848906560636	-2.58389662027833
			4.01848906560636	-2.59204771371769
			4.01848906560636	-2.60019880715706
			4.02664015904573	-2.60019880715706
			4.02664015904573	-2.60834990059642
			4.02664015904573	-2.61650099403579
			4.03479125248509	-2.61650099403579
			4.03479125248509	-2.62465208747515
			4.03479125248509	-2.63280318091451
			4.04294234592445	-2.63280318091451
			4.04294234592445	-2.64095427435388
			4.05109343936382	-2.64910536779324
			4.05109343936382	-2.6572564612326
			4.05924453280318	-2.66540755467197
			4.05924453280318	-2.67355864811133
			4.05924453280318	-2.6817097415507
			4.06739562624254	-2.6817097415507
			4.06739562624254	-2.68986083499006
			4.07554671968191	-2.69801192842942
			4.07554671968191	-2.70616302186879
			4.07554671968191	-2.71431411530815
			4.08369781312127	-2.72246520874751
			4.09184890656064	-2.73061630218688
			4.09184890656064	-2.73876739562624
			4.09184890656064	-2.74691848906561
			4.1	-2.75506958250497
			4.1	-2.76322067594433
			4.10815109343936	-2.7713717693837
			4.10815109343936	-2.77952286282306
			4.11630218687873	-2.78767395626243
			4.11630218687873	-2.79582504970179
			4.11630218687873	-2.80397614314115
			4.12445328031809	-2.81212723658052
			4.12445328031809	-2.82027833001988
			4.13260437375745	-2.82842942345924
			4.13260437375745	-2.83658051689861
			4.14075546719682	-2.84473161033797
			4.14075546719682	-2.85288270377734
			4.14075546719682	-2.8610337972167
			4.14890656063618	-2.86918489065606
			4.14890656063618	-2.87733598409543
			4.15705765407555	-2.88548707753479
			4.15705765407555	-2.89363817097415
			4.15705765407555	-2.90178926441352
			4.16520874751491	-2.90994035785288
			4.16520874751491	-2.91809145129225
			4.17335984095427	-2.92624254473161
			4.17335984095427	-2.93439363817097
			4.18151093439364	-2.94254473161034
			4.18151093439364	-2.9506958250497
			4.189662027833	-2.95884691848907
			4.189662027833	-2.96699801192843
			4.189662027833	-2.97514910536779
			4.19781312127237	-2.98330019880716
			4.20596421471173	-2.99145129224652
			4.20596421471173	-2.99960238568588
			4.20596421471173	-3.00775347912525
			4.21411530815109	-3.01590457256461
			4.21411530815109	-3.02405566600398
			4.22226640159046	-3.02405566600398
			4.22226640159046	-3.03220675944334
			4.23041749502982	-3.0403578528827
			4.23041749502982	-3.04850894632207
			4.23856858846918	-3.05666003976143
			4.24671968190855	-3.0648111332008
			4.24671968190855	-3.07296222664016
			4.25487077534791	-3.07296222664016
			4.26302186878728	-3.07296222664016
			4.26302186878728	-3.08111332007952
			4.27117296222664	-3.08111332007952
			4.27117296222664	-3.07296222664016
			4.279324055666	-3.0648111332008
			4.279324055666	-3.05666003976143
			4.28747514910537	-3.04850894632207
			4.28747514910537	-3.0403578528827
			4.28747514910537	-3.03220675944334
			4.28747514910537	-3.02405566600398
			4.28747514910537	-3.01590457256461
			4.28747514910537	-3.00775347912525
			4.28747514910537	-2.99960238568588
			4.28747514910537	-2.99145129224652
			4.28747514910537	-2.98330019880716
			4.28747514910537	-2.97514910536779
			4.28747514910537	-2.96699801192843
			4.28747514910537	-2.95884691848907
			4.28747514910537	-2.9506958250497
			4.28747514910537	-2.94254473161034
			4.28747514910537	-2.93439363817097
			4.28747514910537	-2.92624254473161
			4.28747514910537	-2.91809145129225
			4.28747514910537	-2.90994035785288
			4.279324055666	-2.90178926441352
			4.279324055666	-2.89363817097415
			4.279324055666	-2.88548707753479
			4.279324055666	-2.87733598409543
			4.279324055666	-2.86918489065606
			4.279324055666	-2.8610337972167
			4.279324055666	-2.85288270377734
			4.279324055666	-2.84473161033797
			4.279324055666	-2.83658051689861
			4.279324055666	-2.82842942345924
			4.279324055666	-2.82027833001988
			4.27117296222664	-2.81212723658052
			4.27117296222664	-2.80397614314115
			4.27117296222664	-2.79582504970179
			4.27117296222664	-2.78767395626243
			4.27117296222664	-2.77952286282306
			4.27117296222664	-2.7713717693837
			4.27117296222664	-2.76322067594433
			4.27117296222664	-2.75506958250497
			4.26302186878728	-2.74691848906561
			4.26302186878728	-2.73876739562624
			4.26302186878728	-2.73061630218688
			4.26302186878728	-2.72246520874751
			4.26302186878728	-2.71431411530815
			4.26302186878728	-2.70616302186879
			4.26302186878728	-2.69801192842942
			4.25487077534791	-2.68986083499006
			4.25487077534791	-2.6817097415507
			4.25487077534791	-2.67355864811133
			4.25487077534791	-2.66540755467197
			4.25487077534791	-2.6572564612326
			4.25487077534791	-2.64910536779324
			4.25487077534791	-2.64095427435388
			4.24671968190855	-2.63280318091451
			4.24671968190855	-2.62465208747515
			4.24671968190855	-2.61650099403579
			4.24671968190855	-2.60834990059642
			4.24671968190855	-2.60019880715706
			4.24671968190855	-2.59204771371769
			4.23856858846918	-2.58389662027833
			4.23856858846918	-2.57574552683897
			4.23856858846918	-2.5675944333996
			4.23856858846918	-2.55944333996024
			4.23856858846918	-2.55129224652087
			4.23041749502982	-2.55129224652087
			4.23041749502982	-2.54314115308151
			4.23041749502982	-2.53499005964215
			4.23041749502982	-2.52683896620278
			4.23041749502982	-2.51868787276342
			4.22226640159046	-2.51053677932406
			4.22226640159046	-2.50238568588469
			4.22226640159046	-2.49423459244533
			4.22226640159046	-2.48608349900596
			4.22226640159046	-2.4779324055666
			4.21411530815109	-2.46978131212724
			4.21411530815109	-2.46163021868787
			4.21411530815109	-2.45347912524851
			4.21411530815109	-2.44532803180914
			4.20596421471173	-2.43717693836978
			4.20596421471173	-2.42902584493042
			4.20596421471173	-2.42087475149105
			4.20596421471173	-2.41272365805169
			4.20596421471173	-2.40457256461233
			4.19781312127237	-2.39642147117296
			4.19781312127237	-2.3882703777336
			4.19781312127237	-2.38011928429423
			4.189662027833	-2.37196819085487
			4.189662027833	-2.36381709741551
			4.189662027833	-2.35566600397614
			4.189662027833	-2.34751491053678
			4.18151093439364	-2.33936381709742
			4.18151093439364	-2.33121272365805
			4.18151093439364	-2.32306163021869
			4.18151093439364	-2.31491053677932
			4.18151093439364	-2.30675944333996
			4.17335984095427	-2.2986083499006
			4.17335984095427	-2.29045725646123
			4.17335984095427	-2.28230616302187
			4.16520874751491	-2.2741550695825
			4.16520874751491	-2.26600397614314
			4.16520874751491	-2.25785288270378
			4.15705765407555	-2.24970178926441
			4.15705765407555	-2.24155069582505
			4.15705765407555	-2.23339960238569
			4.15705765407555	-2.22524850894632
			4.14890656063618	-2.21709741550696
			4.14890656063618	-2.20894632206759
			4.14890656063618	-2.20079522862823
			4.14075546719682	-2.19264413518887
			4.14075546719682	-2.1844930417495
			4.14075546719682	-2.17634194831014
			4.14075546719682	-2.16819085487078
			4.13260437375745	-2.16003976143141
			4.13260437375745	-2.15188866799205
			4.13260437375745	-2.14373757455268
			4.12445328031809	-2.13558648111332
			4.12445328031809	-2.12743538767396
			4.12445328031809	-2.11928429423459
			4.11630218687873	-2.11113320079523
			4.11630218687873	-2.10298210735586
			4.11630218687873	-2.0948310139165
			4.10815109343936	-2.08667992047714
			4.10815109343936	-2.07852882703777
			4.10815109343936	-2.07037773359841
			4.1	-2.06222664015905
			4.1	-2.05407554671968
			4.1	-2.04592445328032
			4.09184890656064	-2.03777335984095
			4.09184890656064	-2.02962226640159
			4.09184890656064	-2.02147117296223
			4.08369781312127	-2.02147117296223
			4.08369781312127	-2.01332007952286
			4.08369781312127	-2.0051689860835
			4.08369781312127	-1.99701789264413
			4.07554671968191	-1.98886679920477
			4.07554671968191	-1.98071570576541
			4.06739562624254	-1.97256461232604
			4.06739562624254	-1.96441351888668
			4.06739562624254	-1.95626242544732
			4.05924453280318	-1.94811133200795
			4.05924453280318	-1.93996023856859
			4.05924453280318	-1.93180914512922
			4.05109343936382	-1.92365805168986
			4.05109343936382	-1.9155069582505
			4.04294234592445	-1.90735586481113
			4.04294234592445	-1.89920477137177
			4.04294234592445	-1.89105367793241
			4.03479125248509	-1.88290258449304
			4.03479125248509	-1.87475149105368
			4.02664015904573	-1.86660039761431
			4.02664015904573	-1.85844930417495
			4.02664015904573	-1.85029821073559
			4.01848906560636	-1.84214711729622
			4.01848906560636	-1.83399602385686
			4.010337972167	-1.82584493041749
			4.010337972167	-1.81769383697813
			4.010337972167	-1.80954274353877
			4.00218687872763	-1.8013916500994
			4.00218687872763	-1.79324055666004
			3.99403578528827	-1.78508946322068
			3.99403578528827	-1.77693836978131
			3.99403578528827	-1.76878727634195
			3.98588469184891	-1.76063618290258
			3.98588469184891	-1.75248508946322
			3.97773359840954	-1.74433399602386
			3.97773359840954	-1.73618290258449
		</posterior>
	</curves.scaled>
	<ruler.points type=matrix rownames=TRUE colnames=FALSE nrow=2 ncol=2 as.numeric=TRUE >
		Ruler point 1	530	378
		Ruler point 2	27	378
	</ruler.points>
</shapes>

