<shapes type=list>
	<ruler.pixel type=vector names=FALSE length=1 as.numeric=TRUE >164</ruler.pixel>
	<ruler.interval type=vector names=FALSE length=1 as.numeric=TRUE >9.23</ruler.interval>
	<scaling.units type=vector names=FALSE length=1 as.numeric=FALSE >mm</scaling.units>
	<scaling type=vector names=FALSE length=1 as.numeric=TRUE >0.0562804878048781</scaling>
	<landmarks.pixel type=matrix rownames=TRUE colnames=FALSE nrow=16 ncol=2 as.numeric=TRUE >
		LM1	135	8
		LM2	135	8
		LM3	135	147
		LM4	135	172
		LM5	206	64
		LM6	179	152
		LM7	179	168
		LM8	207	81
		LM9	220	118
		LM10	135	8
		LM11	231	125
		LM12	241	127
		LM13	135	8
		LM14	230	103
		LM15	247	172
		LM16	242	185
	</landmarks.pixel>
	<landmarks.scaled type=matrix rownames=TRUE colnames=FALSE nrow=16 ncol=2 as.numeric=TRUE >
		LM1	7.59786585365854	-0.450243902439024
		LM2	7.59786585365854	-0.450243902439024
		LM3	7.59786585365854	-8.27323170731707
		LM4	7.59786585365854	-9.68024390243902
		LM5	11.5937804878049	-3.6019512195122
		LM6	10.0742073170732	-8.55463414634146
		LM7	10.0742073170732	-9.45512195121951
		LM8	11.6500609756098	-4.55871951219512
		LM9	12.3817073170732	-6.64109756097561
		LM10	7.59786585365854	-0.450243902439024
		LM11	13.0007926829268	-7.03506097560976
		LM12	13.5635975609756	-7.14762195121951
		LM13	7.59786585365854	-0.450243902439024
		LM14	12.944512195122	-5.79689024390244
		LM15	13.9012804878049	-9.68024390243902
		LM16	13.6198780487805	-10.4118902439024
	</landmarks.scaled>
	<curves.control type=list>
		<glabella type=matrix rownames=FALSE colnames=FALSE nrow=11 ncol=2 as.numeric=TRUE >
			135	8
			182	11
			204	58
			212	72
			178	122
			176	127
			173	132
			176	139
			174	149
			180	152
			179	168
		</glabella>
		<suture type=matrix rownames=FALSE colnames=FALSE nrow=9 ncol=2 as.numeric=TRUE >
			135	8
			192	15
			207	69
			203	78
			207	81
			236	96
			220	118
			231	125
			241	127
		</suture>
		<anterior type=matrix rownames=FALSE colnames=FALSE nrow=7 ncol=2 as.numeric=TRUE >
			135	8
			182	11
			204	58
			235	97
			245	143
			248	162
			247	172
		</anterior>
		<posterior type=matrix rownames=FALSE colnames=FALSE nrow=11 ncol=2 as.numeric=TRUE >
			135	172
			149	175
			167	171
			180	167
			186	168
			197	168
			210	171
			224	175
			235	183
			244	192
			247	172
		</posterior>
	</curves.control>
	<curves.pixel type=list>
		<glabella type=matrix rownames=FALSE colnames=FALSE nrow=198 ncol=2 as.numeric=TRUE >
			135	8
			136	8
			137	8
			138	8
			139	8
			140	8
			141	9
			142	9
			143	9
			144	9
			145	9
			146	9
			147	9
			147	10
			148	10
			149	10
			150	10
			151	10
			152	11
			153	11
			154	11
			155	12
			156	12
			157	12
			158	13
			159	13
			160	13
			161	14
			162	14
			163	15
			164	15
			165	16
			166	16
			167	17
			168	17
			169	18
			170	18
			171	19
			172	19
			172	20
			173	20
			174	21
			175	21
			176	22
			177	23
			178	23
			178	24
			179	25
			180	25
			181	26
			182	27
			183	28
			184	29
			185	30
			186	31
			187	32
			188	33
			189	34
			189	35
			190	36
			191	37
			192	38
			193	39
			194	40
			194	41
			195	42
			196	43
			196	44
			197	45
			198	46
			198	47
			199	48
			199	49
			200	50
			200	51
			201	51
			201	52
			202	53
			202	54
			203	55
			203	56
			204	57
			204	58
			204	59
			205	59
			205	60
			205	61
			205	62
			205	63
			206	64
			206	65
			205	66
			205	67
			205	68
			205	69
			205	70
			205	71
			205	72
			204	73
			204	74
			204	75
			203	76
			203	77
			203	78
			202	79
			202	80
			202	81
			201	82
			201	83
			200	84
			200	85
			199	86
			199	87
			198	88
			198	89
			197	90
			197	91
			196	92
			196	93
			195	94
			195	95
			194	96
			194	97
			193	98
			192	99
			192	100
			191	101
			191	102
			190	103
			190	104
			189	105
			189	106
			188	106
			188	107
			187	108
			187	109
			186	110
			185	111
			185	112
			184	112
			184	113
			183	114
			183	115
			182	116
			181	117
			181	118
			180	119
			179	120
			179	121
			178	122
			178	123
			177	123
			177	124
			177	125
			176	126
			176	127
			175	128
			175	129
			174	130
			174	131
			173	132
			173	133
			174	134
			174	135
			174	136
			174	137
			175	138
			175	139
			175	140
			175	141
			175	142
			175	143
			175	144
			175	145
			175	146
			174	147
			174	148
			174	149
			175	150
			176	150
			176	151
			177	152
			177	153
			178	154
			178	155
			178	156
			179	157
			179	158
			179	159
			179	160
			179	161
			179	162
			179	163
			179	164
			179	165
			179	166
			179	167
			179	168
		</glabella>
		<suture type=matrix rownames=FALSE colnames=FALSE nrow=173 ncol=2 as.numeric=TRUE >
			135	8
			136	8
			137	8
			138	8
			139	9
			140	9
			141	9
			142	9
			143	9
			144	10
			145	10
			146	10
			147	10
			148	10
			149	11
			150	11
			151	11
			152	11
			153	12
			154	12
			155	12
			156	13
			157	13
			158	13
			159	14
			160	14
			161	15
			162	15
			163	16
			164	16
			165	16
			166	17
			167	17
			168	18
			169	18
			170	19
			171	20
			172	20
			173	21
			174	21
			175	22
			176	22
			177	23
			178	24
			179	25
			180	26
			181	27
			182	27
			183	28
			184	29
			185	30
			186	31
			187	32
			188	33
			189	34
			189	35
			190	36
			191	37
			192	38
			193	39
			193	40
			194	41
			195	42
			196	43
			196	44
			197	45
			198	46
			198	47
			199	48
			199	49
			200	50
			200	51
			201	52
			201	53
			201	54
			202	55
			202	56
			203	56
			203	57
			203	58
			204	59
			204	60
			205	61
			205	62
			205	63
			206	64
			206	65
			206	66
			207	67
			207	68
			207	69
			207	70
			206	70
			206	71
			206	72
			206	73
			205	74
			205	75
			205	76
			205	77
			205	78
			205	79
			206	79
			206	80
			207	81
			208	82
			209	82
			210	83
			211	83
			212	84
			213	84
			213	85
			214	85
			215	86
			216	86
			216	87
			217	87
			218	88
			218	89
			219	89
			219	90
			220	90
			221	91
			222	92
			222	93
			223	94
			224	95
			224	96
			224	97
			225	97
			225	98
			225	99
			225	100
			226	101
			226	102
			226	103
			226	104
			226	105
			225	106
			225	107
			225	108
			225	109
			224	110
			224	111
			224	112
			223	113
			223	114
			222	115
			221	116
			221	117
			220	118
			221	118
			221	119
			222	119
			223	120
			224	120
			225	121
			226	121
			227	122
			228	122
			229	123
			230	123
			231	124
			232	124
			233	125
			234	125
			235	125
			236	126
			237	126
			238	126
			239	127
			240	127
			241	127
		</suture>
		<anterior type=matrix rownames=FALSE colnames=FALSE nrow=204 ncol=2 as.numeric=TRUE >
			135	8
			136	8
			137	8
			138	8
			139	8
			140	8
			141	9
			142	9
			143	9
			144	9
			145	9
			146	9
			147	10
			148	10
			149	10
			150	10
			151	10
			151	11
			152	11
			153	11
			154	11
			155	12
			156	12
			157	12
			158	13
			159	13
			160	13
			161	14
			162	14
			163	14
			163	15
			164	15
			165	16
			166	16
			167	16
			167	17
			168	17
			169	18
			170	18
			171	19
			172	19
			173	20
			174	21
			175	22
			176	22
			177	23
			178	24
			179	24
			180	25
			180	26
			181	26
			182	27
			183	28
			184	29
			185	30
			186	31
			187	32
			188	33
			189	34
			190	35
			191	36
			191	37
			192	38
			193	39
			194	40
			194	41
			195	42
			195	43
			196	43
			196	44
			197	45
			198	46
			198	47
			199	48
			199	49
			200	50
			200	51
			201	52
			201	53
			202	54
			202	55
			203	56
			203	57
			204	58
			204	59
			205	59
			206	60
			206	61
			207	62
			208	63
			208	64
			209	65
			210	65
			210	66
			211	67
			211	68
			212	69
			213	70
			213	71
			214	71
			214	72
			215	73
			216	74
			216	75
			217	76
			217	77
			218	78
			219	78
			219	79
			220	80
			220	81
			221	82
			221	83
			222	84
			222	85
			223	86
			224	87
			224	88
			225	89
			225	90
			226	91
			227	92
			227	93
			227	94
			228	95
			228	96
			229	96
			229	97
			229	98
			230	99
			230	100
			231	101
			231	102
			232	103
			232	104
			233	105
			233	106
			234	107
			234	108
			234	109
			235	110
			235	111
			236	112
			236	113
			236	114
			237	115
			237	116
			237	117
			238	118
			238	119
			238	120
			239	121
			239	122
			239	123
			240	124
			240	125
			240	126
			241	127
			241	128
			241	129
			242	130
			242	131
			242	132
			243	133
			243	134
			243	135
			243	136
			244	137
			244	138
			244	139
			244	140
			245	141
			245	142
			245	143
			245	144
			245	145
			245	146
			246	146
			246	147
			246	148
			246	149
			246	150
			246	151
			246	152
			246	153
			246	154
			247	155
			247	156
			247	157
			247	158
			247	159
			247	160
			247	161
			247	162
			247	163
			247	164
			247	165
			247	166
			247	167
			247	168
			247	169
			247	170
			247	171
			247	172
		</anterior>
		<posterior type=matrix rownames=FALSE colnames=FALSE nrow=121 ncol=2 as.numeric=TRUE >
			135	172
			136	172
			137	172
			138	173
			139	173
			140	173
			141	173
			142	173
			143	173
			144	173
			145	173
			146	173
			147	173
			148	173
			149	173
			150	173
			151	173
			152	173
			153	173
			154	173
			155	173
			156	173
			157	173
			158	173
			159	172
			160	172
			161	172
			162	172
			163	172
			164	172
			165	171
			166	171
			167	171
			168	171
			169	170
			170	170
			171	170
			172	169
			173	169
			174	169
			175	169
			176	169
			177	168
			178	168
			179	168
			180	168
			181	168
			182	168
			183	168
			184	168
			185	168
			186	168
			187	168
			188	168
			189	168
			190	168
			191	168
			192	168
			193	168
			194	168
			195	168
			196	169
			197	169
			198	169
			199	169
			200	169
			201	169
			202	169
			203	170
			204	170
			205	170
			206	170
			207	170
			208	171
			209	171
			210	171
			211	171
			212	172
			213	172
			214	172
			215	173
			216	173
			217	173
			218	174
			219	174
			220	175
			221	175
			222	176
			223	176
			224	176
			225	177
			226	177
			227	178
			228	178
			229	179
			230	180
			231	180
			232	181
			233	182
			234	182
			235	183
			236	184
			237	185
			238	185
			239	186
			240	186
			241	186
			242	185
			243	184
			244	183
			245	182
			245	181
			245	180
			246	179
			246	178
			246	177
			246	176
			246	175
			247	174
			247	173
			247	172
		</posterior>
	</curves.pixel>
	<curves.scaled type=list>
		<glabella type=matrix rownames=FALSE colnames=FALSE nrow=198 ncol=2 as.numeric=TRUE >
			7.59786585365854	-0.450243902439024
			7.65414634146341	-0.450243902439024
			7.71042682926829	-0.450243902439024
			7.76670731707317	-0.450243902439024
			7.82298780487805	-0.450243902439024
			7.87926829268293	-0.450243902439024
			7.9355487804878	-0.506524390243903
			7.99182926829268	-0.506524390243903
			8.04810975609756	-0.506524390243903
			8.10439024390244	-0.506524390243903
			8.16067073170732	-0.506524390243903
			8.21695121951219	-0.506524390243903
			8.27323170731707	-0.506524390243903
			8.27323170731707	-0.562804878048781
			8.32951219512195	-0.562804878048781
			8.38579268292683	-0.562804878048781
			8.44207317073171	-0.562804878048781
			8.49835365853659	-0.562804878048781
			8.55463414634146	-0.619085365853659
			8.61091463414634	-0.619085365853659
			8.66719512195122	-0.619085365853659
			8.7234756097561	-0.675365853658537
			8.77975609756098	-0.675365853658537
			8.83603658536585	-0.675365853658537
			8.89231707317073	-0.731646341463415
			8.94859756097561	-0.731646341463415
			9.00487804878049	-0.731646341463415
			9.06115853658537	-0.787926829268293
			9.11743902439024	-0.787926829268293
			9.17371951219512	-0.844207317073171
			9.23	-0.844207317073171
			9.28628048780488	-0.900487804878049
			9.34256097560976	-0.900487804878049
			9.39884146341463	-0.956768292682927
			9.45512195121951	-0.956768292682927
			9.51140243902439	-1.01304878048781
			9.56768292682927	-1.01304878048781
			9.62396341463415	-1.06932926829268
			9.68024390243902	-1.06932926829268
			9.68024390243902	-1.12560975609756
			9.7365243902439	-1.12560975609756
			9.79280487804878	-1.18189024390244
			9.84908536585366	-1.18189024390244
			9.90536585365854	-1.23817073170732
			9.96164634146342	-1.2944512195122
			10.0179268292683	-1.2944512195122
			10.0179268292683	-1.35073170731707
			10.0742073170732	-1.40701219512195
			10.130487804878	-1.40701219512195
			10.1867682926829	-1.46329268292683
			10.2430487804878	-1.51957317073171
			10.2993292682927	-1.57585365853659
			10.3556097560976	-1.63213414634146
			10.4118902439024	-1.68841463414634
			10.4681707317073	-1.74469512195122
			10.5244512195122	-1.8009756097561
			10.5807317073171	-1.85725609756098
			10.637012195122	-1.91353658536585
			10.637012195122	-1.96981707317073
			10.6932926829268	-2.02609756097561
			10.7495731707317	-2.08237804878049
			10.8058536585366	-2.13865853658537
			10.8621341463415	-2.19493902439024
			10.9184146341463	-2.25121951219512
			10.9184146341463	-2.3075
			10.9746951219512	-2.36378048780488
			11.0309756097561	-2.42006097560976
			11.0309756097561	-2.47634146341463
			11.087256097561	-2.53262195121951
			11.1435365853659	-2.58890243902439
			11.1435365853659	-2.64518292682927
			11.1998170731707	-2.70146341463415
			11.1998170731707	-2.75774390243902
			11.2560975609756	-2.8140243902439
			11.2560975609756	-2.87030487804878
			11.3123780487805	-2.87030487804878
			11.3123780487805	-2.92658536585366
			11.3686585365854	-2.98286585365854
			11.3686585365854	-3.03914634146341
			11.4249390243902	-3.09542682926829
			11.4249390243902	-3.15170731707317
			11.4812195121951	-3.20798780487805
			11.4812195121951	-3.26426829268293
			11.4812195121951	-3.32054878048781
			11.5375	-3.32054878048781
			11.5375	-3.37682926829268
			11.5375	-3.43310975609756
			11.5375	-3.48939024390244
			11.5375	-3.54567073170732
			11.5937804878049	-3.6019512195122
			11.5937804878049	-3.65823170731707
			11.5375	-3.71451219512195
			11.5375	-3.77079268292683
			11.5375	-3.82707317073171
			11.5375	-3.88335365853659
			11.5375	-3.93963414634146
			11.5375	-3.99591463414634
			11.5375	-4.05219512195122
			11.4812195121951	-4.1084756097561
			11.4812195121951	-4.16475609756098
			11.4812195121951	-4.22103658536585
			11.4249390243902	-4.27731707317073
			11.4249390243902	-4.33359756097561
			11.4249390243902	-4.38987804878049
			11.3686585365854	-4.44615853658537
			11.3686585365854	-4.50243902439024
			11.3686585365854	-4.55871951219512
			11.3123780487805	-4.615
			11.3123780487805	-4.67128048780488
			11.2560975609756	-4.72756097560976
			11.2560975609756	-4.78384146341463
			11.1998170731707	-4.84012195121951
			11.1998170731707	-4.89640243902439
			11.1435365853659	-4.95268292682927
			11.1435365853659	-5.00896341463415
			11.087256097561	-5.06524390243902
			11.087256097561	-5.1215243902439
			11.0309756097561	-5.17780487804878
			11.0309756097561	-5.23408536585366
			10.9746951219512	-5.29036585365854
			10.9746951219512	-5.34664634146341
			10.9184146341463	-5.40292682926829
			10.9184146341463	-5.45920731707317
			10.8621341463415	-5.51548780487805
			10.8058536585366	-5.57176829268293
			10.8058536585366	-5.6280487804878
			10.7495731707317	-5.68432926829268
			10.7495731707317	-5.74060975609756
			10.6932926829268	-5.79689024390244
			10.6932926829268	-5.85317073170732
			10.637012195122	-5.90945121951219
			10.637012195122	-5.96573170731707
			10.5807317073171	-5.96573170731707
			10.5807317073171	-6.02201219512195
			10.5244512195122	-6.07829268292683
			10.5244512195122	-6.13457317073171
			10.4681707317073	-6.19085365853659
			10.4118902439024	-6.24713414634146
			10.4118902439024	-6.30341463414634
			10.3556097560976	-6.30341463414634
			10.3556097560976	-6.35969512195122
			10.2993292682927	-6.4159756097561
			10.2993292682927	-6.47225609756098
			10.2430487804878	-6.52853658536585
			10.1867682926829	-6.58481707317073
			10.1867682926829	-6.64109756097561
			10.130487804878	-6.69737804878049
			10.0742073170732	-6.75365853658537
			10.0742073170732	-6.80993902439024
			10.0179268292683	-6.86621951219512
			10.0179268292683	-6.9225
			9.96164634146342	-6.9225
			9.96164634146342	-6.97878048780488
			9.96164634146342	-7.03506097560976
			9.90536585365854	-7.09134146341463
			9.90536585365854	-7.14762195121951
			9.84908536585366	-7.20390243902439
			9.84908536585366	-7.26018292682927
			9.79280487804878	-7.31646341463415
			9.79280487804878	-7.37274390243902
			9.7365243902439	-7.4290243902439
			9.7365243902439	-7.48530487804878
			9.79280487804878	-7.54158536585366
			9.79280487804878	-7.59786585365854
			9.79280487804878	-7.65414634146341
			9.79280487804878	-7.71042682926829
			9.84908536585366	-7.76670731707317
			9.84908536585366	-7.82298780487805
			9.84908536585366	-7.87926829268293
			9.84908536585366	-7.9355487804878
			9.84908536585366	-7.99182926829268
			9.84908536585366	-8.04810975609756
			9.84908536585366	-8.10439024390244
			9.84908536585366	-8.16067073170732
			9.84908536585366	-8.21695121951219
			9.79280487804878	-8.27323170731707
			9.79280487804878	-8.32951219512195
			9.79280487804878	-8.38579268292683
			9.84908536585366	-8.44207317073171
			9.90536585365854	-8.44207317073171
			9.90536585365854	-8.49835365853659
			9.96164634146342	-8.55463414634146
			9.96164634146342	-8.61091463414634
			10.0179268292683	-8.66719512195122
			10.0179268292683	-8.7234756097561
			10.0179268292683	-8.77975609756098
			10.0742073170732	-8.83603658536585
			10.0742073170732	-8.89231707317073
			10.0742073170732	-8.94859756097561
			10.0742073170732	-9.00487804878049
			10.0742073170732	-9.06115853658537
			10.0742073170732	-9.11743902439024
			10.0742073170732	-9.17371951219512
			10.0742073170732	-9.23
			10.0742073170732	-9.28628048780488
			10.0742073170732	-9.34256097560976
			10.0742073170732	-9.39884146341463
			10.0742073170732	-9.45512195121951
		</glabella>
		<suture type=matrix rownames=FALSE colnames=FALSE nrow=173 ncol=2 as.numeric=TRUE >
			7.59786585365854	-0.450243902439024
			7.65414634146341	-0.450243902439024
			7.71042682926829	-0.450243902439024
			7.76670731707317	-0.450243902439024
			7.82298780487805	-0.506524390243903
			7.87926829268293	-0.506524390243903
			7.9355487804878	-0.506524390243903
			7.99182926829268	-0.506524390243903
			8.04810975609756	-0.506524390243903
			8.10439024390244	-0.562804878048781
			8.16067073170732	-0.562804878048781
			8.21695121951219	-0.562804878048781
			8.27323170731707	-0.562804878048781
			8.32951219512195	-0.562804878048781
			8.38579268292683	-0.619085365853659
			8.44207317073171	-0.619085365853659
			8.49835365853659	-0.619085365853659
			8.55463414634146	-0.619085365853659
			8.61091463414634	-0.675365853658537
			8.66719512195122	-0.675365853658537
			8.7234756097561	-0.675365853658537
			8.77975609756098	-0.731646341463415
			8.83603658536585	-0.731646341463415
			8.89231707317073	-0.731646341463415
			8.94859756097561	-0.787926829268293
			9.00487804878049	-0.787926829268293
			9.06115853658537	-0.844207317073171
			9.11743902439024	-0.844207317073171
			9.17371951219512	-0.900487804878049
			9.23	-0.900487804878049
			9.28628048780488	-0.900487804878049
			9.34256097560976	-0.956768292682927
			9.39884146341463	-0.956768292682927
			9.45512195121951	-1.01304878048781
			9.51140243902439	-1.01304878048781
			9.56768292682927	-1.06932926829268
			9.62396341463415	-1.12560975609756
			9.68024390243902	-1.12560975609756
			9.7365243902439	-1.18189024390244
			9.79280487804878	-1.18189024390244
			9.84908536585366	-1.23817073170732
			9.90536585365854	-1.23817073170732
			9.96164634146342	-1.2944512195122
			10.0179268292683	-1.35073170731707
			10.0742073170732	-1.40701219512195
			10.130487804878	-1.46329268292683
			10.1867682926829	-1.51957317073171
			10.2430487804878	-1.51957317073171
			10.2993292682927	-1.57585365853659
			10.3556097560976	-1.63213414634146
			10.4118902439024	-1.68841463414634
			10.4681707317073	-1.74469512195122
			10.5244512195122	-1.8009756097561
			10.5807317073171	-1.85725609756098
			10.637012195122	-1.91353658536585
			10.637012195122	-1.96981707317073
			10.6932926829268	-2.02609756097561
			10.7495731707317	-2.08237804878049
			10.8058536585366	-2.13865853658537
			10.8621341463415	-2.19493902439024
			10.8621341463415	-2.25121951219512
			10.9184146341463	-2.3075
			10.9746951219512	-2.36378048780488
			11.0309756097561	-2.42006097560976
			11.0309756097561	-2.47634146341463
			11.087256097561	-2.53262195121951
			11.1435365853659	-2.58890243902439
			11.1435365853659	-2.64518292682927
			11.1998170731707	-2.70146341463415
			11.1998170731707	-2.75774390243902
			11.2560975609756	-2.8140243902439
			11.2560975609756	-2.87030487804878
			11.3123780487805	-2.92658536585366
			11.3123780487805	-2.98286585365854
			11.3123780487805	-3.03914634146341
			11.3686585365854	-3.09542682926829
			11.3686585365854	-3.15170731707317
			11.4249390243902	-3.15170731707317
			11.4249390243902	-3.20798780487805
			11.4249390243902	-3.26426829268293
			11.4812195121951	-3.32054878048781
			11.4812195121951	-3.37682926829268
			11.5375	-3.43310975609756
			11.5375	-3.48939024390244
			11.5375	-3.54567073170732
			11.5937804878049	-3.6019512195122
			11.5937804878049	-3.65823170731707
			11.5937804878049	-3.71451219512195
			11.6500609756098	-3.77079268292683
			11.6500609756098	-3.82707317073171
			11.6500609756098	-3.88335365853659
			11.6500609756098	-3.93963414634146
			11.5937804878049	-3.93963414634146
			11.5937804878049	-3.99591463414634
			11.5937804878049	-4.05219512195122
			11.5937804878049	-4.1084756097561
			11.5375	-4.16475609756098
			11.5375	-4.22103658536585
			11.5375	-4.27731707317073
			11.5375	-4.33359756097561
			11.5375	-4.38987804878049
			11.5375	-4.44615853658537
			11.5937804878049	-4.44615853658537
			11.5937804878049	-4.50243902439024
			11.6500609756098	-4.55871951219512
			11.7063414634146	-4.615
			11.7626219512195	-4.615
			11.8189024390244	-4.67128048780488
			11.8751829268293	-4.67128048780488
			11.9314634146341	-4.72756097560976
			11.987743902439	-4.72756097560976
			11.987743902439	-4.78384146341463
			12.0440243902439	-4.78384146341463
			12.1003048780488	-4.84012195121951
			12.1565853658537	-4.84012195121951
			12.1565853658537	-4.89640243902439
			12.2128658536585	-4.89640243902439
			12.2691463414634	-4.95268292682927
			12.2691463414634	-5.00896341463415
			12.3254268292683	-5.00896341463415
			12.3254268292683	-5.06524390243902
			12.3817073170732	-5.06524390243902
			12.437987804878	-5.1215243902439
			12.4942682926829	-5.17780487804878
			12.4942682926829	-5.23408536585366
			12.5505487804878	-5.29036585365854
			12.6068292682927	-5.34664634146341
			12.6068292682927	-5.40292682926829
			12.6068292682927	-5.45920731707317
			12.6631097560976	-5.45920731707317
			12.6631097560976	-5.51548780487805
			12.6631097560976	-5.57176829268293
			12.6631097560976	-5.6280487804878
			12.7193902439024	-5.68432926829268
			12.7193902439024	-5.74060975609756
			12.7193902439024	-5.79689024390244
			12.7193902439024	-5.85317073170732
			12.7193902439024	-5.90945121951219
			12.6631097560976	-5.96573170731707
			12.6631097560976	-6.02201219512195
			12.6631097560976	-6.07829268292683
			12.6631097560976	-6.13457317073171
			12.6068292682927	-6.19085365853659
			12.6068292682927	-6.24713414634146
			12.6068292682927	-6.30341463414634
			12.5505487804878	-6.35969512195122
			12.5505487804878	-6.4159756097561
			12.4942682926829	-6.47225609756098
			12.437987804878	-6.52853658536585
			12.437987804878	-6.58481707317073
			12.3817073170732	-6.64109756097561
			12.437987804878	-6.64109756097561
			12.437987804878	-6.69737804878049
			12.4942682926829	-6.69737804878049
			12.5505487804878	-6.75365853658537
			12.6068292682927	-6.75365853658537
			12.6631097560976	-6.80993902439024
			12.7193902439024	-6.80993902439024
			12.7756707317073	-6.86621951219512
			12.8319512195122	-6.86621951219512
			12.8882317073171	-6.9225
			12.944512195122	-6.9225
			13.0007926829268	-6.97878048780488
			13.0570731707317	-6.97878048780488
			13.1133536585366	-7.03506097560976
			13.1696341463415	-7.03506097560976
			13.2259146341463	-7.03506097560976
			13.2821951219512	-7.09134146341463
			13.3384756097561	-7.09134146341463
			13.394756097561	-7.09134146341463
			13.4510365853659	-7.14762195121951
			13.5073170731707	-7.14762195121951
			13.5635975609756	-7.14762195121951
		</suture>
		<anterior type=matrix rownames=FALSE colnames=FALSE nrow=204 ncol=2 as.numeric=TRUE >
			7.59786585365854	-0.450243902439024
			7.65414634146341	-0.450243902439024
			7.71042682926829	-0.450243902439024
			7.76670731707317	-0.450243902439024
			7.82298780487805	-0.450243902439024
			7.87926829268293	-0.450243902439024
			7.9355487804878	-0.506524390243903
			7.99182926829268	-0.506524390243903
			8.04810975609756	-0.506524390243903
			8.10439024390244	-0.506524390243903
			8.16067073170732	-0.506524390243903
			8.21695121951219	-0.506524390243903
			8.27323170731707	-0.562804878048781
			8.32951219512195	-0.562804878048781
			8.38579268292683	-0.562804878048781
			8.44207317073171	-0.562804878048781
			8.49835365853659	-0.562804878048781
			8.49835365853659	-0.619085365853659
			8.55463414634146	-0.619085365853659
			8.61091463414634	-0.619085365853659
			8.66719512195122	-0.619085365853659
			8.7234756097561	-0.675365853658537
			8.77975609756098	-0.675365853658537
			8.83603658536585	-0.675365853658537
			8.89231707317073	-0.731646341463415
			8.94859756097561	-0.731646341463415
			9.00487804878049	-0.731646341463415
			9.06115853658537	-0.787926829268293
			9.11743902439024	-0.787926829268293
			9.17371951219512	-0.787926829268293
			9.17371951219512	-0.844207317073171
			9.23	-0.844207317073171
			9.28628048780488	-0.900487804878049
			9.34256097560976	-0.900487804878049
			9.39884146341463	-0.900487804878049
			9.39884146341463	-0.956768292682927
			9.45512195121951	-0.956768292682927
			9.51140243902439	-1.01304878048781
			9.56768292682927	-1.01304878048781
			9.62396341463415	-1.06932926829268
			9.68024390243902	-1.06932926829268
			9.7365243902439	-1.12560975609756
			9.79280487804878	-1.18189024390244
			9.84908536585366	-1.23817073170732
			9.90536585365854	-1.23817073170732
			9.96164634146342	-1.2944512195122
			10.0179268292683	-1.35073170731707
			10.0742073170732	-1.35073170731707
			10.130487804878	-1.40701219512195
			10.130487804878	-1.46329268292683
			10.1867682926829	-1.46329268292683
			10.2430487804878	-1.51957317073171
			10.2993292682927	-1.57585365853659
			10.3556097560976	-1.63213414634146
			10.4118902439024	-1.68841463414634
			10.4681707317073	-1.74469512195122
			10.5244512195122	-1.8009756097561
			10.5807317073171	-1.85725609756098
			10.637012195122	-1.91353658536585
			10.6932926829268	-1.96981707317073
			10.7495731707317	-2.02609756097561
			10.7495731707317	-2.08237804878049
			10.8058536585366	-2.13865853658537
			10.8621341463415	-2.19493902439024
			10.9184146341463	-2.25121951219512
			10.9184146341463	-2.3075
			10.9746951219512	-2.36378048780488
			10.9746951219512	-2.42006097560976
			11.0309756097561	-2.42006097560976
			11.0309756097561	-2.47634146341463
			11.087256097561	-2.53262195121951
			11.1435365853659	-2.58890243902439
			11.1435365853659	-2.64518292682927
			11.1998170731707	-2.70146341463415
			11.1998170731707	-2.75774390243902
			11.2560975609756	-2.8140243902439
			11.2560975609756	-2.87030487804878
			11.3123780487805	-2.92658536585366
			11.3123780487805	-2.98286585365854
			11.3686585365854	-3.03914634146341
			11.3686585365854	-3.09542682926829
			11.4249390243902	-3.15170731707317
			11.4249390243902	-3.20798780487805
			11.4812195121951	-3.26426829268293
			11.4812195121951	-3.32054878048781
			11.5375	-3.32054878048781
			11.5937804878049	-3.37682926829268
			11.5937804878049	-3.43310975609756
			11.6500609756098	-3.48939024390244
			11.7063414634146	-3.54567073170732
			11.7063414634146	-3.6019512195122
			11.7626219512195	-3.65823170731707
			11.8189024390244	-3.65823170731707
			11.8189024390244	-3.71451219512195
			11.8751829268293	-3.77079268292683
			11.8751829268293	-3.82707317073171
			11.9314634146341	-3.88335365853659
			11.987743902439	-3.93963414634146
			11.987743902439	-3.99591463414634
			12.0440243902439	-3.99591463414634
			12.0440243902439	-4.05219512195122
			12.1003048780488	-4.1084756097561
			12.1565853658537	-4.16475609756098
			12.1565853658537	-4.22103658536585
			12.2128658536585	-4.27731707317073
			12.2128658536585	-4.33359756097561
			12.2691463414634	-4.38987804878049
			12.3254268292683	-4.38987804878049
			12.3254268292683	-4.44615853658537
			12.3817073170732	-4.50243902439024
			12.3817073170732	-4.55871951219512
			12.437987804878	-4.615
			12.437987804878	-4.67128048780488
			12.4942682926829	-4.72756097560976
			12.4942682926829	-4.78384146341463
			12.5505487804878	-4.84012195121951
			12.6068292682927	-4.89640243902439
			12.6068292682927	-4.95268292682927
			12.6631097560976	-5.00896341463415
			12.6631097560976	-5.06524390243902
			12.7193902439024	-5.1215243902439
			12.7756707317073	-5.17780487804878
			12.7756707317073	-5.23408536585366
			12.7756707317073	-5.29036585365854
			12.8319512195122	-5.34664634146341
			12.8319512195122	-5.40292682926829
			12.8882317073171	-5.40292682926829
			12.8882317073171	-5.45920731707317
			12.8882317073171	-5.51548780487805
			12.944512195122	-5.57176829268293
			12.944512195122	-5.6280487804878
			13.0007926829268	-5.68432926829268
			13.0007926829268	-5.74060975609756
			13.0570731707317	-5.79689024390244
			13.0570731707317	-5.85317073170732
			13.1133536585366	-5.90945121951219
			13.1133536585366	-5.96573170731707
			13.1696341463415	-6.02201219512195
			13.1696341463415	-6.07829268292683
			13.1696341463415	-6.13457317073171
			13.2259146341463	-6.19085365853659
			13.2259146341463	-6.24713414634146
			13.2821951219512	-6.30341463414634
			13.2821951219512	-6.35969512195122
			13.2821951219512	-6.4159756097561
			13.3384756097561	-6.47225609756098
			13.3384756097561	-6.52853658536585
			13.3384756097561	-6.58481707317073
			13.394756097561	-6.64109756097561
			13.394756097561	-6.69737804878049
			13.394756097561	-6.75365853658537
			13.4510365853659	-6.80993902439024
			13.4510365853659	-6.86621951219512
			13.4510365853659	-6.9225
			13.5073170731707	-6.97878048780488
			13.5073170731707	-7.03506097560976
			13.5073170731707	-7.09134146341463
			13.5635975609756	-7.14762195121951
			13.5635975609756	-7.20390243902439
			13.5635975609756	-7.26018292682927
			13.6198780487805	-7.31646341463415
			13.6198780487805	-7.37274390243902
			13.6198780487805	-7.4290243902439
			13.6761585365854	-7.48530487804878
			13.6761585365854	-7.54158536585366
			13.6761585365854	-7.59786585365854
			13.6761585365854	-7.65414634146341
			13.7324390243902	-7.71042682926829
			13.7324390243902	-7.76670731707317
			13.7324390243902	-7.82298780487805
			13.7324390243902	-7.87926829268293
			13.7887195121951	-7.9355487804878
			13.7887195121951	-7.99182926829268
			13.7887195121951	-8.04810975609756
			13.7887195121951	-8.10439024390244
			13.7887195121951	-8.16067073170732
			13.7887195121951	-8.21695121951219
			13.845	-8.21695121951219
			13.845	-8.27323170731707
			13.845	-8.32951219512195
			13.845	-8.38579268292683
			13.845	-8.44207317073171
			13.845	-8.49835365853659
			13.845	-8.55463414634146
			13.845	-8.61091463414634
			13.845	-8.66719512195122
			13.9012804878049	-8.7234756097561
			13.9012804878049	-8.77975609756098
			13.9012804878049	-8.83603658536585
			13.9012804878049	-8.89231707317073
			13.9012804878049	-8.94859756097561
			13.9012804878049	-9.00487804878049
			13.9012804878049	-9.06115853658537
			13.9012804878049	-9.11743902439024
			13.9012804878049	-9.17371951219512
			13.9012804878049	-9.23
			13.9012804878049	-9.28628048780488
			13.9012804878049	-9.34256097560976
			13.9012804878049	-9.39884146341463
			13.9012804878049	-9.45512195121951
			13.9012804878049	-9.51140243902439
			13.9012804878049	-9.56768292682927
			13.9012804878049	-9.62396341463415
			13.9012804878049	-9.68024390243902
		</anterior>
		<posterior type=matrix rownames=FALSE colnames=FALSE nrow=121 ncol=2 as.numeric=TRUE >
			7.59786585365854	-9.68024390243902
			7.65414634146341	-9.68024390243902
			7.71042682926829	-9.68024390243902
			7.76670731707317	-9.7365243902439
			7.82298780487805	-9.7365243902439
			7.87926829268293	-9.7365243902439
			7.9355487804878	-9.7365243902439
			7.99182926829268	-9.7365243902439
			8.04810975609756	-9.7365243902439
			8.10439024390244	-9.7365243902439
			8.16067073170732	-9.7365243902439
			8.21695121951219	-9.7365243902439
			8.27323170731707	-9.7365243902439
			8.32951219512195	-9.7365243902439
			8.38579268292683	-9.7365243902439
			8.44207317073171	-9.7365243902439
			8.49835365853659	-9.7365243902439
			8.55463414634146	-9.7365243902439
			8.61091463414634	-9.7365243902439
			8.66719512195122	-9.7365243902439
			8.7234756097561	-9.7365243902439
			8.77975609756098	-9.7365243902439
			8.83603658536585	-9.7365243902439
			8.89231707317073	-9.7365243902439
			8.94859756097561	-9.68024390243902
			9.00487804878049	-9.68024390243902
			9.06115853658537	-9.68024390243902
			9.11743902439024	-9.68024390243902
			9.17371951219512	-9.68024390243902
			9.23	-9.68024390243902
			9.28628048780488	-9.62396341463415
			9.34256097560976	-9.62396341463415
			9.39884146341463	-9.62396341463415
			9.45512195121951	-9.62396341463415
			9.51140243902439	-9.56768292682927
			9.56768292682927	-9.56768292682927
			9.62396341463415	-9.56768292682927
			9.68024390243902	-9.51140243902439
			9.7365243902439	-9.51140243902439
			9.79280487804878	-9.51140243902439
			9.84908536585366	-9.51140243902439
			9.90536585365854	-9.51140243902439
			9.96164634146342	-9.45512195121951
			10.0179268292683	-9.45512195121951
			10.0742073170732	-9.45512195121951
			10.130487804878	-9.45512195121951
			10.1867682926829	-9.45512195121951
			10.2430487804878	-9.45512195121951
			10.2993292682927	-9.45512195121951
			10.3556097560976	-9.45512195121951
			10.4118902439024	-9.45512195121951
			10.4681707317073	-9.45512195121951
			10.5244512195122	-9.45512195121951
			10.5807317073171	-9.45512195121951
			10.637012195122	-9.45512195121951
			10.6932926829268	-9.45512195121951
			10.7495731707317	-9.45512195121951
			10.8058536585366	-9.45512195121951
			10.8621341463415	-9.45512195121951
			10.9184146341463	-9.45512195121951
			10.9746951219512	-9.45512195121951
			11.0309756097561	-9.51140243902439
			11.087256097561	-9.51140243902439
			11.1435365853659	-9.51140243902439
			11.1998170731707	-9.51140243902439
			11.2560975609756	-9.51140243902439
			11.3123780487805	-9.51140243902439
			11.3686585365854	-9.51140243902439
			11.4249390243902	-9.56768292682927
			11.4812195121951	-9.56768292682927
			11.5375	-9.56768292682927
			11.5937804878049	-9.56768292682927
			11.6500609756098	-9.56768292682927
			11.7063414634146	-9.62396341463415
			11.7626219512195	-9.62396341463415
			11.8189024390244	-9.62396341463415
			11.8751829268293	-9.62396341463415
			11.9314634146341	-9.68024390243902
			11.987743902439	-9.68024390243902
			12.0440243902439	-9.68024390243902
			12.1003048780488	-9.7365243902439
			12.1565853658537	-9.7365243902439
			12.2128658536585	-9.7365243902439
			12.2691463414634	-9.79280487804878
			12.3254268292683	-9.79280487804878
			12.3817073170732	-9.84908536585366
			12.437987804878	-9.84908536585366
			12.4942682926829	-9.90536585365854
			12.5505487804878	-9.90536585365854
			12.6068292682927	-9.90536585365854
			12.6631097560976	-9.96164634146342
			12.7193902439024	-9.96164634146342
			12.7756707317073	-10.0179268292683
			12.8319512195122	-10.0179268292683
			12.8882317073171	-10.0742073170732
			12.944512195122	-10.130487804878
			13.0007926829268	-10.130487804878
			13.0570731707317	-10.1867682926829
			13.1133536585366	-10.2430487804878
			13.1696341463415	-10.2430487804878
			13.2259146341463	-10.2993292682927
			13.2821951219512	-10.3556097560976
			13.3384756097561	-10.4118902439024
			13.394756097561	-10.4118902439024
			13.4510365853659	-10.4681707317073
			13.5073170731707	-10.4681707317073
			13.5635975609756	-10.4681707317073
			13.6198780487805	-10.4118902439024
			13.6761585365854	-10.3556097560976
			13.7324390243902	-10.2993292682927
			13.7887195121951	-10.2430487804878
			13.7887195121951	-10.1867682926829
			13.7887195121951	-10.130487804878
			13.845	-10.0742073170732
			13.845	-10.0179268292683
			13.845	-9.96164634146342
			13.845	-9.90536585365854
			13.845	-9.84908536585366
			13.9012804878049	-9.79280487804878
			13.9012804878049	-9.7365243902439
			13.9012804878049	-9.68024390243902
		</posterior>
	</curves.scaled>
	<ruler.points type=matrix rownames=TRUE colnames=FALSE nrow=2 ncol=2 as.numeric=TRUE >
		Ruler point 1	93	8
		Ruler point 2	93	172
	</ruler.points>
</shapes>

