<shapes type=list>
	<ruler.pixel type=vector names=FALSE length=1 as.numeric=TRUE >378</ruler.pixel>
	<ruler.interval type=vector names=FALSE length=1 as.numeric=TRUE >2.5</ruler.interval>
	<scaling.units type=vector names=FALSE length=1 as.numeric=FALSE >cm</scaling.units>
	<scaling type=vector names=FALSE length=1 as.numeric=TRUE >0.00661375661375661</scaling>
	<landmarks.pixel type=matrix rownames=TRUE colnames=FALSE nrow=16 ncol=2 as.numeric=TRUE >
		LM1	261	23
		LM2	261	31
		LM3	261	162
		LM4	261	192
		LM5	326	125
		LM6	330	163
		LM7	327	178
		LM8	368	87
		LM9	381	130
		LM10	261	23
		LM11	431	189
		LM12	430	222
		LM13	261	23
		LM14	400	113
		LM15	445	199
		LM16	438	367
	</landmarks.pixel>
	<landmarks.scaled type=matrix rownames=TRUE colnames=FALSE nrow=16 ncol=2 as.numeric=TRUE >
		LM1	1.72619047619048	-0.152116402116402
		LM2	1.72619047619048	-0.205026455026455
		LM3	1.72619047619048	-1.07142857142857
		LM4	1.72619047619048	-1.26984126984127
		LM5	2.15608465608466	-0.826719576719577
		LM6	2.18253968253968	-1.07804232804233
		LM7	2.16269841269841	-1.17724867724868
		LM8	2.43386243386243	-0.575396825396825
		LM9	2.51984126984127	-0.85978835978836
		LM10	1.72619047619048	-0.152116402116402
		LM11	2.8505291005291	-1.25
		LM12	2.84391534391534	-1.46825396825397
		LM13	1.72619047619048	-0.152116402116402
		LM14	2.64550264550265	-0.747354497354497
		LM15	2.94312169312169	-1.31613756613757
		LM16	2.8968253968254	-2.42724867724868
	</landmarks.scaled>
	<curves.control type=list>
		<glabella type=matrix rownames=FALSE colnames=FALSE nrow=9 ncol=2 as.numeric=TRUE >
			261	31
			300	41
			301	67
			321	70
			316	97
			336	122
			317	151
			339	158
			327	178
		</glabella>
		<suture type=matrix rownames=FALSE colnames=FALSE nrow=11 ncol=2 as.numeric=TRUE >
			261	23
			310	22
			357	44
			358	57
			358	64
			398	98
			392	134
			405	148
			425	179
			440	195
			430	222
		</suture>
		<anterior type=matrix rownames=FALSE colnames=FALSE nrow=37 ncol=2 as.numeric=TRUE >
			261	23
			310	22
			365	47
			420	89
			425	120
			441	118
			434	127
			416	128
			428	131
			442	129
			436	138
			420	139
			440	142
			447	141
			447	148
			441	150
			435	150
			432	154
			439	153
			454	151
			445	160
			432	159
			437	164
			453	159
			448	171
			437	173
			439	175
			455	170
			451	180
			434	180
			444	186
			466	184
			459	196
			446	192
			446	195
			442	197
			445	199
		</anterior>
		<posterior type=matrix rownames=FALSE colnames=FALSE nrow=27 ncol=2 as.numeric=TRUE >
			261	192
			281	205
			313	190
			324	186
			328	179
			333	183
			358	186
			386	189
			410	211
			414	218
			427	221
			439	227
			447	258
			456	303
			442	346
			430	383
			444	361
			476	302
			449	217
			454	217
			466	218
			472	213
			461	208
			442	208
			444	204
			445	200
			445	199
		</posterior>
	</curves.control>
	<curves.pixel type=list>
		<glabella type=matrix rownames=FALSE colnames=FALSE nrow=180 ncol=2 as.numeric=TRUE >
			261	31
			262	31
			263	32
			264	32
			265	32
			266	32
			267	33
			268	33
			269	33
			270	34
			271	34
			272	35
			273	35
			274	35
			275	36
			276	36
			277	37
			278	37
			279	37
			280	38
			281	38
			282	39
			283	40
			284	40
			285	41
			286	41
			287	42
			288	43
			289	44
			290	45
			291	45
			292	46
			293	47
			293	48
			294	49
			295	50
			296	51
			297	52
			297	53
			298	54
			298	55
			299	56
			299	57
			299	58
			300	59
			300	60
			300	61
			300	62
			301	63
			301	64
			301	65
			301	66
			301	67
			302	67
			303	67
			304	68
			305	68
			306	68
			307	69
			308	69
			309	70
			310	71
			311	71
			312	72
			313	73
			314	74
			314	75
			315	76
			315	77
			315	78
			316	78
			316	79
			316	80
			316	81
			317	82
			317	83
			317	84
			317	85
			317	86
			317	87
			317	88
			317	89
			317	90
			317	91
			317	92
			317	93
			316	94
			316	95
			316	96
			316	97
			317	98
			318	99
			318	100
			319	101
			320	102
			320	103
			321	104
			321	105
			322	105
			322	106
			322	107
			323	108
			323	109
			324	110
			324	111
			324	112
			325	112
			325	113
			325	114
			325	115
			325	116
			326	117
			326	118
			326	119
			326	120
			326	121
			326	122
			326	123
			326	124
			326	125
			326	126
			326	127
			326	128
			326	129
			326	130
			326	131
			325	131
			325	132
			325	133
			325	134
			325	135
			324	135
			324	136
			324	137
			324	138
			323	139
			323	140
			322	141
			322	142
			321	143
			321	144
			320	145
			320	146
			319	147
			319	148
			318	149
			317	150
			317	151
			318	151
			319	152
			320	152
			321	153
			322	153
			323	153
			324	154
			325	155
			326	155
			327	156
			328	157
			329	158
			330	159
			330	160
			331	161
			331	162
			331	163
			331	164
			331	165
			331	166
			331	167
			331	168
			331	169
			331	170
			330	171
			330	172
			329	173
			329	174
			329	175
			328	176
			327	177
			327	178
		</glabella>
		<suture type=matrix rownames=FALSE colnames=FALSE nrow=283 ncol=2 as.numeric=TRUE >
			261	23
			262	23
			263	23
			264	23
			265	23
			266	23
			267	23
			268	23
			269	23
			270	23
			271	23
			272	23
			273	23
			274	23
			275	23
			276	23
			277	23
			278	23
			279	23
			280	23
			281	24
			282	24
			283	24
			284	24
			285	24
			286	24
			287	24
			288	24
			289	24
			290	24
			291	25
			292	25
			293	25
			294	25
			295	25
			296	25
			297	25
			298	26
			299	26
			300	26
			301	26
			302	26
			303	26
			304	27
			305	27
			306	27
			307	27
			308	27
			309	28
			310	28
			311	28
			312	28
			313	29
			314	29
			315	29
			316	29
			317	30
			318	30
			319	30
			320	30
			321	31
			322	31
			323	31
			324	31
			325	32
			326	32
			327	32
			328	33
			329	33
			330	33
			331	34
			332	34
			333	34
			334	35
			335	35
			336	35
			337	36
			338	36
			339	36
			340	37
			341	37
			342	38
			343	38
			344	38
			345	39
			346	39
			347	40
			348	40
			349	40
			350	41
			351	41
			352	42
			353	42
			354	43
			355	43
			356	44
			357	44
			357	45
			357	46
			357	47
			357	48
			357	49
			357	50
			357	51
			358	52
			358	53
			358	54
			358	55
			358	56
			358	57
			358	58
			358	59
			358	60
			358	61
			358	62
			358	63
			358	64
			359	65
			360	66
			361	67
			362	68
			363	69
			364	70
			365	71
			366	72
			367	72
			368	73
			369	74
			370	75
			371	76
			372	77
			372	78
			373	79
			374	80
			375	81
			376	82
			376	83
			377	83
			378	84
			378	85
			379	86
			380	87
			380	88
			381	89
			382	90
			382	91
			383	92
			383	93
			384	94
			384	95
			385	95
			385	96
			386	97
			386	98
			387	99
			387	100
			388	101
			388	102
			388	103
			389	104
			389	105
			389	106
			390	107
			390	108
			391	109
			391	110
			391	111
			391	112
			392	113
			392	114
			392	115
			392	116
			392	117
			392	118
			393	119
			393	120
			393	121
			393	122
			393	123
			393	124
			393	125
			393	126
			393	127
			393	128
			393	129
			393	130
			392	131
			392	132
			392	133
			392	134
			393	135
			393	136
			394	136
			395	137
			396	138
			396	139
			397	140
			398	141
			399	142
			400	143
			400	144
			401	145
			402	146
			403	147
			404	148
			404	149
			405	150
			405	151
			406	151
			407	152
			407	153
			408	153
			408	154
			409	155
			409	156
			410	157
			411	158
			412	159
			412	160
			413	161
			414	162
			415	163
			415	164
			416	165
			417	166
			417	167
			418	168
			418	169
			419	170
			420	171
			420	172
			421	173
			422	174
			422	175
			423	175
			423	176
			424	177
			424	178
			425	179
			426	180
			427	181
			427	182
			428	183
			429	184
			429	185
			430	186
			431	187
			431	188
			432	189
			432	190
			432	191
			433	192
			433	193
			433	194
			433	195
			433	196
			434	196
			434	197
			434	198
			434	199
			434	200
			434	201
			434	202
			434	203
			434	204
			434	205
			434	206
			434	207
			434	208
			434	209
			433	210
			433	211
			433	212
			433	213
			433	214
			432	215
			432	216
			432	217
			431	218
			431	219
			431	220
			430	221
			430	222
		</suture>
		<anterior type=matrix rownames=FALSE colnames=FALSE nrow=420 ncol=2 as.numeric=TRUE >
			261	23
			262	23
			263	23
			264	23
			265	23
			266	23
			267	23
			268	23
			269	23
			270	23
			271	23
			272	23
			273	23
			274	23
			275	23
			276	23
			277	23
			278	23
			279	23
			279	24
			280	24
			281	24
			282	24
			283	24
			284	24
			285	24
			286	24
			287	24
			288	24
			289	24
			290	25
			291	25
			292	25
			293	25
			294	25
			295	25
			296	26
			297	26
			298	26
			299	26
			300	26
			301	26
			302	27
			303	27
			304	27
			305	27
			306	27
			307	28
			308	28
			309	28
			310	28
			311	28
			312	29
			313	29
			314	29
			315	29
			316	30
			317	30
			318	30
			319	30
			320	31
			321	31
			322	31
			323	31
			324	32
			325	32
			326	32
			327	33
			328	33
			329	33
			330	33
			331	34
			332	34
			333	34
			334	35
			335	35
			336	35
			337	36
			338	36
			339	36
			340	37
			341	37
			342	38
			343	38
			344	38
			345	39
			346	39
			347	39
			348	40
			349	40
			350	41
			351	41
			352	41
			353	42
			354	42
			355	43
			356	43
			357	44
			358	44
			359	44
			360	45
			361	45
			362	46
			363	46
			364	47
			365	47
			366	48
			367	49
			368	50
			369	50
			370	51
			371	52
			372	53
			373	54
			374	54
			375	55
			376	56
			377	57
			378	57
			379	58
			380	59
			381	60
			382	60
			383	61
			383	62
			384	63
			385	63
			386	64
			387	65
			388	66
			389	67
			390	68
			391	69
			392	70
			393	71
			394	72
			395	72
			396	73
			397	74
			397	75
			398	76
			399	77
			400	78
			401	79
			402	79
			402	80
			403	81
			404	82
			405	83
			405	84
			406	84
			407	85
			407	86
			408	87
			409	88
			409	89
			410	89
			411	90
			411	91
			412	92
			412	93
			413	93
			414	94
			414	95
			415	96
			415	97
			416	97
			416	98
			417	99
			417	100
			418	101
			418	102
			419	103
			419	104
			420	105
			420	106
			421	107
			421	108
			422	108
			422	109
			422	110
			423	111
			423	112
			423	113
			424	114
			424	115
			424	116
			424	117
			425	118
			425	119
			425	120
			426	120
			427	120
			428	120
			429	120
			430	120
			431	120
			432	120
			433	120
			434	120
			435	120
			436	121
			436	122
			436	123
			436	124
			435	125
			435	126
			434	127
			433	127
			432	127
			431	127
			430	127
			429	127
			428	127
			427	128
			426	128
			425	128
			424	128
			423	129
			424	130
			425	130
			426	131
			427	131
			428	131
			429	131
			430	131
			431	131
			432	131
			433	131
			434	131
			435	131
			436	131
			437	132
			438	133
			438	134
			437	135
			437	136
			436	137
			435	138
			434	138
			433	138
			432	138
			431	138
			431	139
			430	139
			429	139
			430	140
			431	140
			432	141
			433	141
			434	141
			435	141
			436	141
			437	142
			438	142
			439	142
			440	142
			441	142
			442	142
			443	142
			444	142
			445	143
			446	144
			446	145
			447	146
			447	147
			446	148
			445	149
			444	149
			443	149
			442	149
			441	149
			441	150
			440	150
			439	150
			438	150
			437	150
			436	150
			435	150
			434	151
			434	152
			434	153
			435	153
			436	153
			437	153
			438	153
			439	153
			440	153
			441	153
			442	153
			443	153
			444	153
			445	153
			446	153
			447	153
			448	154
			448	155
			448	156
			447	157
			446	158
			446	159
			445	160
			444	160
			443	160
			442	160
			441	160
			440	160
			439	160
			438	160
			437	160
			436	161
			436	162
			436	163
			437	164
			438	164
			439	163
			440	163
			441	163
			442	163
			443	163
			444	163
			445	163
			446	163
			447	163
			448	163
			448	164
			449	164
			449	165
			449	166
			449	167
			449	168
			449	169
			448	170
			448	171
			447	171
			446	171
			445	172
			444	172
			443	172
			442	172
			441	173
			440	173
			439	174
			439	175
			440	175
			441	174
			442	174
			443	174
			444	174
			445	174
			446	173
			447	173
			448	173
			449	173
			449	174
			450	174
			451	174
			452	175
			452	176
			452	177
			452	178
			451	179
			450	180
			449	180
			448	180
			447	180
			446	180
			445	180
			444	180
			443	181
			442	181
			441	181
			440	182
			440	183
			441	184
			442	185
			443	185
			444	186
			445	186
			446	186
			447	186
			448	186
			449	186
			450	186
			451	186
			452	186
			453	186
			454	186
			455	186
			456	186
			457	187
			458	187
			459	188
			460	188
			460	189
			461	190
			461	191
			461	192
			460	193
			460	194
			459	195
			458	196
			457	195
			456	195
			455	195
			454	195
			453	194
			452	194
			451	194
			450	194
			449	194
			448	194
			447	194
			446	194
			446	195
			445	195
			444	196
			444	197
			444	198
			445	199
		</anterior>
		<posterior type=matrix rownames=FALSE colnames=FALSE nrow=538 ncol=2 as.numeric=TRUE >
			261	192
			262	193
			263	193
			264	194
			265	194
			266	195
			267	195
			268	196
			269	196
			270	196
			271	197
			272	197
			273	197
			274	197
			275	198
			276	198
			277	198
			278	198
			279	198
			280	198
			281	198
			282	198
			283	198
			284	198
			285	198
			286	198
			287	198
			288	198
			289	198
			290	197
			291	197
			292	197
			293	197
			294	197
			295	196
			296	196
			297	196
			298	196
			299	195
			300	195
			301	195
			302	194
			303	194
			304	194
			305	193
			306	193
			307	193
			308	192
			309	192
			310	191
			311	191
			312	190
			313	190
			314	190
			314	189
			315	189
			316	189
			317	188
			318	188
			319	187
			320	187
			321	186
			322	185
			323	185
			324	184
			325	183
			326	182
			327	181
			327	180
			328	179
			329	180
			330	180
			331	181
			332	181
			333	181
			334	182
			335	182
			336	182
			337	183
			338	183
			339	183
			340	183
			341	183
			342	184
			343	184
			344	184
			345	184
			346	184
			347	184
			348	185
			349	185
			350	185
			351	185
			352	185
			353	185
			354	185
			355	186
			356	186
			357	186
			358	186
			359	186
			360	186
			361	186
			362	186
			362	187
			363	187
			364	187
			365	187
			366	187
			367	188
			368	188
			369	188
			370	188
			371	188
			372	189
			373	189
			374	189
			375	190
			376	190
			377	191
			378	191
			379	191
			380	191
			380	192
			381	192
			382	192
			383	193
			384	193
			385	194
			386	194
			387	195
			388	195
			389	196
			390	196
			391	197
			392	197
			393	198
			394	198
			394	199
			395	199
			396	200
			397	201
			398	201
			399	202
			400	203
			401	204
			402	204
			403	205
			404	206
			405	207
			406	208
			407	209
			408	209
			409	210
			410	211
			410	212
			411	212
			411	213
			412	213
			412	214
			413	214
			413	215
			414	215
			414	216
			415	216
			416	217
			417	218
			418	218
			419	219
			420	219
			421	219
			422	220
			423	220
			424	220
			425	221
			426	221
			427	221
			428	221
			429	222
			429	223
			430	223
			431	224
			432	225
			433	225
			433	226
			434	227
			435	228
			436	229
			436	230
			437	231
			437	232
			438	233
			438	234
			439	235
			439	236
			440	237
			440	238
			441	239
			441	240
			442	241
			442	242
			442	243
			443	244
			443	245
			443	246
			444	247
			444	248
			444	249
			445	250
			445	251
			445	252
			446	253
			446	254
			446	255
			446	256
			447	257
			447	258
			447	259
			447	260
			448	261
			448	262
			448	263
			448	264
			448	265
			448	266
			449	267
			449	268
			449	269
			449	270
			449	271
			449	272
			449	273
			449	274
			450	275
			450	276
			450	277
			450	278
			450	279
			450	280
			450	281
			450	282
			450	283
			450	284
			450	285
			450	286
			450	287
			450	288
			450	289
			450	290
			451	290
			451	291
			451	292
			451	293
			451	294
			451	295
			450	296
			450	297
			450	298
			450	299
			450	300
			450	301
			450	302
			450	303
			450	304
			450	305
			450	306
			450	307
			450	308
			450	309
			450	310
			450	311
			449	312
			449	313
			449	314
			449	315
			449	316
			449	317
			449	318
			449	319
			448	320
			448	321
			448	322
			448	323
			448	324
			447	325
			447	326
			447	327
			447	328
			447	329
			446	330
			446	331
			446	332
			446	333
			446	334
			445	335
			445	336
			445	337
			445	338
			444	339
			444	340
			443	341
			443	342
			443	343
			443	344
			442	345
			442	346
			442	347
			441	348
			441	349
			441	350
			440	351
			440	352
			440	353
			440	354
			439	355
			439	356
			439	357
			438	358
			438	359
			438	360
			438	361
			437	362
			437	363
			437	364
			437	365
			437	366
			436	367
			436	368
			437	369
			438	369
			439	368
			440	367
			440	366
			441	365
			442	364
			442	363
			443	362
			444	361
			445	360
			445	359
			446	358
			446	357
			446	356
			447	356
			447	355
			448	354
			448	353
			448	352
			449	352
			449	351
			449	350
			450	349
			450	348
			451	347
			451	346
			451	345
			452	344
			452	343
			452	342
			453	341
			453	340
			453	339
			454	338
			454	337
			454	336
			455	335
			455	334
			455	333
			456	332
			456	331
			456	330
			457	329
			457	328
			457	327
			457	326
			457	325
			458	324
			458	323
			458	322
			458	321
			459	320
			459	319
			459	318
			459	317
			459	316
			459	315
			460	314
			460	313
			460	312
			460	311
			460	310
			460	309
			460	308
			460	307
			461	306
			461	305
			461	304
			461	303
			461	302
			461	301
			461	300
			461	299
			461	298
			461	297
			461	296
			461	295
			461	294
			461	293
			461	292
			461	291
			461	290
			461	289
			461	288
			461	287
			461	286
			461	285
			461	284
			461	283
			461	282
			461	281
			461	280
			461	279
			461	278
			461	277
			461	276
			461	275
			461	274
			461	273
			461	272
			460	271
			460	270
			460	269
			460	268
			460	267
			460	266
			460	265
			460	264
			460	263
			459	262
			459	261
			459	260
			459	259
			459	258
			459	257
			458	256
			458	255
			458	254
			458	253
			458	252
			458	251
			457	250
			457	249
			457	248
			457	247
			457	246
			456	245
			456	244
			456	243
			456	242
			456	241
			455	240
			455	239
			455	238
			455	237
			454	236
			454	235
			454	234
			453	233
			453	232
			453	231
			453	230
			452	229
			452	228
			452	227
			452	226
			452	225
			451	225
			451	224
			451	223
			451	222
			450	221
			450	220
			450	219
			449	218
			449	217
			450	217
			451	217
			452	217
			453	217
			454	217
			455	217
			456	217
			457	217
			458	217
			459	217
			460	218
			461	218
			462	218
			463	218
			464	218
			465	218
			466	218
			467	217
			468	216
			468	215
			468	214
			468	213
			467	212
			466	211
			465	210
			464	209
			463	209
			462	208
			461	208
			460	208
			459	208
			458	208
			457	208
			456	208
			455	208
			454	208
			453	208
			452	208
			451	208
			450	207
			449	207
			448	207
			447	207
			446	207
			445	206
			444	206
			444	205
			444	204
			444	203
			444	202
			445	201
			445	200
			445	199
		</posterior>
	</curves.pixel>
	<curves.scaled type=list>
		<glabella type=matrix rownames=FALSE colnames=FALSE nrow=180 ncol=2 as.numeric=TRUE >
			1.72619047619048	-0.205026455026455
			1.73280423280423	-0.205026455026455
			1.73941798941799	-0.211640211640212
			1.74603174603175	-0.211640211640212
			1.7526455026455	-0.211640211640212
			1.75925925925926	-0.211640211640212
			1.76587301587302	-0.218253968253968
			1.77248677248677	-0.218253968253968
			1.77910052910053	-0.218253968253968
			1.78571428571429	-0.224867724867725
			1.79232804232804	-0.224867724867725
			1.7989417989418	-0.231481481481481
			1.80555555555556	-0.231481481481481
			1.81216931216931	-0.231481481481481
			1.81878306878307	-0.238095238095238
			1.82539682539683	-0.238095238095238
			1.83201058201058	-0.244708994708995
			1.83862433862434	-0.244708994708995
			1.8452380952381	-0.244708994708995
			1.85185185185185	-0.251322751322751
			1.85846560846561	-0.251322751322751
			1.86507936507936	-0.257936507936508
			1.87169312169312	-0.264550264550265
			1.87830687830688	-0.264550264550265
			1.88492063492063	-0.271164021164021
			1.89153439153439	-0.271164021164021
			1.89814814814815	-0.277777777777778
			1.9047619047619	-0.284391534391534
			1.91137566137566	-0.291005291005291
			1.91798941798942	-0.297619047619048
			1.92460317460317	-0.297619047619048
			1.93121693121693	-0.304232804232804
			1.93783068783069	-0.310846560846561
			1.93783068783069	-0.317460317460317
			1.94444444444444	-0.324074074074074
			1.9510582010582	-0.330687830687831
			1.95767195767196	-0.337301587301587
			1.96428571428571	-0.343915343915344
			1.96428571428571	-0.350529100529101
			1.97089947089947	-0.357142857142857
			1.97089947089947	-0.363756613756614
			1.97751322751323	-0.37037037037037
			1.97751322751323	-0.376984126984127
			1.97751322751323	-0.383597883597884
			1.98412698412698	-0.39021164021164
			1.98412698412698	-0.396825396825397
			1.98412698412698	-0.403439153439153
			1.98412698412698	-0.41005291005291
			1.99074074074074	-0.416666666666667
			1.99074074074074	-0.423280423280423
			1.99074074074074	-0.42989417989418
			1.99074074074074	-0.436507936507937
			1.99074074074074	-0.443121693121693
			1.9973544973545	-0.443121693121693
			2.00396825396825	-0.443121693121693
			2.01058201058201	-0.44973544973545
			2.01719576719577	-0.44973544973545
			2.02380952380952	-0.44973544973545
			2.03042328042328	-0.456349206349206
			2.03703703703704	-0.456349206349206
			2.04365079365079	-0.462962962962963
			2.05026455026455	-0.46957671957672
			2.05687830687831	-0.46957671957672
			2.06349206349206	-0.476190476190476
			2.07010582010582	-0.482804232804233
			2.07671957671958	-0.489417989417989
			2.07671957671958	-0.496031746031746
			2.08333333333333	-0.502645502645503
			2.08333333333333	-0.509259259259259
			2.08333333333333	-0.515873015873016
			2.08994708994709	-0.515873015873016
			2.08994708994709	-0.522486772486772
			2.08994708994709	-0.529100529100529
			2.08994708994709	-0.535714285714286
			2.09656084656085	-0.542328042328042
			2.09656084656085	-0.548941798941799
			2.09656084656085	-0.555555555555556
			2.09656084656085	-0.562169312169312
			2.09656084656085	-0.568783068783069
			2.09656084656085	-0.575396825396825
			2.09656084656085	-0.582010582010582
			2.09656084656085	-0.588624338624339
			2.09656084656085	-0.595238095238095
			2.09656084656085	-0.601851851851852
			2.09656084656085	-0.608465608465608
			2.09656084656085	-0.615079365079365
			2.08994708994709	-0.621693121693122
			2.08994708994709	-0.628306878306878
			2.08994708994709	-0.634920634920635
			2.08994708994709	-0.641534391534392
			2.09656084656085	-0.648148148148148
			2.1031746031746	-0.654761904761905
			2.1031746031746	-0.661375661375661
			2.10978835978836	-0.667989417989418
			2.11640211640212	-0.674603174603175
			2.11640211640212	-0.681216931216931
			2.12301587301587	-0.687830687830688
			2.12301587301587	-0.694444444444444
			2.12962962962963	-0.694444444444444
			2.12962962962963	-0.701058201058201
			2.12962962962963	-0.707671957671958
			2.13624338624339	-0.714285714285714
			2.13624338624339	-0.720899470899471
			2.14285714285714	-0.727513227513227
			2.14285714285714	-0.734126984126984
			2.14285714285714	-0.740740740740741
			2.1494708994709	-0.740740740740741
			2.1494708994709	-0.747354497354497
			2.1494708994709	-0.753968253968254
			2.1494708994709	-0.760582010582011
			2.1494708994709	-0.767195767195767
			2.15608465608466	-0.773809523809524
			2.15608465608466	-0.78042328042328
			2.15608465608466	-0.787037037037037
			2.15608465608466	-0.793650793650794
			2.15608465608466	-0.80026455026455
			2.15608465608466	-0.806878306878307
			2.15608465608466	-0.813492063492063
			2.15608465608466	-0.82010582010582
			2.15608465608466	-0.826719576719577
			2.15608465608466	-0.833333333333333
			2.15608465608466	-0.83994708994709
			2.15608465608466	-0.846560846560847
			2.15608465608466	-0.853174603174603
			2.15608465608466	-0.85978835978836
			2.15608465608466	-0.866402116402116
			2.1494708994709	-0.866402116402116
			2.1494708994709	-0.873015873015873
			2.1494708994709	-0.87962962962963
			2.1494708994709	-0.886243386243386
			2.1494708994709	-0.892857142857143
			2.14285714285714	-0.892857142857143
			2.14285714285714	-0.899470899470899
			2.14285714285714	-0.906084656084656
			2.14285714285714	-0.912698412698413
			2.13624338624339	-0.919312169312169
			2.13624338624339	-0.925925925925926
			2.12962962962963	-0.932539682539682
			2.12962962962963	-0.939153439153439
			2.12301587301587	-0.945767195767196
			2.12301587301587	-0.952380952380952
			2.11640211640212	-0.958994708994709
			2.11640211640212	-0.965608465608466
			2.10978835978836	-0.972222222222222
			2.10978835978836	-0.978835978835979
			2.1031746031746	-0.985449735449735
			2.09656084656085	-0.992063492063492
			2.09656084656085	-0.998677248677249
			2.1031746031746	-0.998677248677249
			2.10978835978836	-1.00529100529101
			2.11640211640212	-1.00529100529101
			2.12301587301587	-1.01190476190476
			2.12962962962963	-1.01190476190476
			2.13624338624339	-1.01190476190476
			2.14285714285714	-1.01851851851852
			2.1494708994709	-1.02513227513228
			2.15608465608466	-1.02513227513228
			2.16269841269841	-1.03174603174603
			2.16931216931217	-1.03835978835979
			2.17592592592593	-1.04497354497354
			2.18253968253968	-1.0515873015873
			2.18253968253968	-1.05820105820106
			2.18915343915344	-1.06481481481481
			2.18915343915344	-1.07142857142857
			2.18915343915344	-1.07804232804233
			2.18915343915344	-1.08465608465608
			2.18915343915344	-1.09126984126984
			2.18915343915344	-1.0978835978836
			2.18915343915344	-1.10449735449735
			2.18915343915344	-1.11111111111111
			2.18915343915344	-1.11772486772487
			2.18915343915344	-1.12433862433862
			2.18253968253968	-1.13095238095238
			2.18253968253968	-1.13756613756614
			2.17592592592593	-1.14417989417989
			2.17592592592593	-1.15079365079365
			2.17592592592593	-1.15740740740741
			2.16931216931217	-1.16402116402116
			2.16269841269841	-1.17063492063492
			2.16269841269841	-1.17724867724868
		</glabella>
		<suture type=matrix rownames=FALSE colnames=FALSE nrow=283 ncol=2 as.numeric=TRUE >
			1.72619047619048	-0.152116402116402
			1.73280423280423	-0.152116402116402
			1.73941798941799	-0.152116402116402
			1.74603174603175	-0.152116402116402
			1.7526455026455	-0.152116402116402
			1.75925925925926	-0.152116402116402
			1.76587301587302	-0.152116402116402
			1.77248677248677	-0.152116402116402
			1.77910052910053	-0.152116402116402
			1.78571428571429	-0.152116402116402
			1.79232804232804	-0.152116402116402
			1.7989417989418	-0.152116402116402
			1.80555555555556	-0.152116402116402
			1.81216931216931	-0.152116402116402
			1.81878306878307	-0.152116402116402
			1.82539682539683	-0.152116402116402
			1.83201058201058	-0.152116402116402
			1.83862433862434	-0.152116402116402
			1.8452380952381	-0.152116402116402
			1.85185185185185	-0.152116402116402
			1.85846560846561	-0.158730158730159
			1.86507936507936	-0.158730158730159
			1.87169312169312	-0.158730158730159
			1.87830687830688	-0.158730158730159
			1.88492063492063	-0.158730158730159
			1.89153439153439	-0.158730158730159
			1.89814814814815	-0.158730158730159
			1.9047619047619	-0.158730158730159
			1.91137566137566	-0.158730158730159
			1.91798941798942	-0.158730158730159
			1.92460317460317	-0.165343915343915
			1.93121693121693	-0.165343915343915
			1.93783068783069	-0.165343915343915
			1.94444444444444	-0.165343915343915
			1.9510582010582	-0.165343915343915
			1.95767195767196	-0.165343915343915
			1.96428571428571	-0.165343915343915
			1.97089947089947	-0.171957671957672
			1.97751322751323	-0.171957671957672
			1.98412698412698	-0.171957671957672
			1.99074074074074	-0.171957671957672
			1.9973544973545	-0.171957671957672
			2.00396825396825	-0.171957671957672
			2.01058201058201	-0.178571428571429
			2.01719576719577	-0.178571428571429
			2.02380952380952	-0.178571428571429
			2.03042328042328	-0.178571428571429
			2.03703703703704	-0.178571428571429
			2.04365079365079	-0.185185185185185
			2.05026455026455	-0.185185185185185
			2.05687830687831	-0.185185185185185
			2.06349206349206	-0.185185185185185
			2.07010582010582	-0.191798941798942
			2.07671957671958	-0.191798941798942
			2.08333333333333	-0.191798941798942
			2.08994708994709	-0.191798941798942
			2.09656084656085	-0.198412698412698
			2.1031746031746	-0.198412698412698
			2.10978835978836	-0.198412698412698
			2.11640211640212	-0.198412698412698
			2.12301587301587	-0.205026455026455
			2.12962962962963	-0.205026455026455
			2.13624338624339	-0.205026455026455
			2.14285714285714	-0.205026455026455
			2.1494708994709	-0.211640211640212
			2.15608465608466	-0.211640211640212
			2.16269841269841	-0.211640211640212
			2.16931216931217	-0.218253968253968
			2.17592592592593	-0.218253968253968
			2.18253968253968	-0.218253968253968
			2.18915343915344	-0.224867724867725
			2.1957671957672	-0.224867724867725
			2.20238095238095	-0.224867724867725
			2.20899470899471	-0.231481481481481
			2.21560846560847	-0.231481481481481
			2.22222222222222	-0.231481481481481
			2.22883597883598	-0.238095238095238
			2.23544973544974	-0.238095238095238
			2.24206349206349	-0.238095238095238
			2.24867724867725	-0.244708994708995
			2.25529100529101	-0.244708994708995
			2.26190476190476	-0.251322751322751
			2.26851851851852	-0.251322751322751
			2.27513227513227	-0.251322751322751
			2.28174603174603	-0.257936507936508
			2.28835978835979	-0.257936507936508
			2.29497354497354	-0.264550264550265
			2.3015873015873	-0.264550264550265
			2.30820105820106	-0.264550264550265
			2.31481481481481	-0.271164021164021
			2.32142857142857	-0.271164021164021
			2.32804232804233	-0.277777777777778
			2.33465608465608	-0.277777777777778
			2.34126984126984	-0.284391534391534
			2.3478835978836	-0.284391534391534
			2.35449735449735	-0.291005291005291
			2.36111111111111	-0.291005291005291
			2.36111111111111	-0.297619047619048
			2.36111111111111	-0.304232804232804
			2.36111111111111	-0.310846560846561
			2.36111111111111	-0.317460317460317
			2.36111111111111	-0.324074074074074
			2.36111111111111	-0.330687830687831
			2.36111111111111	-0.337301587301587
			2.36772486772487	-0.343915343915344
			2.36772486772487	-0.350529100529101
			2.36772486772487	-0.357142857142857
			2.36772486772487	-0.363756613756614
			2.36772486772487	-0.37037037037037
			2.36772486772487	-0.376984126984127
			2.36772486772487	-0.383597883597884
			2.36772486772487	-0.39021164021164
			2.36772486772487	-0.396825396825397
			2.36772486772487	-0.403439153439153
			2.36772486772487	-0.41005291005291
			2.36772486772487	-0.416666666666667
			2.36772486772487	-0.423280423280423
			2.37433862433862	-0.42989417989418
			2.38095238095238	-0.436507936507937
			2.38756613756614	-0.443121693121693
			2.39417989417989	-0.44973544973545
			2.40079365079365	-0.456349206349206
			2.40740740740741	-0.462962962962963
			2.41402116402116	-0.46957671957672
			2.42063492063492	-0.476190476190476
			2.42724867724868	-0.476190476190476
			2.43386243386243	-0.482804232804233
			2.44047619047619	-0.489417989417989
			2.44708994708995	-0.496031746031746
			2.4537037037037	-0.502645502645503
			2.46031746031746	-0.509259259259259
			2.46031746031746	-0.515873015873016
			2.46693121693122	-0.522486772486772
			2.47354497354497	-0.529100529100529
			2.48015873015873	-0.535714285714286
			2.48677248677249	-0.542328042328042
			2.48677248677249	-0.548941798941799
			2.49338624338624	-0.548941798941799
			2.5	-0.555555555555556
			2.5	-0.562169312169312
			2.50661375661376	-0.568783068783069
			2.51322751322751	-0.575396825396825
			2.51322751322751	-0.582010582010582
			2.51984126984127	-0.588624338624339
			2.52645502645503	-0.595238095238095
			2.52645502645503	-0.601851851851852
			2.53306878306878	-0.608465608465608
			2.53306878306878	-0.615079365079365
			2.53968253968254	-0.621693121693122
			2.53968253968254	-0.628306878306878
			2.5462962962963	-0.628306878306878
			2.5462962962963	-0.634920634920635
			2.55291005291005	-0.641534391534392
			2.55291005291005	-0.648148148148148
			2.55952380952381	-0.654761904761905
			2.55952380952381	-0.661375661375661
			2.56613756613757	-0.667989417989418
			2.56613756613757	-0.674603174603175
			2.56613756613757	-0.681216931216931
			2.57275132275132	-0.687830687830688
			2.57275132275132	-0.694444444444444
			2.57275132275132	-0.701058201058201
			2.57936507936508	-0.707671957671958
			2.57936507936508	-0.714285714285714
			2.58597883597884	-0.720899470899471
			2.58597883597884	-0.727513227513227
			2.58597883597884	-0.734126984126984
			2.58597883597884	-0.740740740740741
			2.59259259259259	-0.747354497354497
			2.59259259259259	-0.753968253968254
			2.59259259259259	-0.760582010582011
			2.59259259259259	-0.767195767195767
			2.59259259259259	-0.773809523809524
			2.59259259259259	-0.78042328042328
			2.59920634920635	-0.787037037037037
			2.59920634920635	-0.793650793650794
			2.59920634920635	-0.80026455026455
			2.59920634920635	-0.806878306878307
			2.59920634920635	-0.813492063492063
			2.59920634920635	-0.82010582010582
			2.59920634920635	-0.826719576719577
			2.59920634920635	-0.833333333333333
			2.59920634920635	-0.83994708994709
			2.59920634920635	-0.846560846560847
			2.59920634920635	-0.853174603174603
			2.59920634920635	-0.85978835978836
			2.59259259259259	-0.866402116402116
			2.59259259259259	-0.873015873015873
			2.59259259259259	-0.87962962962963
			2.59259259259259	-0.886243386243386
			2.59920634920635	-0.892857142857143
			2.59920634920635	-0.899470899470899
			2.60582010582011	-0.899470899470899
			2.61243386243386	-0.906084656084656
			2.61904761904762	-0.912698412698413
			2.61904761904762	-0.919312169312169
			2.62566137566138	-0.925925925925926
			2.63227513227513	-0.932539682539682
			2.63888888888889	-0.939153439153439
			2.64550264550265	-0.945767195767196
			2.64550264550265	-0.952380952380952
			2.6521164021164	-0.958994708994709
			2.65873015873016	-0.965608465608466
			2.66534391534392	-0.972222222222222
			2.67195767195767	-0.978835978835979
			2.67195767195767	-0.985449735449735
			2.67857142857143	-0.992063492063492
			2.67857142857143	-0.998677248677249
			2.68518518518519	-0.998677248677249
			2.69179894179894	-1.00529100529101
			2.69179894179894	-1.01190476190476
			2.6984126984127	-1.01190476190476
			2.6984126984127	-1.01851851851852
			2.70502645502645	-1.02513227513228
			2.70502645502645	-1.03174603174603
			2.71164021164021	-1.03835978835979
			2.71825396825397	-1.04497354497354
			2.72486772486772	-1.0515873015873
			2.72486772486772	-1.05820105820106
			2.73148148148148	-1.06481481481481
			2.73809523809524	-1.07142857142857
			2.74470899470899	-1.07804232804233
			2.74470899470899	-1.08465608465608
			2.75132275132275	-1.09126984126984
			2.75793650793651	-1.0978835978836
			2.75793650793651	-1.10449735449735
			2.76455026455026	-1.11111111111111
			2.76455026455026	-1.11772486772487
			2.77116402116402	-1.12433862433862
			2.77777777777778	-1.13095238095238
			2.77777777777778	-1.13756613756614
			2.78439153439153	-1.14417989417989
			2.79100529100529	-1.15079365079365
			2.79100529100529	-1.15740740740741
			2.79761904761905	-1.15740740740741
			2.79761904761905	-1.16402116402116
			2.8042328042328	-1.17063492063492
			2.8042328042328	-1.17724867724868
			2.81084656084656	-1.18386243386243
			2.81746031746032	-1.19047619047619
			2.82407407407407	-1.19708994708995
			2.82407407407407	-1.2037037037037
			2.83068783068783	-1.21031746031746
			2.83730158730159	-1.21693121693122
			2.83730158730159	-1.22354497354497
			2.84391534391534	-1.23015873015873
			2.8505291005291	-1.23677248677249
			2.8505291005291	-1.24338624338624
			2.85714285714286	-1.25
			2.85714285714286	-1.25661375661376
			2.85714285714286	-1.26322751322751
			2.86375661375661	-1.26984126984127
			2.86375661375661	-1.27645502645503
			2.86375661375661	-1.28306878306878
			2.86375661375661	-1.28968253968254
			2.86375661375661	-1.2962962962963
			2.87037037037037	-1.2962962962963
			2.87037037037037	-1.30291005291005
			2.87037037037037	-1.30952380952381
			2.87037037037037	-1.31613756613757
			2.87037037037037	-1.32275132275132
			2.87037037037037	-1.32936507936508
			2.87037037037037	-1.33597883597884
			2.87037037037037	-1.34259259259259
			2.87037037037037	-1.34920634920635
			2.87037037037037	-1.35582010582011
			2.87037037037037	-1.36243386243386
			2.87037037037037	-1.36904761904762
			2.87037037037037	-1.37566137566138
			2.87037037037037	-1.38227513227513
			2.86375661375661	-1.38888888888889
			2.86375661375661	-1.39550264550265
			2.86375661375661	-1.4021164021164
			2.86375661375661	-1.40873015873016
			2.86375661375661	-1.41534391534392
			2.85714285714286	-1.42195767195767
			2.85714285714286	-1.42857142857143
			2.85714285714286	-1.43518518518519
			2.8505291005291	-1.44179894179894
			2.8505291005291	-1.4484126984127
			2.8505291005291	-1.45502645502645
			2.84391534391534	-1.46164021164021
			2.84391534391534	-1.46825396825397
		</suture>
		<anterior type=matrix rownames=FALSE colnames=FALSE nrow=420 ncol=2 as.numeric=TRUE >
			1.72619047619048	-0.152116402116402
			1.73280423280423	-0.152116402116402
			1.73941798941799	-0.152116402116402
			1.74603174603175	-0.152116402116402
			1.7526455026455	-0.152116402116402
			1.75925925925926	-0.152116402116402
			1.76587301587302	-0.152116402116402
			1.77248677248677	-0.152116402116402
			1.77910052910053	-0.152116402116402
			1.78571428571429	-0.152116402116402
			1.79232804232804	-0.152116402116402
			1.7989417989418	-0.152116402116402
			1.80555555555556	-0.152116402116402
			1.81216931216931	-0.152116402116402
			1.81878306878307	-0.152116402116402
			1.82539682539683	-0.152116402116402
			1.83201058201058	-0.152116402116402
			1.83862433862434	-0.152116402116402
			1.8452380952381	-0.152116402116402
			1.8452380952381	-0.158730158730159
			1.85185185185185	-0.158730158730159
			1.85846560846561	-0.158730158730159
			1.86507936507936	-0.158730158730159
			1.87169312169312	-0.158730158730159
			1.87830687830688	-0.158730158730159
			1.88492063492063	-0.158730158730159
			1.89153439153439	-0.158730158730159
			1.89814814814815	-0.158730158730159
			1.9047619047619	-0.158730158730159
			1.91137566137566	-0.158730158730159
			1.91798941798942	-0.165343915343915
			1.92460317460317	-0.165343915343915
			1.93121693121693	-0.165343915343915
			1.93783068783069	-0.165343915343915
			1.94444444444444	-0.165343915343915
			1.9510582010582	-0.165343915343915
			1.95767195767196	-0.171957671957672
			1.96428571428571	-0.171957671957672
			1.97089947089947	-0.171957671957672
			1.97751322751323	-0.171957671957672
			1.98412698412698	-0.171957671957672
			1.99074074074074	-0.171957671957672
			1.9973544973545	-0.178571428571429
			2.00396825396825	-0.178571428571429
			2.01058201058201	-0.178571428571429
			2.01719576719577	-0.178571428571429
			2.02380952380952	-0.178571428571429
			2.03042328042328	-0.185185185185185
			2.03703703703704	-0.185185185185185
			2.04365079365079	-0.185185185185185
			2.05026455026455	-0.185185185185185
			2.05687830687831	-0.185185185185185
			2.06349206349206	-0.191798941798942
			2.07010582010582	-0.191798941798942
			2.07671957671958	-0.191798941798942
			2.08333333333333	-0.191798941798942
			2.08994708994709	-0.198412698412698
			2.09656084656085	-0.198412698412698
			2.1031746031746	-0.198412698412698
			2.10978835978836	-0.198412698412698
			2.11640211640212	-0.205026455026455
			2.12301587301587	-0.205026455026455
			2.12962962962963	-0.205026455026455
			2.13624338624339	-0.205026455026455
			2.14285714285714	-0.211640211640212
			2.1494708994709	-0.211640211640212
			2.15608465608466	-0.211640211640212
			2.16269841269841	-0.218253968253968
			2.16931216931217	-0.218253968253968
			2.17592592592593	-0.218253968253968
			2.18253968253968	-0.218253968253968
			2.18915343915344	-0.224867724867725
			2.1957671957672	-0.224867724867725
			2.20238095238095	-0.224867724867725
			2.20899470899471	-0.231481481481481
			2.21560846560847	-0.231481481481481
			2.22222222222222	-0.231481481481481
			2.22883597883598	-0.238095238095238
			2.23544973544974	-0.238095238095238
			2.24206349206349	-0.238095238095238
			2.24867724867725	-0.244708994708995
			2.25529100529101	-0.244708994708995
			2.26190476190476	-0.251322751322751
			2.26851851851852	-0.251322751322751
			2.27513227513227	-0.251322751322751
			2.28174603174603	-0.257936507936508
			2.28835978835979	-0.257936507936508
			2.29497354497354	-0.257936507936508
			2.3015873015873	-0.264550264550265
			2.30820105820106	-0.264550264550265
			2.31481481481481	-0.271164021164021
			2.32142857142857	-0.271164021164021
			2.32804232804233	-0.271164021164021
			2.33465608465608	-0.277777777777778
			2.34126984126984	-0.277777777777778
			2.3478835978836	-0.284391534391534
			2.35449735449735	-0.284391534391534
			2.36111111111111	-0.291005291005291
			2.36772486772487	-0.291005291005291
			2.37433862433862	-0.291005291005291
			2.38095238095238	-0.297619047619048
			2.38756613756614	-0.297619047619048
			2.39417989417989	-0.304232804232804
			2.40079365079365	-0.304232804232804
			2.40740740740741	-0.310846560846561
			2.41402116402116	-0.310846560846561
			2.42063492063492	-0.317460317460317
			2.42724867724868	-0.324074074074074
			2.43386243386243	-0.330687830687831
			2.44047619047619	-0.330687830687831
			2.44708994708995	-0.337301587301587
			2.4537037037037	-0.343915343915344
			2.46031746031746	-0.350529100529101
			2.46693121693122	-0.357142857142857
			2.47354497354497	-0.357142857142857
			2.48015873015873	-0.363756613756614
			2.48677248677249	-0.37037037037037
			2.49338624338624	-0.376984126984127
			2.5	-0.376984126984127
			2.50661375661376	-0.383597883597884
			2.51322751322751	-0.39021164021164
			2.51984126984127	-0.396825396825397
			2.52645502645503	-0.396825396825397
			2.53306878306878	-0.403439153439153
			2.53306878306878	-0.41005291005291
			2.53968253968254	-0.416666666666667
			2.5462962962963	-0.416666666666667
			2.55291005291005	-0.423280423280423
			2.55952380952381	-0.42989417989418
			2.56613756613757	-0.436507936507937
			2.57275132275132	-0.443121693121693
			2.57936507936508	-0.44973544973545
			2.58597883597884	-0.456349206349206
			2.59259259259259	-0.462962962962963
			2.59920634920635	-0.46957671957672
			2.60582010582011	-0.476190476190476
			2.61243386243386	-0.476190476190476
			2.61904761904762	-0.482804232804233
			2.62566137566138	-0.489417989417989
			2.62566137566138	-0.496031746031746
			2.63227513227513	-0.502645502645503
			2.63888888888889	-0.509259259259259
			2.64550264550265	-0.515873015873016
			2.6521164021164	-0.522486772486772
			2.65873015873016	-0.522486772486772
			2.65873015873016	-0.529100529100529
			2.66534391534392	-0.535714285714286
			2.67195767195767	-0.542328042328042
			2.67857142857143	-0.548941798941799
			2.67857142857143	-0.555555555555556
			2.68518518518519	-0.555555555555556
			2.69179894179894	-0.562169312169312
			2.69179894179894	-0.568783068783069
			2.6984126984127	-0.575396825396825
			2.70502645502645	-0.582010582010582
			2.70502645502645	-0.588624338624339
			2.71164021164021	-0.588624338624339
			2.71825396825397	-0.595238095238095
			2.71825396825397	-0.601851851851852
			2.72486772486772	-0.608465608465608
			2.72486772486772	-0.615079365079365
			2.73148148148148	-0.615079365079365
			2.73809523809524	-0.621693121693122
			2.73809523809524	-0.628306878306878
			2.74470899470899	-0.634920634920635
			2.74470899470899	-0.641534391534392
			2.75132275132275	-0.641534391534392
			2.75132275132275	-0.648148148148148
			2.75793650793651	-0.654761904761905
			2.75793650793651	-0.661375661375661
			2.76455026455026	-0.667989417989418
			2.76455026455026	-0.674603174603175
			2.77116402116402	-0.681216931216931
			2.77116402116402	-0.687830687830688
			2.77777777777778	-0.694444444444444
			2.77777777777778	-0.701058201058201
			2.78439153439153	-0.707671957671958
			2.78439153439153	-0.714285714285714
			2.79100529100529	-0.714285714285714
			2.79100529100529	-0.720899470899471
			2.79100529100529	-0.727513227513227
			2.79761904761905	-0.734126984126984
			2.79761904761905	-0.740740740740741
			2.79761904761905	-0.747354497354497
			2.8042328042328	-0.753968253968254
			2.8042328042328	-0.760582010582011
			2.8042328042328	-0.767195767195767
			2.8042328042328	-0.773809523809524
			2.81084656084656	-0.78042328042328
			2.81084656084656	-0.787037037037037
			2.81084656084656	-0.793650793650794
			2.81746031746032	-0.793650793650794
			2.82407407407407	-0.793650793650794
			2.83068783068783	-0.793650793650794
			2.83730158730159	-0.793650793650794
			2.84391534391534	-0.793650793650794
			2.8505291005291	-0.793650793650794
			2.85714285714286	-0.793650793650794
			2.86375661375661	-0.793650793650794
			2.87037037037037	-0.793650793650794
			2.87698412698413	-0.793650793650794
			2.88359788359788	-0.80026455026455
			2.88359788359788	-0.806878306878307
			2.88359788359788	-0.813492063492063
			2.88359788359788	-0.82010582010582
			2.87698412698413	-0.826719576719577
			2.87698412698413	-0.833333333333333
			2.87037037037037	-0.83994708994709
			2.86375661375661	-0.83994708994709
			2.85714285714286	-0.83994708994709
			2.8505291005291	-0.83994708994709
			2.84391534391534	-0.83994708994709
			2.83730158730159	-0.83994708994709
			2.83068783068783	-0.83994708994709
			2.82407407407407	-0.846560846560847
			2.81746031746032	-0.846560846560847
			2.81084656084656	-0.846560846560847
			2.8042328042328	-0.846560846560847
			2.79761904761905	-0.853174603174603
			2.8042328042328	-0.85978835978836
			2.81084656084656	-0.85978835978836
			2.81746031746032	-0.866402116402116
			2.82407407407407	-0.866402116402116
			2.83068783068783	-0.866402116402116
			2.83730158730159	-0.866402116402116
			2.84391534391534	-0.866402116402116
			2.8505291005291	-0.866402116402116
			2.85714285714286	-0.866402116402116
			2.86375661375661	-0.866402116402116
			2.87037037037037	-0.866402116402116
			2.87698412698413	-0.866402116402116
			2.88359788359788	-0.866402116402116
			2.89021164021164	-0.873015873015873
			2.8968253968254	-0.87962962962963
			2.8968253968254	-0.886243386243386
			2.89021164021164	-0.892857142857143
			2.89021164021164	-0.899470899470899
			2.88359788359788	-0.906084656084656
			2.87698412698413	-0.912698412698413
			2.87037037037037	-0.912698412698413
			2.86375661375661	-0.912698412698413
			2.85714285714286	-0.912698412698413
			2.8505291005291	-0.912698412698413
			2.8505291005291	-0.919312169312169
			2.84391534391534	-0.919312169312169
			2.83730158730159	-0.919312169312169
			2.84391534391534	-0.925925925925926
			2.8505291005291	-0.925925925925926
			2.85714285714286	-0.932539682539682
			2.86375661375661	-0.932539682539682
			2.87037037037037	-0.932539682539682
			2.87698412698413	-0.932539682539682
			2.88359788359788	-0.932539682539682
			2.89021164021164	-0.939153439153439
			2.8968253968254	-0.939153439153439
			2.90343915343915	-0.939153439153439
			2.91005291005291	-0.939153439153439
			2.91666666666667	-0.939153439153439
			2.92328042328042	-0.939153439153439
			2.92989417989418	-0.939153439153439
			2.93650793650794	-0.939153439153439
			2.94312169312169	-0.945767195767196
			2.94973544973545	-0.952380952380952
			2.94973544973545	-0.958994708994709
			2.95634920634921	-0.965608465608466
			2.95634920634921	-0.972222222222222
			2.94973544973545	-0.978835978835979
			2.94312169312169	-0.985449735449735
			2.93650793650794	-0.985449735449735
			2.92989417989418	-0.985449735449735
			2.92328042328042	-0.985449735449735
			2.91666666666667	-0.985449735449735
			2.91666666666667	-0.992063492063492
			2.91005291005291	-0.992063492063492
			2.90343915343915	-0.992063492063492
			2.8968253968254	-0.992063492063492
			2.89021164021164	-0.992063492063492
			2.88359788359788	-0.992063492063492
			2.87698412698413	-0.992063492063492
			2.87037037037037	-0.998677248677249
			2.87037037037037	-1.00529100529101
			2.87037037037037	-1.01190476190476
			2.87698412698413	-1.01190476190476
			2.88359788359788	-1.01190476190476
			2.89021164021164	-1.01190476190476
			2.8968253968254	-1.01190476190476
			2.90343915343915	-1.01190476190476
			2.91005291005291	-1.01190476190476
			2.91666666666667	-1.01190476190476
			2.92328042328042	-1.01190476190476
			2.92989417989418	-1.01190476190476
			2.93650793650794	-1.01190476190476
			2.94312169312169	-1.01190476190476
			2.94973544973545	-1.01190476190476
			2.95634920634921	-1.01190476190476
			2.96296296296296	-1.01851851851852
			2.96296296296296	-1.02513227513228
			2.96296296296296	-1.03174603174603
			2.95634920634921	-1.03835978835979
			2.94973544973545	-1.04497354497354
			2.94973544973545	-1.0515873015873
			2.94312169312169	-1.05820105820106
			2.93650793650794	-1.05820105820106
			2.92989417989418	-1.05820105820106
			2.92328042328042	-1.05820105820106
			2.91666666666667	-1.05820105820106
			2.91005291005291	-1.05820105820106
			2.90343915343915	-1.05820105820106
			2.8968253968254	-1.05820105820106
			2.89021164021164	-1.05820105820106
			2.88359788359788	-1.06481481481481
			2.88359788359788	-1.07142857142857
			2.88359788359788	-1.07804232804233
			2.89021164021164	-1.08465608465608
			2.8968253968254	-1.08465608465608
			2.90343915343915	-1.07804232804233
			2.91005291005291	-1.07804232804233
			2.91666666666667	-1.07804232804233
			2.92328042328042	-1.07804232804233
			2.92989417989418	-1.07804232804233
			2.93650793650794	-1.07804232804233
			2.94312169312169	-1.07804232804233
			2.94973544973545	-1.07804232804233
			2.95634920634921	-1.07804232804233
			2.96296296296296	-1.07804232804233
			2.96296296296296	-1.08465608465608
			2.96957671957672	-1.08465608465608
			2.96957671957672	-1.09126984126984
			2.96957671957672	-1.0978835978836
			2.96957671957672	-1.10449735449735
			2.96957671957672	-1.11111111111111
			2.96957671957672	-1.11772486772487
			2.96296296296296	-1.12433862433862
			2.96296296296296	-1.13095238095238
			2.95634920634921	-1.13095238095238
			2.94973544973545	-1.13095238095238
			2.94312169312169	-1.13756613756614
			2.93650793650794	-1.13756613756614
			2.92989417989418	-1.13756613756614
			2.92328042328042	-1.13756613756614
			2.91666666666667	-1.14417989417989
			2.91005291005291	-1.14417989417989
			2.90343915343915	-1.15079365079365
			2.90343915343915	-1.15740740740741
			2.91005291005291	-1.15740740740741
			2.91666666666667	-1.15079365079365
			2.92328042328042	-1.15079365079365
			2.92989417989418	-1.15079365079365
			2.93650793650794	-1.15079365079365
			2.94312169312169	-1.15079365079365
			2.94973544973545	-1.14417989417989
			2.95634920634921	-1.14417989417989
			2.96296296296296	-1.14417989417989
			2.96957671957672	-1.14417989417989
			2.96957671957672	-1.15079365079365
			2.97619047619048	-1.15079365079365
			2.98280423280423	-1.15079365079365
			2.98941798941799	-1.15740740740741
			2.98941798941799	-1.16402116402116
			2.98941798941799	-1.17063492063492
			2.98941798941799	-1.17724867724868
			2.98280423280423	-1.18386243386243
			2.97619047619048	-1.19047619047619
			2.96957671957672	-1.19047619047619
			2.96296296296296	-1.19047619047619
			2.95634920634921	-1.19047619047619
			2.94973544973545	-1.19047619047619
			2.94312169312169	-1.19047619047619
			2.93650793650794	-1.19047619047619
			2.92989417989418	-1.19708994708995
			2.92328042328042	-1.19708994708995
			2.91666666666667	-1.19708994708995
			2.91005291005291	-1.2037037037037
			2.91005291005291	-1.21031746031746
			2.91666666666667	-1.21693121693122
			2.92328042328042	-1.22354497354497
			2.92989417989418	-1.22354497354497
			2.93650793650794	-1.23015873015873
			2.94312169312169	-1.23015873015873
			2.94973544973545	-1.23015873015873
			2.95634920634921	-1.23015873015873
			2.96296296296296	-1.23015873015873
			2.96957671957672	-1.23015873015873
			2.97619047619048	-1.23015873015873
			2.98280423280423	-1.23015873015873
			2.98941798941799	-1.23015873015873
			2.99603174603175	-1.23015873015873
			3.0026455026455	-1.23015873015873
			3.00925925925926	-1.23015873015873
			3.01587301587302	-1.23015873015873
			3.02248677248677	-1.23677248677249
			3.02910052910053	-1.23677248677249
			3.03571428571429	-1.24338624338624
			3.04232804232804	-1.24338624338624
			3.04232804232804	-1.25
			3.0489417989418	-1.25661375661376
			3.0489417989418	-1.26322751322751
			3.0489417989418	-1.26984126984127
			3.04232804232804	-1.27645502645503
			3.04232804232804	-1.28306878306878
			3.03571428571429	-1.28968253968254
			3.02910052910053	-1.2962962962963
			3.02248677248677	-1.28968253968254
			3.01587301587302	-1.28968253968254
			3.00925925925926	-1.28968253968254
			3.0026455026455	-1.28968253968254
			2.99603174603175	-1.28306878306878
			2.98941798941799	-1.28306878306878
			2.98280423280423	-1.28306878306878
			2.97619047619048	-1.28306878306878
			2.96957671957672	-1.28306878306878
			2.96296296296296	-1.28306878306878
			2.95634920634921	-1.28306878306878
			2.94973544973545	-1.28306878306878
			2.94973544973545	-1.28968253968254
			2.94312169312169	-1.28968253968254
			2.93650793650794	-1.2962962962963
			2.93650793650794	-1.30291005291005
			2.93650793650794	-1.30952380952381
			2.94312169312169	-1.31613756613757
		</anterior>
		<posterior type=matrix rownames=FALSE colnames=FALSE nrow=538 ncol=2 as.numeric=TRUE >
			1.72619047619048	-1.26984126984127
			1.73280423280423	-1.27645502645503
			1.73941798941799	-1.27645502645503
			1.74603174603175	-1.28306878306878
			1.7526455026455	-1.28306878306878
			1.75925925925926	-1.28968253968254
			1.76587301587302	-1.28968253968254
			1.77248677248677	-1.2962962962963
			1.77910052910053	-1.2962962962963
			1.78571428571429	-1.2962962962963
			1.79232804232804	-1.30291005291005
			1.7989417989418	-1.30291005291005
			1.80555555555556	-1.30291005291005
			1.81216931216931	-1.30291005291005
			1.81878306878307	-1.30952380952381
			1.82539682539683	-1.30952380952381
			1.83201058201058	-1.30952380952381
			1.83862433862434	-1.30952380952381
			1.8452380952381	-1.30952380952381
			1.85185185185185	-1.30952380952381
			1.85846560846561	-1.30952380952381
			1.86507936507936	-1.30952380952381
			1.87169312169312	-1.30952380952381
			1.87830687830688	-1.30952380952381
			1.88492063492063	-1.30952380952381
			1.89153439153439	-1.30952380952381
			1.89814814814815	-1.30952380952381
			1.9047619047619	-1.30952380952381
			1.91137566137566	-1.30952380952381
			1.91798941798942	-1.30291005291005
			1.92460317460317	-1.30291005291005
			1.93121693121693	-1.30291005291005
			1.93783068783069	-1.30291005291005
			1.94444444444444	-1.30291005291005
			1.9510582010582	-1.2962962962963
			1.95767195767196	-1.2962962962963
			1.96428571428571	-1.2962962962963
			1.97089947089947	-1.2962962962963
			1.97751322751323	-1.28968253968254
			1.98412698412698	-1.28968253968254
			1.99074074074074	-1.28968253968254
			1.9973544973545	-1.28306878306878
			2.00396825396825	-1.28306878306878
			2.01058201058201	-1.28306878306878
			2.01719576719577	-1.27645502645503
			2.02380952380952	-1.27645502645503
			2.03042328042328	-1.27645502645503
			2.03703703703704	-1.26984126984127
			2.04365079365079	-1.26984126984127
			2.05026455026455	-1.26322751322751
			2.05687830687831	-1.26322751322751
			2.06349206349206	-1.25661375661376
			2.07010582010582	-1.25661375661376
			2.07671957671958	-1.25661375661376
			2.07671957671958	-1.25
			2.08333333333333	-1.25
			2.08994708994709	-1.25
			2.09656084656085	-1.24338624338624
			2.1031746031746	-1.24338624338624
			2.10978835978836	-1.23677248677249
			2.11640211640212	-1.23677248677249
			2.12301587301587	-1.23015873015873
			2.12962962962963	-1.22354497354497
			2.13624338624339	-1.22354497354497
			2.14285714285714	-1.21693121693122
			2.1494708994709	-1.21031746031746
			2.15608465608466	-1.2037037037037
			2.16269841269841	-1.19708994708995
			2.16269841269841	-1.19047619047619
			2.16931216931217	-1.18386243386243
			2.17592592592593	-1.19047619047619
			2.18253968253968	-1.19047619047619
			2.18915343915344	-1.19708994708995
			2.1957671957672	-1.19708994708995
			2.20238095238095	-1.19708994708995
			2.20899470899471	-1.2037037037037
			2.21560846560847	-1.2037037037037
			2.22222222222222	-1.2037037037037
			2.22883597883598	-1.21031746031746
			2.23544973544974	-1.21031746031746
			2.24206349206349	-1.21031746031746
			2.24867724867725	-1.21031746031746
			2.25529100529101	-1.21031746031746
			2.26190476190476	-1.21693121693122
			2.26851851851852	-1.21693121693122
			2.27513227513227	-1.21693121693122
			2.28174603174603	-1.21693121693122
			2.28835978835979	-1.21693121693122
			2.29497354497354	-1.21693121693122
			2.3015873015873	-1.22354497354497
			2.30820105820106	-1.22354497354497
			2.31481481481481	-1.22354497354497
			2.32142857142857	-1.22354497354497
			2.32804232804233	-1.22354497354497
			2.33465608465608	-1.22354497354497
			2.34126984126984	-1.22354497354497
			2.3478835978836	-1.23015873015873
			2.35449735449735	-1.23015873015873
			2.36111111111111	-1.23015873015873
			2.36772486772487	-1.23015873015873
			2.37433862433862	-1.23015873015873
			2.38095238095238	-1.23015873015873
			2.38756613756614	-1.23015873015873
			2.39417989417989	-1.23015873015873
			2.39417989417989	-1.23677248677249
			2.40079365079365	-1.23677248677249
			2.40740740740741	-1.23677248677249
			2.41402116402116	-1.23677248677249
			2.42063492063492	-1.23677248677249
			2.42724867724868	-1.24338624338624
			2.43386243386243	-1.24338624338624
			2.44047619047619	-1.24338624338624
			2.44708994708995	-1.24338624338624
			2.4537037037037	-1.24338624338624
			2.46031746031746	-1.25
			2.46693121693122	-1.25
			2.47354497354497	-1.25
			2.48015873015873	-1.25661375661376
			2.48677248677249	-1.25661375661376
			2.49338624338624	-1.26322751322751
			2.5	-1.26322751322751
			2.50661375661376	-1.26322751322751
			2.51322751322751	-1.26322751322751
			2.51322751322751	-1.26984126984127
			2.51984126984127	-1.26984126984127
			2.52645502645503	-1.26984126984127
			2.53306878306878	-1.27645502645503
			2.53968253968254	-1.27645502645503
			2.5462962962963	-1.28306878306878
			2.55291005291005	-1.28306878306878
			2.55952380952381	-1.28968253968254
			2.56613756613757	-1.28968253968254
			2.57275132275132	-1.2962962962963
			2.57936507936508	-1.2962962962963
			2.58597883597884	-1.30291005291005
			2.59259259259259	-1.30291005291005
			2.59920634920635	-1.30952380952381
			2.60582010582011	-1.30952380952381
			2.60582010582011	-1.31613756613757
			2.61243386243386	-1.31613756613757
			2.61904761904762	-1.32275132275132
			2.62566137566138	-1.32936507936508
			2.63227513227513	-1.32936507936508
			2.63888888888889	-1.33597883597884
			2.64550264550265	-1.34259259259259
			2.6521164021164	-1.34920634920635
			2.65873015873016	-1.34920634920635
			2.66534391534392	-1.35582010582011
			2.67195767195767	-1.36243386243386
			2.67857142857143	-1.36904761904762
			2.68518518518519	-1.37566137566138
			2.69179894179894	-1.38227513227513
			2.6984126984127	-1.38227513227513
			2.70502645502645	-1.38888888888889
			2.71164021164021	-1.39550264550265
			2.71164021164021	-1.4021164021164
			2.71825396825397	-1.4021164021164
			2.71825396825397	-1.40873015873016
			2.72486772486772	-1.40873015873016
			2.72486772486772	-1.41534391534392
			2.73148148148148	-1.41534391534392
			2.73148148148148	-1.42195767195767
			2.73809523809524	-1.42195767195767
			2.73809523809524	-1.42857142857143
			2.74470899470899	-1.42857142857143
			2.75132275132275	-1.43518518518519
			2.75793650793651	-1.44179894179894
			2.76455026455026	-1.44179894179894
			2.77116402116402	-1.4484126984127
			2.77777777777778	-1.4484126984127
			2.78439153439153	-1.4484126984127
			2.79100529100529	-1.45502645502645
			2.79761904761905	-1.45502645502645
			2.8042328042328	-1.45502645502645
			2.81084656084656	-1.46164021164021
			2.81746031746032	-1.46164021164021
			2.82407407407407	-1.46164021164021
			2.83068783068783	-1.46164021164021
			2.83730158730159	-1.46825396825397
			2.83730158730159	-1.47486772486772
			2.84391534391534	-1.47486772486772
			2.8505291005291	-1.48148148148148
			2.85714285714286	-1.48809523809524
			2.86375661375661	-1.48809523809524
			2.86375661375661	-1.49470899470899
			2.87037037037037	-1.50132275132275
			2.87698412698413	-1.50793650793651
			2.88359788359788	-1.51455026455026
			2.88359788359788	-1.52116402116402
			2.89021164021164	-1.52777777777778
			2.89021164021164	-1.53439153439153
			2.8968253968254	-1.54100529100529
			2.8968253968254	-1.54761904761905
			2.90343915343915	-1.5542328042328
			2.90343915343915	-1.56084656084656
			2.91005291005291	-1.56746031746032
			2.91005291005291	-1.57407407407407
			2.91666666666667	-1.58068783068783
			2.91666666666667	-1.58730158730159
			2.92328042328042	-1.59391534391534
			2.92328042328042	-1.6005291005291
			2.92328042328042	-1.60714285714286
			2.92989417989418	-1.61375661375661
			2.92989417989418	-1.62037037037037
			2.92989417989418	-1.62698412698413
			2.93650793650794	-1.63359788359788
			2.93650793650794	-1.64021164021164
			2.93650793650794	-1.6468253968254
			2.94312169312169	-1.65343915343915
			2.94312169312169	-1.66005291005291
			2.94312169312169	-1.66666666666667
			2.94973544973545	-1.67328042328042
			2.94973544973545	-1.67989417989418
			2.94973544973545	-1.68650793650794
			2.94973544973545	-1.69312169312169
			2.95634920634921	-1.69973544973545
			2.95634920634921	-1.70634920634921
			2.95634920634921	-1.71296296296296
			2.95634920634921	-1.71957671957672
			2.96296296296296	-1.72619047619048
			2.96296296296296	-1.73280423280423
			2.96296296296296	-1.73941798941799
			2.96296296296296	-1.74603174603175
			2.96296296296296	-1.7526455026455
			2.96296296296296	-1.75925925925926
			2.96957671957672	-1.76587301587302
			2.96957671957672	-1.77248677248677
			2.96957671957672	-1.77910052910053
			2.96957671957672	-1.78571428571429
			2.96957671957672	-1.79232804232804
			2.96957671957672	-1.7989417989418
			2.96957671957672	-1.80555555555556
			2.96957671957672	-1.81216931216931
			2.97619047619048	-1.81878306878307
			2.97619047619048	-1.82539682539683
			2.97619047619048	-1.83201058201058
			2.97619047619048	-1.83862433862434
			2.97619047619048	-1.8452380952381
			2.97619047619048	-1.85185185185185
			2.97619047619048	-1.85846560846561
			2.97619047619048	-1.86507936507936
			2.97619047619048	-1.87169312169312
			2.97619047619048	-1.87830687830688
			2.97619047619048	-1.88492063492063
			2.97619047619048	-1.89153439153439
			2.97619047619048	-1.89814814814815
			2.97619047619048	-1.9047619047619
			2.97619047619048	-1.91137566137566
			2.97619047619048	-1.91798941798942
			2.98280423280423	-1.91798941798942
			2.98280423280423	-1.92460317460317
			2.98280423280423	-1.93121693121693
			2.98280423280423	-1.93783068783069
			2.98280423280423	-1.94444444444444
			2.98280423280423	-1.9510582010582
			2.97619047619048	-1.95767195767196
			2.97619047619048	-1.96428571428571
			2.97619047619048	-1.97089947089947
			2.97619047619048	-1.97751322751323
			2.97619047619048	-1.98412698412698
			2.97619047619048	-1.99074074074074
			2.97619047619048	-1.9973544973545
			2.97619047619048	-2.00396825396825
			2.97619047619048	-2.01058201058201
			2.97619047619048	-2.01719576719577
			2.97619047619048	-2.02380952380952
			2.97619047619048	-2.03042328042328
			2.97619047619048	-2.03703703703704
			2.97619047619048	-2.04365079365079
			2.97619047619048	-2.05026455026455
			2.97619047619048	-2.05687830687831
			2.96957671957672	-2.06349206349206
			2.96957671957672	-2.07010582010582
			2.96957671957672	-2.07671957671958
			2.96957671957672	-2.08333333333333
			2.96957671957672	-2.08994708994709
			2.96957671957672	-2.09656084656085
			2.96957671957672	-2.1031746031746
			2.96957671957672	-2.10978835978836
			2.96296296296296	-2.11640211640212
			2.96296296296296	-2.12301587301587
			2.96296296296296	-2.12962962962963
			2.96296296296296	-2.13624338624339
			2.96296296296296	-2.14285714285714
			2.95634920634921	-2.1494708994709
			2.95634920634921	-2.15608465608466
			2.95634920634921	-2.16269841269841
			2.95634920634921	-2.16931216931217
			2.95634920634921	-2.17592592592593
			2.94973544973545	-2.18253968253968
			2.94973544973545	-2.18915343915344
			2.94973544973545	-2.1957671957672
			2.94973544973545	-2.20238095238095
			2.94973544973545	-2.20899470899471
			2.94312169312169	-2.21560846560847
			2.94312169312169	-2.22222222222222
			2.94312169312169	-2.22883597883598
			2.94312169312169	-2.23544973544974
			2.93650793650794	-2.24206349206349
			2.93650793650794	-2.24867724867725
			2.92989417989418	-2.25529100529101
			2.92989417989418	-2.26190476190476
			2.92989417989418	-2.26851851851852
			2.92989417989418	-2.27513227513227
			2.92328042328042	-2.28174603174603
			2.92328042328042	-2.28835978835979
			2.92328042328042	-2.29497354497354
			2.91666666666667	-2.3015873015873
			2.91666666666667	-2.30820105820106
			2.91666666666667	-2.31481481481481
			2.91005291005291	-2.32142857142857
			2.91005291005291	-2.32804232804233
			2.91005291005291	-2.33465608465608
			2.91005291005291	-2.34126984126984
			2.90343915343915	-2.3478835978836
			2.90343915343915	-2.35449735449735
			2.90343915343915	-2.36111111111111
			2.8968253968254	-2.36772486772487
			2.8968253968254	-2.37433862433862
			2.8968253968254	-2.38095238095238
			2.8968253968254	-2.38756613756614
			2.89021164021164	-2.39417989417989
			2.89021164021164	-2.40079365079365
			2.89021164021164	-2.40740740740741
			2.89021164021164	-2.41402116402116
			2.89021164021164	-2.42063492063492
			2.88359788359788	-2.42724867724868
			2.88359788359788	-2.43386243386243
			2.89021164021164	-2.44047619047619
			2.8968253968254	-2.44047619047619
			2.90343915343915	-2.43386243386243
			2.91005291005291	-2.42724867724868
			2.91005291005291	-2.42063492063492
			2.91666666666667	-2.41402116402116
			2.92328042328042	-2.40740740740741
			2.92328042328042	-2.40079365079365
			2.92989417989418	-2.39417989417989
			2.93650793650794	-2.38756613756614
			2.94312169312169	-2.38095238095238
			2.94312169312169	-2.37433862433862
			2.94973544973545	-2.36772486772487
			2.94973544973545	-2.36111111111111
			2.94973544973545	-2.35449735449735
			2.95634920634921	-2.35449735449735
			2.95634920634921	-2.3478835978836
			2.96296296296296	-2.34126984126984
			2.96296296296296	-2.33465608465608
			2.96296296296296	-2.32804232804233
			2.96957671957672	-2.32804232804233
			2.96957671957672	-2.32142857142857
			2.96957671957672	-2.31481481481481
			2.97619047619048	-2.30820105820106
			2.97619047619048	-2.3015873015873
			2.98280423280423	-2.29497354497354
			2.98280423280423	-2.28835978835979
			2.98280423280423	-2.28174603174603
			2.98941798941799	-2.27513227513227
			2.98941798941799	-2.26851851851852
			2.98941798941799	-2.26190476190476
			2.99603174603175	-2.25529100529101
			2.99603174603175	-2.24867724867725
			2.99603174603175	-2.24206349206349
			3.0026455026455	-2.23544973544974
			3.0026455026455	-2.22883597883598
			3.0026455026455	-2.22222222222222
			3.00925925925926	-2.21560846560847
			3.00925925925926	-2.20899470899471
			3.00925925925926	-2.20238095238095
			3.01587301587302	-2.1957671957672
			3.01587301587302	-2.18915343915344
			3.01587301587302	-2.18253968253968
			3.02248677248677	-2.17592592592593
			3.02248677248677	-2.16931216931217
			3.02248677248677	-2.16269841269841
			3.02248677248677	-2.15608465608466
			3.02248677248677	-2.1494708994709
			3.02910052910053	-2.14285714285714
			3.02910052910053	-2.13624338624339
			3.02910052910053	-2.12962962962963
			3.02910052910053	-2.12301587301587
			3.03571428571429	-2.11640211640212
			3.03571428571429	-2.10978835978836
			3.03571428571429	-2.1031746031746
			3.03571428571429	-2.09656084656085
			3.03571428571429	-2.08994708994709
			3.03571428571429	-2.08333333333333
			3.04232804232804	-2.07671957671958
			3.04232804232804	-2.07010582010582
			3.04232804232804	-2.06349206349206
			3.04232804232804	-2.05687830687831
			3.04232804232804	-2.05026455026455
			3.04232804232804	-2.04365079365079
			3.04232804232804	-2.03703703703704
			3.04232804232804	-2.03042328042328
			3.0489417989418	-2.02380952380952
			3.0489417989418	-2.01719576719577
			3.0489417989418	-2.01058201058201
			3.0489417989418	-2.00396825396825
			3.0489417989418	-1.9973544973545
			3.0489417989418	-1.99074074074074
			3.0489417989418	-1.98412698412698
			3.0489417989418	-1.97751322751323
			3.0489417989418	-1.97089947089947
			3.0489417989418	-1.96428571428571
			3.0489417989418	-1.95767195767196
			3.0489417989418	-1.9510582010582
			3.0489417989418	-1.94444444444444
			3.0489417989418	-1.93783068783069
			3.0489417989418	-1.93121693121693
			3.0489417989418	-1.92460317460317
			3.0489417989418	-1.91798941798942
			3.0489417989418	-1.91137566137566
			3.0489417989418	-1.9047619047619
			3.0489417989418	-1.89814814814815
			3.0489417989418	-1.89153439153439
			3.0489417989418	-1.88492063492063
			3.0489417989418	-1.87830687830688
			3.0489417989418	-1.87169312169312
			3.0489417989418	-1.86507936507936
			3.0489417989418	-1.85846560846561
			3.0489417989418	-1.85185185185185
			3.0489417989418	-1.8452380952381
			3.0489417989418	-1.83862433862434
			3.0489417989418	-1.83201058201058
			3.0489417989418	-1.82539682539683
			3.0489417989418	-1.81878306878307
			3.0489417989418	-1.81216931216931
			3.0489417989418	-1.80555555555556
			3.0489417989418	-1.7989417989418
			3.04232804232804	-1.79232804232804
			3.04232804232804	-1.78571428571429
			3.04232804232804	-1.77910052910053
			3.04232804232804	-1.77248677248677
			3.04232804232804	-1.76587301587302
			3.04232804232804	-1.75925925925926
			3.04232804232804	-1.7526455026455
			3.04232804232804	-1.74603174603175
			3.04232804232804	-1.73941798941799
			3.03571428571429	-1.73280423280423
			3.03571428571429	-1.72619047619048
			3.03571428571429	-1.71957671957672
			3.03571428571429	-1.71296296296296
			3.03571428571429	-1.70634920634921
			3.03571428571429	-1.69973544973545
			3.02910052910053	-1.69312169312169
			3.02910052910053	-1.68650793650794
			3.02910052910053	-1.67989417989418
			3.02910052910053	-1.67328042328042
			3.02910052910053	-1.66666666666667
			3.02910052910053	-1.66005291005291
			3.02248677248677	-1.65343915343915
			3.02248677248677	-1.6468253968254
			3.02248677248677	-1.64021164021164
			3.02248677248677	-1.63359788359788
			3.02248677248677	-1.62698412698413
			3.01587301587302	-1.62037037037037
			3.01587301587302	-1.61375661375661
			3.01587301587302	-1.60714285714286
			3.01587301587302	-1.6005291005291
			3.01587301587302	-1.59391534391534
			3.00925925925926	-1.58730158730159
			3.00925925925926	-1.58068783068783
			3.00925925925926	-1.57407407407407
			3.00925925925926	-1.56746031746032
			3.0026455026455	-1.56084656084656
			3.0026455026455	-1.5542328042328
			3.0026455026455	-1.54761904761905
			2.99603174603175	-1.54100529100529
			2.99603174603175	-1.53439153439153
			2.99603174603175	-1.52777777777778
			2.99603174603175	-1.52116402116402
			2.98941798941799	-1.51455026455026
			2.98941798941799	-1.50793650793651
			2.98941798941799	-1.50132275132275
			2.98941798941799	-1.49470899470899
			2.98941798941799	-1.48809523809524
			2.98280423280423	-1.48809523809524
			2.98280423280423	-1.48148148148148
			2.98280423280423	-1.47486772486772
			2.98280423280423	-1.46825396825397
			2.97619047619048	-1.46164021164021
			2.97619047619048	-1.45502645502645
			2.97619047619048	-1.4484126984127
			2.96957671957672	-1.44179894179894
			2.96957671957672	-1.43518518518519
			2.97619047619048	-1.43518518518519
			2.98280423280423	-1.43518518518519
			2.98941798941799	-1.43518518518519
			2.99603174603175	-1.43518518518519
			3.0026455026455	-1.43518518518519
			3.00925925925926	-1.43518518518519
			3.01587301587302	-1.43518518518519
			3.02248677248677	-1.43518518518519
			3.02910052910053	-1.43518518518519
			3.03571428571429	-1.43518518518519
			3.04232804232804	-1.44179894179894
			3.0489417989418	-1.44179894179894
			3.05555555555556	-1.44179894179894
			3.06216931216931	-1.44179894179894
			3.06878306878307	-1.44179894179894
			3.07539682539683	-1.44179894179894
			3.08201058201058	-1.44179894179894
			3.08862433862434	-1.43518518518519
			3.09523809523809	-1.42857142857143
			3.09523809523809	-1.42195767195767
			3.09523809523809	-1.41534391534392
			3.09523809523809	-1.40873015873016
			3.08862433862434	-1.4021164021164
			3.08201058201058	-1.39550264550265
			3.07539682539683	-1.38888888888889
			3.06878306878307	-1.38227513227513
			3.06216931216931	-1.38227513227513
			3.05555555555556	-1.37566137566138
			3.0489417989418	-1.37566137566138
			3.04232804232804	-1.37566137566138
			3.03571428571429	-1.37566137566138
			3.02910052910053	-1.37566137566138
			3.02248677248677	-1.37566137566138
			3.01587301587302	-1.37566137566138
			3.00925925925926	-1.37566137566138
			3.0026455026455	-1.37566137566138
			2.99603174603175	-1.37566137566138
			2.98941798941799	-1.37566137566138
			2.98280423280423	-1.37566137566138
			2.97619047619048	-1.36904761904762
			2.96957671957672	-1.36904761904762
			2.96296296296296	-1.36904761904762
			2.95634920634921	-1.36904761904762
			2.94973544973545	-1.36904761904762
			2.94312169312169	-1.36243386243386
			2.93650793650794	-1.36243386243386
			2.93650793650794	-1.35582010582011
			2.93650793650794	-1.34920634920635
			2.93650793650794	-1.34259259259259
			2.93650793650794	-1.33597883597884
			2.94312169312169	-1.32936507936508
			2.94312169312169	-1.32275132275132
			2.94312169312169	-1.31613756613757
		</posterior>
	</curves.scaled>
	<ruler.points type=matrix rownames=TRUE colnames=FALSE nrow=2 ncol=2 as.numeric=TRUE >
		Ruler point 1	494	15
		Ruler point 2	494	393
	</ruler.points>
</shapes>

