<shapes type=list>
	<ruler.pixel type=vector names=FALSE length=1 as.numeric=TRUE >325</ruler.pixel>
	<ruler.interval type=vector names=FALSE length=1 as.numeric=TRUE >0.5</ruler.interval>
	<scaling.units type=vector names=FALSE length=1 as.numeric=FALSE >cm</scaling.units>
	<scaling type=vector names=FALSE length=1 as.numeric=TRUE >0.00153846153846154</scaling>
	<landmarks.pixel type=matrix rownames=TRUE colnames=FALSE nrow=16 ncol=2 as.numeric=TRUE >
		LM1	452	31
		LM2	452	37
		LM3	452	214
		LM4	452	274
		LM5	556	166
		LM6	540	228
		LM7	546	244
		LM8	606	118
		LM9	620	178
		LM10	452	31
		LM11	691	227
		LM12	700	285
		LM13	452	31
		LM14	646	142
		LM15	766	279
		LM16	803	421
	</landmarks.pixel>
	<landmarks.scaled type=matrix rownames=TRUE colnames=FALSE nrow=16 ncol=2 as.numeric=TRUE >
		LM1	0.695384615384615	-0.0476923076923077
		LM2	0.695384615384615	-0.0569230769230769
		LM3	0.695384615384615	-0.329230769230769
		LM4	0.695384615384615	-0.421538461538462
		LM5	0.855384615384615	-0.255384615384615
		LM6	0.830769230769231	-0.350769230769231
		LM7	0.84	-0.375384615384615
		LM8	0.932307692307692	-0.181538461538462
		LM9	0.953846153846154	-0.273846153846154
		LM10	0.695384615384615	-0.0476923076923077
		LM11	1.06307692307692	-0.349230769230769
		LM12	1.07692307692308	-0.438461538461538
		LM13	0.695384615384615	-0.0476923076923077
		LM14	0.993846153846154	-0.218461538461538
		LM15	1.17846153846154	-0.429230769230769
		LM16	1.23538461538462	-0.647692307692308
	</landmarks.scaled>
	<curves.control type=list>
		<glabella type=matrix rownames=FALSE colnames=FALSE nrow=9 ncol=2 as.numeric=TRUE >
			452	37
			504	44
			508	79
			547	84
			534	120
			578	153
			538	215
			550	227
			546	244
		</glabella>
		<suture type=matrix rownames=FALSE colnames=FALSE nrow=13 ncol=2 as.numeric=TRUE >
			452	31
			531	27
			561	31
			570	42
			573	86
			603	115
			609	127
			627	156
			620	182
			630	194
			673	212
			717	236
			700	285
		</suture>
		<anterior type=matrix rownames=FALSE colnames=FALSE nrow=7 ncol=2 as.numeric=TRUE >
			452	31
			547	25
			573	34
			671	66
			724	169
			742	210
			766	279
		</anterior>
		<posterior type=matrix rownames=FALSE colnames=FALSE nrow=15 ncol=2 as.numeric=TRUE >
			452	274
			472	279
			516	269
			536	261
			545	244
			598	247
			622	256
			647	262
			694	281
			714	299
			755	362
			781	393
			796	421
			825	438
			766	279
		</posterior>
	</curves.control>
	<curves.pixel type=list>
		<glabella type=matrix rownames=FALSE colnames=FALSE nrow=260 ncol=2 as.numeric=TRUE >
			452	37
			453	37
			454	37
			455	37
			456	38
			457	38
			458	38
			459	38
			460	38
			461	39
			462	39
			463	39
			464	39
			465	39
			466	40
			467	40
			468	40
			469	40
			470	41
			471	41
			472	41
			473	41
			474	42
			475	42
			476	43
			477	43
			478	43
			479	44
			480	44
			481	45
			482	45
			483	45
			484	46
			485	46
			485	47
			486	47
			487	48
			488	48
			489	49
			490	50
			491	50
			492	51
			493	52
			494	52
			494	53
			495	54
			496	54
			497	55
			497	56
			498	56
			499	57
			499	58
			500	59
			501	59
			501	60
			502	61
			502	62
			503	63
			503	64
			504	64
			504	65
			505	66
			505	67
			505	68
			506	69
			506	70
			506	71
			507	72
			507	73
			507	74
			507	75
			508	76
			508	77
			508	78
			508	79
			509	79
			510	79
			511	79
			512	80
			513	80
			514	80
			515	80
			516	80
			517	81
			518	81
			519	81
			520	82
			521	82
			522	82
			523	83
			524	83
			525	84
			526	84
			527	85
			528	86
			529	86
			530	87
			531	88
			532	89
			533	90
			534	91
			534	92
			535	93
			535	94
			536	95
			536	96
			536	97
			537	98
			537	99
			537	100
			537	101
			537	102
			537	103
			537	104
			537	105
			537	106
			537	107
			537	108
			537	109
			537	110
			537	111
			536	112
			536	113
			536	114
			536	115
			535	116
			535	117
			535	118
			534	119
			534	120
			535	121
			536	122
			537	123
			538	124
			539	125
			540	125
			541	126
			542	127
			543	128
			544	129
			545	130
			546	131
			546	132
			547	133
			548	133
			548	134
			549	135
			549	136
			550	136
			550	137
			551	138
			551	139
			551	140
			552	140
			552	141
			553	142
			553	143
			553	144
			554	144
			554	145
			554	146
			555	147
			555	148
			555	149
			555	150
			556	150
			556	151
			556	152
			556	153
			556	154
			556	155
			557	156
			557	157
			557	158
			557	159
			557	160
			557	161
			557	162
			557	163
			557	164
			557	165
			557	166
			557	167
			557	168
			557	169
			557	170
			556	171
			556	172
			556	173
			556	174
			556	175
			556	176
			555	177
			555	178
			555	179
			555	180
			554	181
			554	182
			554	183
			553	184
			553	185
			553	186
			552	187
			552	188
			552	189
			551	190
			551	191
			550	192
			550	193
			550	194
			549	195
			549	196
			548	197
			548	198
			547	199
			547	200
			546	201
			546	202
			545	203
			545	204
			544	205
			543	206
			543	207
			542	208
			542	209
			541	210
			540	211
			540	212
			539	213
			539	214
			538	215
			539	216
			540	217
			540	218
			541	219
			542	220
			543	221
			543	222
			544	223
			545	224
			545	225
			545	226
			546	227
			546	228
			546	229
			546	230
			547	231
			547	232
			547	233
			547	234
			547	235
			547	236
			547	237
			547	238
			547	239
			547	240
			547	241
			546	242
			546	243
			546	244
		</glabella>
		<suture type=matrix rownames=FALSE colnames=FALSE nrow=409 ncol=2 as.numeric=TRUE >
			452	31
			453	31
			454	31
			455	31
			456	31
			457	31
			458	31
			459	31
			460	31
			461	31
			462	31
			463	30
			464	30
			465	30
			466	30
			467	30
			468	30
			469	30
			470	30
			471	30
			472	30
			473	30
			474	30
			475	30
			476	30
			477	30
			478	30
			479	30
			480	30
			481	30
			482	30
			483	30
			484	30
			485	30
			486	30
			487	30
			488	30
			489	29
			490	29
			491	29
			492	29
			493	29
			494	29
			495	29
			496	29
			497	29
			498	29
			499	29
			500	29
			501	29
			502	29
			503	29
			504	29
			505	29
			506	29
			507	29
			508	29
			509	29
			510	29
			511	29
			512	29
			513	29
			514	29
			515	29
			516	29
			517	29
			518	29
			519	29
			520	29
			521	29
			522	29
			523	29
			524	29
			525	29
			526	29
			527	29
			528	29
			529	29
			530	29
			531	29
			532	29
			533	29
			534	29
			535	29
			536	29
			537	29
			538	29
			539	29
			540	29
			541	29
			542	29
			543	30
			544	30
			545	30
			546	30
			547	30
			548	30
			549	30
			550	30
			551	30
			552	30
			553	30
			554	30
			555	30
			556	30
			557	31
			558	31
			559	31
			560	31
			561	31
			562	32
			562	33
			563	34
			564	35
			564	36
			565	37
			565	38
			565	39
			566	40
			566	41
			566	42
			566	43
			567	43
			567	44
			567	45
			568	46
			568	47
			568	48
			568	49
			569	50
			569	51
			569	52
			569	53
			569	54
			569	55
			570	56
			570	57
			570	58
			570	59
			570	60
			570	61
			571	62
			571	63
			571	64
			571	65
			571	66
			571	67
			571	68
			571	69
			572	70
			572	71
			572	72
			572	73
			572	74
			572	75
			572	76
			572	77
			572	78
			572	79
			573	80
			573	81
			573	82
			573	83
			573	84
			573	85
			573	86
			574	87
			575	88
			576	89
			577	90
			578	91
			579	91
			579	92
			580	93
			581	93
			581	94
			582	95
			583	95
			583	96
			584	97
			585	97
			585	98
			586	99
			587	100
			588	101
			589	102
			590	103
			591	104
			592	105
			593	106
			593	107
			594	108
			595	108
			596	109
			596	110
			597	111
			598	111
			598	112
			599	113
			599	114
			600	114
			601	115
			601	116
			602	116
			602	117
			603	118
			604	119
			605	120
			605	121
			606	122
			607	123
			608	124
			608	125
			609	126
			609	127
			610	128
			610	129
			611	130
			611	131
			612	132
			612	133
			613	134
			613	135
			614	136
			614	137
			615	137
			615	138
			616	139
			616	140
			616	141
			617	142
			617	143
			617	144
			618	144
			618	145
			618	146
			619	147
			619	148
			619	149
			619	150
			620	151
			620	152
			620	153
			621	154
			621	155
			621	156
			621	157
			621	158
			621	159
			622	160
			622	161
			622	162
			622	163
			622	164
			622	165
			622	166
			622	167
			622	168
			622	169
			622	170
			622	171
			622	172
			622	173
			621	174
			621	175
			621	176
			621	177
			621	178
			621	179
			620	180
			620	181
			620	182
			621	183
			622	184
			623	185
			624	186
			625	187
			626	188
			627	188
			628	189
			629	190
			630	191
			631	191
			632	192
			633	193
			634	193
			635	193
			636	194
			637	195
			638	195
			639	196
			640	196
			641	197
			642	197
			643	198
			644	198
			645	199
			646	200
			647	200
			648	201
			649	201
			650	202
			651	202
			652	203
			653	203
			654	204
			655	204
			656	204
			657	205
			658	205
			659	206
			660	206
			660	207
			661	207
			662	207
			663	208
			664	208
			665	209
			666	209
			667	210
			668	210
			669	211
			670	211
			671	211
			672	212
			673	212
			674	213
			675	213
			676	214
			677	214
			678	215
			679	216
			680	216
			681	217
			682	218
			683	219
			684	219
			685	220
			686	221
			687	221
			688	222
			689	223
			689	224
			690	224
			691	225
			692	226
			692	227
			693	228
			694	228
			694	229
			695	230
			696	231
			696	232
			697	233
			697	234
			698	234
			698	235
			699	236
			699	237
			700	238
			700	239
			701	240
			701	241
			702	242
			702	243
			702	244
			703	245
			703	246
			703	247
			703	248
			704	249
			704	250
			704	251
			704	252
			704	253
			704	254
			705	255
			705	256
			705	257
			705	258
			705	259
			705	260
			705	261
			705	262
			705	263
			705	264
			705	265
			704	265
			704	266
			704	267
			704	268
			704	269
			704	270
			704	271
			704	272
			703	273
			703	274
			703	275
			703	276
			702	277
			702	278
			702	279
			702	280
			701	280
			701	281
			701	282
			701	283
			700	284
			700	285
		</suture>
		<anterior type=matrix rownames=FALSE colnames=FALSE nrow=415 ncol=2 as.numeric=TRUE >
			452	31
			453	31
			454	31
			455	31
			456	31
			457	31
			458	31
			459	31
			460	31
			461	30
			462	30
			463	30
			464	30
			465	30
			466	30
			467	30
			468	30
			469	30
			470	30
			471	30
			472	30
			473	30
			474	30
			475	30
			476	30
			477	30
			478	30
			479	30
			480	29
			481	29
			482	29
			483	29
			484	29
			485	29
			486	29
			487	29
			488	29
			489	29
			490	29
			491	29
			492	29
			493	29
			494	29
			495	29
			496	29
			497	29
			498	29
			499	29
			500	29
			501	29
			502	29
			503	29
			504	29
			505	29
			506	29
			507	29
			508	29
			509	29
			510	29
			511	29
			512	29
			513	29
			514	29
			515	29
			516	29
			517	29
			518	29
			519	29
			520	29
			521	29
			522	29
			523	29
			524	29
			525	29
			526	29
			527	29
			528	29
			529	29
			530	29
			531	29
			532	29
			533	29
			534	29
			535	29
			536	29
			537	29
			538	29
			539	29
			540	29
			541	29
			542	29
			543	29
			544	29
			545	29
			546	30
			547	30
			548	30
			549	30
			550	30
			551	30
			552	30
			553	30
			554	30
			555	30
			556	30
			557	31
			558	31
			559	31
			560	31
			561	31
			562	31
			563	32
			564	32
			565	32
			566	32
			567	32
			568	32
			569	33
			570	33
			571	33
			572	34
			573	34
			574	34
			575	35
			576	35
			577	35
			578	36
			579	36
			580	36
			581	37
			582	37
			583	38
			584	38
			585	38
			586	39
			587	39
			588	39
			589	40
			590	40
			591	40
			591	41
			592	41
			593	42
			594	42
			595	42
			596	43
			597	43
			598	44
			599	44
			600	45
			601	45
			602	46
			603	46
			604	46
			604	47
			605	47
			606	47
			606	48
			607	48
			608	48
			609	49
			610	49
			611	50
			612	51
			613	51
			614	52
			615	52
			616	53
			617	53
			618	54
			619	54
			620	55
			621	56
			622	56
			623	57
			624	58
			625	58
			626	59
			627	59
			628	60
			629	60
			630	61
			631	62
			632	62
			633	63
			634	64
			635	64
			635	65
			636	65
			637	66
			638	66
			638	67
			639	67
			640	68
			641	69
			642	70
			643	70
			644	71
			645	72
			646	72
			647	73
			648	74
			649	75
			650	76
			651	76
			652	77
			653	78
			654	79
			655	80
			656	80
			657	81
			658	82
			659	83
			660	84
			661	85
			662	85
			663	86
			664	87
			664	88
			665	89
			666	90
			667	91
			668	92
			669	92
			670	93
			671	94
			672	95
			673	96
			673	97
			674	98
			675	99
			676	100
			677	101
			678	102
			679	103
			680	104
			680	105
			681	106
			682	106
			683	107
			684	108
			685	109
			686	110
			686	111
			687	112
			688	113
			689	114
			689	115
			690	116
			691	117
			692	118
			693	119
			693	120
			694	121
			695	122
			696	123
			696	124
			697	125
			698	126
			698	127
			699	128
			700	129
			700	130
			701	131
			702	132
			702	133
			703	134
			704	135
			704	136
			705	137
			706	138
			706	139
			707	140
			708	141
			708	142
			709	143
			710	144
			710	145
			711	146
			711	147
			712	148
			713	149
			713	150
			714	151
			714	152
			715	153
			716	154
			716	155
			717	156
			718	157
			718	158
			719	159
			719	160
			720	161
			720	162
			721	163
			722	164
			722	165
			722	166
			723	166
			723	167
			723	168
			724	168
			724	169
			724	170
			725	171
			725	172
			726	173
			726	174
			727	175
			727	176
			728	177
			728	178
			728	179
			729	180
			729	181
			730	182
			730	183
			730	184
			731	185
			731	186
			732	187
			732	188
			733	189
			733	190
			733	191
			734	192
			734	193
			735	194
			735	195
			735	196
			736	197
			736	198
			736	199
			737	199
			737	200
			737	201
			738	202
			738	203
			739	204
			739	205
			739	206
			740	207
			740	208
			741	209
			741	210
			741	211
			742	212
			742	213
			743	214
			743	215
			743	216
			744	217
			744	218
			744	219
			745	220
			745	221
			745	222
			746	223
			746	224
			747	225
			747	226
			747	227
			748	228
			748	229
			748	230
			749	231
			749	232
			749	233
			750	234
			750	235
			750	236
			751	237
			751	238
			752	239
			752	240
			752	241
			753	242
			753	243
			753	244
			754	245
			754	246
			755	247
			755	248
			755	249
			756	250
			756	251
			756	252
			757	253
			757	254
			758	255
			758	256
			758	257
			759	258
			759	259
			759	260
			760	261
			760	262
			761	263
			761	264
			761	265
			761	266
			762	267
			762	268
			763	269
			763	270
			763	271
			764	272
			764	273
			764	274
			765	275
			765	276
			765	277
			766	278
			766	279
		</anterior>
		<posterior type=matrix rownames=FALSE colnames=FALSE nrow=548 ncol=2 as.numeric=TRUE >
			452	274
			453	274
			454	274
			455	275
			456	275
			457	275
			458	275
			459	275
			460	275
			461	275
			462	275
			463	276
			464	276
			465	276
			466	276
			467	276
			468	276
			469	276
			470	276
			471	276
			472	276
			473	276
			474	276
			475	275
			476	275
			477	275
			478	275
			479	275
			480	275
			481	275
			482	275
			483	275
			484	275
			485	275
			486	274
			487	274
			488	274
			489	274
			490	274
			491	274
			492	274
			493	274
			493	273
			494	273
			495	273
			496	273
			497	273
			498	273
			499	272
			500	272
			501	272
			502	272
			503	272
			504	272
			505	271
			506	271
			507	271
			508	271
			509	271
			510	270
			511	270
			512	270
			513	270
			514	269
			515	269
			516	269
			517	269
			517	268
			518	268
			519	268
			520	267
			521	267
			522	266
			523	266
			524	265
			525	265
			526	264
			527	263
			528	263
			529	262
			530	261
			531	260
			532	259
			533	259
			534	258
			535	257
			536	256
			537	255
			538	254
			539	253
			540	252
			541	251
			541	250
			542	249
			543	248
			543	247
			544	246
			545	245
			546	244
			547	244
			548	244
			549	244
			550	244
			551	244
			552	244
			553	244
			553	245
			554	245
			555	245
			556	245
			557	245
			558	245
			559	245
			560	245
			561	245
			562	245
			563	245
			564	245
			565	245
			566	246
			567	246
			568	246
			569	246
			570	246
			571	246
			572	246
			573	246
			574	246
			575	246
			576	247
			577	247
			578	247
			579	247
			580	247
			581	247
			582	247
			583	247
			584	248
			585	248
			586	248
			587	248
			588	248
			589	248
			590	248
			591	249
			592	249
			593	249
			594	249
			595	249
			596	249
			597	250
			598	250
			599	250
			600	250
			601	250
			602	251
			603	251
			604	251
			605	251
			606	251
			607	252
			608	252
			609	252
			610	252
			611	252
			611	253
			612	253
			613	253
			614	253
			615	254
			616	254
			617	254
			618	255
			619	255
			620	255
			621	256
			622	256
			623	256
			624	257
			625	257
			626	257
			627	257
			628	257
			628	258
			629	258
			630	258
			631	258
			632	259
			633	259
			634	259
			635	260
			636	260
			637	260
			638	260
			639	261
			640	261
			641	261
			642	262
			643	262
			644	262
			645	263
			646	263
			647	263
			648	264
			649	264
			650	264
			651	265
			652	265
			653	265
			654	266
			655	266
			656	267
			657	267
			658	267
			659	268
			660	268
			661	268
			662	269
			663	269
			664	269
			665	270
			666	270
			667	271
			668	271
			669	271
			670	272
			671	272
			672	272
			673	273
			674	273
			675	274
			676	274
			677	274
			678	275
			679	275
			680	275
			681	276
			682	276
			683	277
			684	277
			685	277
			686	278
			687	278
			688	279
			689	279
			690	279
			691	280
			692	280
			693	281
			694	281
			695	282
			696	283
			697	284
			698	285
			699	286
			700	287
			701	288
			702	289
			703	290
			704	291
			705	292
			706	293
			706	294
			707	295
			708	296
			709	297
			710	298
			711	299
			711	300
			712	301
			713	302
			714	303
			715	304
			715	305
			716	306
			717	307
			717	308
			718	309
			719	310
			719	311
			720	311
			721	312
			722	313
			722	314
			723	315
			724	316
			724	317
			725	318
			726	319
			727	320
			727	321
			728	322
			728	323
			729	323
			729	324
			730	325
			731	326
			732	327
			732	328
			733	329
			733	330
			734	331
			735	331
			735	332
			736	333
			736	334
			737	335
			737	336
			738	337
			739	337
			739	338
			740	339
			740	340
			741	341
			742	342
			742	343
			743	344
			744	345
			744	346
			745	347
			745	348
			746	348
			747	349
			747	350
			748	351
			749	352
			749	353
			750	354
			751	355
			751	356
			752	357
			753	358
			753	359
			754	360
			755	361
			755	362
			756	363
			756	364
			757	365
			758	366
			759	367
			760	368
			761	369
			761	370
			762	371
			763	372
			764	373
			765	374
			765	375
			766	376
			767	377
			768	378
			768	379
			769	380
			770	381
			771	382
			771	383
			772	384
			773	385
			774	386
			774	387
			775	388
			776	389
			776	390
			777	391
			778	392
			778	393
			779	394
			780	395
			781	396
			782	397
			782	398
			783	399
			783	400
			784	401
			785	402
			785	403
			786	404
			786	405
			787	405
			787	406
			788	407
			788	408
			789	409
			790	410
			791	411
			791	412
			792	413
			792	414
			793	415
			793	416
			794	417
			794	418
			795	419
			795	420
			796	421
			797	421
			798	422
			799	422
			800	423
			801	423
			802	423
			803	422
			804	421
			805	420
			805	419
			805	418
			805	417
			805	416
			805	415
			806	414
			806	413
			806	412
			806	411
			805	410
			805	409
			805	408
			805	407
			805	406
			805	405
			805	404
			805	403
			804	402
			804	401
			804	400
			804	399
			804	398
			804	397
			803	396
			803	395
			803	394
			803	393
			802	392
			802	391
			802	390
			802	389
			802	388
			801	387
			801	386
			801	385
			801	384
			800	383
			800	382
			800	381
			800	380
			799	379
			799	378
			799	377
			798	376
			798	375
			798	374
			798	373
			798	372
			797	372
			797	371
			797	370
			797	369
			796	368
			796	367
			796	366
			795	365
			795	364
			795	363
			794	362
			794	361
			794	360
			793	359
			793	358
			793	357
			793	356
			792	355
			792	354
			792	353
			791	352
			791	351
			791	350
			790	349
			790	348
			790	347
			789	346
			789	345
			789	344
			788	343
			788	342
			788	341
			787	340
			787	339
			787	338
			786	337
			786	336
			786	335
			786	334
			785	333
			785	332
			784	331
			784	330
			784	329
			784	328
			783	328
			783	327
			783	326
			783	325
			782	324
			782	323
			781	322
			781	321
			781	320
			780	319
			780	318
			780	317
			779	316
			779	315
			779	314
			778	313
			778	312
			777	311
			777	310
			777	309
			776	308
			776	307
			776	306
			775	305
			775	304
			775	303
			774	302
			774	301
			774	300
			773	299
			773	298
			773	297
			772	296
			772	295
			772	294
			771	293
			771	292
			771	291
			770	290
			770	289
			769	288
			769	287
			769	286
			768	285
			768	284
			768	283
			767	282
			767	281
			767	280
			766	279
		</posterior>
	</curves.pixel>
	<curves.scaled type=list>
		<glabella type=matrix rownames=FALSE colnames=FALSE nrow=260 ncol=2 as.numeric=TRUE >
			0.695384615384615	-0.0569230769230769
			0.696923076923077	-0.0569230769230769
			0.698461538461538	-0.0569230769230769
			0.7	-0.0569230769230769
			0.701538461538462	-0.0584615384615385
			0.703076923076923	-0.0584615384615385
			0.704615384615385	-0.0584615384615385
			0.706153846153846	-0.0584615384615385
			0.707692307692308	-0.0584615384615385
			0.709230769230769	-0.06
			0.710769230769231	-0.06
			0.712307692307692	-0.06
			0.713846153846154	-0.06
			0.715384615384615	-0.06
			0.716923076923077	-0.0615384615384615
			0.718461538461538	-0.0615384615384615
			0.72	-0.0615384615384615
			0.721538461538462	-0.0615384615384615
			0.723076923076923	-0.0630769230769231
			0.724615384615385	-0.0630769230769231
			0.726153846153846	-0.0630769230769231
			0.727692307692308	-0.0630769230769231
			0.729230769230769	-0.0646153846153846
			0.730769230769231	-0.0646153846153846
			0.732307692307692	-0.0661538461538462
			0.733846153846154	-0.0661538461538462
			0.735384615384615	-0.0661538461538462
			0.736923076923077	-0.0676923076923077
			0.738461538461539	-0.0676923076923077
			0.74	-0.0692307692307692
			0.741538461538462	-0.0692307692307692
			0.743076923076923	-0.0692307692307692
			0.744615384615385	-0.0707692307692308
			0.746153846153846	-0.0707692307692308
			0.746153846153846	-0.0723076923076923
			0.747692307692308	-0.0723076923076923
			0.749230769230769	-0.0738461538461538
			0.750769230769231	-0.0738461538461538
			0.752307692307692	-0.0753846153846154
			0.753846153846154	-0.0769230769230769
			0.755384615384615	-0.0769230769230769
			0.756923076923077	-0.0784615384615385
			0.758461538461538	-0.08
			0.76	-0.08
			0.76	-0.0815384615384615
			0.761538461538461	-0.0830769230769231
			0.763076923076923	-0.0830769230769231
			0.764615384615385	-0.0846153846153846
			0.764615384615385	-0.0861538461538462
			0.766153846153846	-0.0861538461538462
			0.767692307692308	-0.0876923076923077
			0.767692307692308	-0.0892307692307692
			0.769230769230769	-0.0907692307692308
			0.770769230769231	-0.0907692307692308
			0.770769230769231	-0.0923076923076923
			0.772307692307692	-0.0938461538461538
			0.772307692307692	-0.0953846153846154
			0.773846153846154	-0.0969230769230769
			0.773846153846154	-0.0984615384615385
			0.775384615384615	-0.0984615384615385
			0.775384615384615	-0.1
			0.776923076923077	-0.101538461538462
			0.776923076923077	-0.103076923076923
			0.776923076923077	-0.104615384615385
			0.778461538461538	-0.106153846153846
			0.778461538461538	-0.107692307692308
			0.778461538461538	-0.109230769230769
			0.78	-0.110769230769231
			0.78	-0.112307692307692
			0.78	-0.113846153846154
			0.78	-0.115384615384615
			0.781538461538462	-0.116923076923077
			0.781538461538462	-0.118461538461538
			0.781538461538462	-0.12
			0.781538461538462	-0.121538461538462
			0.783076923076923	-0.121538461538462
			0.784615384615385	-0.121538461538462
			0.786153846153846	-0.121538461538462
			0.787692307692308	-0.123076923076923
			0.789230769230769	-0.123076923076923
			0.790769230769231	-0.123076923076923
			0.792307692307692	-0.123076923076923
			0.793846153846154	-0.123076923076923
			0.795384615384615	-0.124615384615385
			0.796923076923077	-0.124615384615385
			0.798461538461538	-0.124615384615385
			0.8	-0.126153846153846
			0.801538461538462	-0.126153846153846
			0.803076923076923	-0.126153846153846
			0.804615384615385	-0.127692307692308
			0.806153846153846	-0.127692307692308
			0.807692307692308	-0.129230769230769
			0.809230769230769	-0.129230769230769
			0.810769230769231	-0.130769230769231
			0.812307692307692	-0.132307692307692
			0.813846153846154	-0.132307692307692
			0.815384615384615	-0.133846153846154
			0.816923076923077	-0.135384615384615
			0.818461538461538	-0.136923076923077
			0.82	-0.138461538461538
			0.821538461538462	-0.14
			0.821538461538462	-0.141538461538462
			0.823076923076923	-0.143076923076923
			0.823076923076923	-0.144615384615385
			0.824615384615385	-0.146153846153846
			0.824615384615385	-0.147692307692308
			0.824615384615385	-0.149230769230769
			0.826153846153846	-0.150769230769231
			0.826153846153846	-0.152307692307692
			0.826153846153846	-0.153846153846154
			0.826153846153846	-0.155384615384615
			0.826153846153846	-0.156923076923077
			0.826153846153846	-0.158461538461538
			0.826153846153846	-0.16
			0.826153846153846	-0.161538461538462
			0.826153846153846	-0.163076923076923
			0.826153846153846	-0.164615384615385
			0.826153846153846	-0.166153846153846
			0.826153846153846	-0.167692307692308
			0.826153846153846	-0.169230769230769
			0.826153846153846	-0.170769230769231
			0.824615384615385	-0.172307692307692
			0.824615384615385	-0.173846153846154
			0.824615384615385	-0.175384615384615
			0.824615384615385	-0.176923076923077
			0.823076923076923	-0.178461538461538
			0.823076923076923	-0.18
			0.823076923076923	-0.181538461538462
			0.821538461538462	-0.183076923076923
			0.821538461538462	-0.184615384615385
			0.823076923076923	-0.186153846153846
			0.824615384615385	-0.187692307692308
			0.826153846153846	-0.189230769230769
			0.827692307692308	-0.190769230769231
			0.829230769230769	-0.192307692307692
			0.830769230769231	-0.192307692307692
			0.832307692307692	-0.193846153846154
			0.833846153846154	-0.195384615384615
			0.835384615384615	-0.196923076923077
			0.836923076923077	-0.198461538461538
			0.838461538461538	-0.2
			0.84	-0.201538461538462
			0.84	-0.203076923076923
			0.841538461538462	-0.204615384615385
			0.843076923076923	-0.204615384615385
			0.843076923076923	-0.206153846153846
			0.844615384615385	-0.207692307692308
			0.844615384615385	-0.209230769230769
			0.846153846153846	-0.209230769230769
			0.846153846153846	-0.210769230769231
			0.847692307692308	-0.212307692307692
			0.847692307692308	-0.213846153846154
			0.847692307692308	-0.215384615384615
			0.849230769230769	-0.215384615384615
			0.849230769230769	-0.216923076923077
			0.850769230769231	-0.218461538461538
			0.850769230769231	-0.22
			0.850769230769231	-0.221538461538462
			0.852307692307692	-0.221538461538462
			0.852307692307692	-0.223076923076923
			0.852307692307692	-0.224615384615385
			0.853846153846154	-0.226153846153846
			0.853846153846154	-0.227692307692308
			0.853846153846154	-0.229230769230769
			0.853846153846154	-0.230769230769231
			0.855384615384615	-0.230769230769231
			0.855384615384615	-0.232307692307692
			0.855384615384615	-0.233846153846154
			0.855384615384615	-0.235384615384615
			0.855384615384615	-0.236923076923077
			0.855384615384615	-0.238461538461538
			0.856923076923077	-0.24
			0.856923076923077	-0.241538461538462
			0.856923076923077	-0.243076923076923
			0.856923076923077	-0.244615384615385
			0.856923076923077	-0.246153846153846
			0.856923076923077	-0.247692307692308
			0.856923076923077	-0.249230769230769
			0.856923076923077	-0.250769230769231
			0.856923076923077	-0.252307692307692
			0.856923076923077	-0.253846153846154
			0.856923076923077	-0.255384615384615
			0.856923076923077	-0.256923076923077
			0.856923076923077	-0.258461538461538
			0.856923076923077	-0.26
			0.856923076923077	-0.261538461538462
			0.855384615384615	-0.263076923076923
			0.855384615384615	-0.264615384615385
			0.855384615384615	-0.266153846153846
			0.855384615384615	-0.267692307692308
			0.855384615384615	-0.269230769230769
			0.855384615384615	-0.270769230769231
			0.853846153846154	-0.272307692307692
			0.853846153846154	-0.273846153846154
			0.853846153846154	-0.275384615384615
			0.853846153846154	-0.276923076923077
			0.852307692307692	-0.278461538461538
			0.852307692307692	-0.28
			0.852307692307692	-0.281538461538462
			0.850769230769231	-0.283076923076923
			0.850769230769231	-0.284615384615385
			0.850769230769231	-0.286153846153846
			0.849230769230769	-0.287692307692308
			0.849230769230769	-0.289230769230769
			0.849230769230769	-0.290769230769231
			0.847692307692308	-0.292307692307692
			0.847692307692308	-0.293846153846154
			0.846153846153846	-0.295384615384615
			0.846153846153846	-0.296923076923077
			0.846153846153846	-0.298461538461538
			0.844615384615385	-0.3
			0.844615384615385	-0.301538461538462
			0.843076923076923	-0.303076923076923
			0.843076923076923	-0.304615384615385
			0.841538461538462	-0.306153846153846
			0.841538461538462	-0.307692307692308
			0.84	-0.309230769230769
			0.84	-0.310769230769231
			0.838461538461538	-0.312307692307692
			0.838461538461538	-0.313846153846154
			0.836923076923077	-0.315384615384615
			0.835384615384615	-0.316923076923077
			0.835384615384615	-0.318461538461538
			0.833846153846154	-0.32
			0.833846153846154	-0.321538461538462
			0.832307692307692	-0.323076923076923
			0.830769230769231	-0.324615384615385
			0.830769230769231	-0.326153846153846
			0.829230769230769	-0.327692307692308
			0.829230769230769	-0.329230769230769
			0.827692307692308	-0.330769230769231
			0.829230769230769	-0.332307692307692
			0.830769230769231	-0.333846153846154
			0.830769230769231	-0.335384615384615
			0.832307692307692	-0.336923076923077
			0.833846153846154	-0.338461538461538
			0.835384615384615	-0.34
			0.835384615384615	-0.341538461538462
			0.836923076923077	-0.343076923076923
			0.838461538461538	-0.344615384615385
			0.838461538461538	-0.346153846153846
			0.838461538461538	-0.347692307692308
			0.84	-0.349230769230769
			0.84	-0.350769230769231
			0.84	-0.352307692307692
			0.84	-0.353846153846154
			0.841538461538462	-0.355384615384615
			0.841538461538462	-0.356923076923077
			0.841538461538462	-0.358461538461538
			0.841538461538462	-0.36
			0.841538461538462	-0.361538461538462
			0.841538461538462	-0.363076923076923
			0.841538461538462	-0.364615384615385
			0.841538461538462	-0.366153846153846
			0.841538461538462	-0.367692307692308
			0.841538461538462	-0.369230769230769
			0.841538461538462	-0.370769230769231
			0.84	-0.372307692307692
			0.84	-0.373846153846154
			0.84	-0.375384615384615
		</glabella>
		<suture type=matrix rownames=FALSE colnames=FALSE nrow=409 ncol=2 as.numeric=TRUE >
			0.695384615384615	-0.0476923076923077
			0.696923076923077	-0.0476923076923077
			0.698461538461538	-0.0476923076923077
			0.7	-0.0476923076923077
			0.701538461538462	-0.0476923076923077
			0.703076923076923	-0.0476923076923077
			0.704615384615385	-0.0476923076923077
			0.706153846153846	-0.0476923076923077
			0.707692307692308	-0.0476923076923077
			0.709230769230769	-0.0476923076923077
			0.710769230769231	-0.0476923076923077
			0.712307692307692	-0.0461538461538462
			0.713846153846154	-0.0461538461538462
			0.715384615384615	-0.0461538461538462
			0.716923076923077	-0.0461538461538462
			0.718461538461538	-0.0461538461538462
			0.72	-0.0461538461538462
			0.721538461538462	-0.0461538461538462
			0.723076923076923	-0.0461538461538462
			0.724615384615385	-0.0461538461538462
			0.726153846153846	-0.0461538461538462
			0.727692307692308	-0.0461538461538462
			0.729230769230769	-0.0461538461538462
			0.730769230769231	-0.0461538461538462
			0.732307692307692	-0.0461538461538462
			0.733846153846154	-0.0461538461538462
			0.735384615384615	-0.0461538461538462
			0.736923076923077	-0.0461538461538462
			0.738461538461539	-0.0461538461538462
			0.74	-0.0461538461538462
			0.741538461538462	-0.0461538461538462
			0.743076923076923	-0.0461538461538462
			0.744615384615385	-0.0461538461538462
			0.746153846153846	-0.0461538461538462
			0.747692307692308	-0.0461538461538462
			0.749230769230769	-0.0461538461538462
			0.750769230769231	-0.0461538461538462
			0.752307692307692	-0.0446153846153846
			0.753846153846154	-0.0446153846153846
			0.755384615384615	-0.0446153846153846
			0.756923076923077	-0.0446153846153846
			0.758461538461538	-0.0446153846153846
			0.76	-0.0446153846153846
			0.761538461538461	-0.0446153846153846
			0.763076923076923	-0.0446153846153846
			0.764615384615385	-0.0446153846153846
			0.766153846153846	-0.0446153846153846
			0.767692307692308	-0.0446153846153846
			0.769230769230769	-0.0446153846153846
			0.770769230769231	-0.0446153846153846
			0.772307692307692	-0.0446153846153846
			0.773846153846154	-0.0446153846153846
			0.775384615384615	-0.0446153846153846
			0.776923076923077	-0.0446153846153846
			0.778461538461538	-0.0446153846153846
			0.78	-0.0446153846153846
			0.781538461538462	-0.0446153846153846
			0.783076923076923	-0.0446153846153846
			0.784615384615385	-0.0446153846153846
			0.786153846153846	-0.0446153846153846
			0.787692307692308	-0.0446153846153846
			0.789230769230769	-0.0446153846153846
			0.790769230769231	-0.0446153846153846
			0.792307692307692	-0.0446153846153846
			0.793846153846154	-0.0446153846153846
			0.795384615384615	-0.0446153846153846
			0.796923076923077	-0.0446153846153846
			0.798461538461538	-0.0446153846153846
			0.8	-0.0446153846153846
			0.801538461538462	-0.0446153846153846
			0.803076923076923	-0.0446153846153846
			0.804615384615385	-0.0446153846153846
			0.806153846153846	-0.0446153846153846
			0.807692307692308	-0.0446153846153846
			0.809230769230769	-0.0446153846153846
			0.810769230769231	-0.0446153846153846
			0.812307692307692	-0.0446153846153846
			0.813846153846154	-0.0446153846153846
			0.815384615384615	-0.0446153846153846
			0.816923076923077	-0.0446153846153846
			0.818461538461538	-0.0446153846153846
			0.82	-0.0446153846153846
			0.821538461538462	-0.0446153846153846
			0.823076923076923	-0.0446153846153846
			0.824615384615385	-0.0446153846153846
			0.826153846153846	-0.0446153846153846
			0.827692307692308	-0.0446153846153846
			0.829230769230769	-0.0446153846153846
			0.830769230769231	-0.0446153846153846
			0.832307692307692	-0.0446153846153846
			0.833846153846154	-0.0446153846153846
			0.835384615384615	-0.0461538461538462
			0.836923076923077	-0.0461538461538462
			0.838461538461538	-0.0461538461538462
			0.84	-0.0461538461538462
			0.841538461538462	-0.0461538461538462
			0.843076923076923	-0.0461538461538462
			0.844615384615385	-0.0461538461538462
			0.846153846153846	-0.0461538461538462
			0.847692307692308	-0.0461538461538462
			0.849230769230769	-0.0461538461538462
			0.850769230769231	-0.0461538461538462
			0.852307692307692	-0.0461538461538462
			0.853846153846154	-0.0461538461538462
			0.855384615384615	-0.0461538461538462
			0.856923076923077	-0.0476923076923077
			0.858461538461538	-0.0476923076923077
			0.86	-0.0476923076923077
			0.861538461538462	-0.0476923076923077
			0.863076923076923	-0.0476923076923077
			0.864615384615385	-0.0492307692307692
			0.864615384615385	-0.0507692307692308
			0.866153846153846	-0.0523076923076923
			0.867692307692308	-0.0538461538461538
			0.867692307692308	-0.0553846153846154
			0.869230769230769	-0.0569230769230769
			0.869230769230769	-0.0584615384615385
			0.869230769230769	-0.06
			0.870769230769231	-0.0615384615384615
			0.870769230769231	-0.0630769230769231
			0.870769230769231	-0.0646153846153846
			0.870769230769231	-0.0661538461538462
			0.872307692307692	-0.0661538461538462
			0.872307692307692	-0.0676923076923077
			0.872307692307692	-0.0692307692307692
			0.873846153846154	-0.0707692307692308
			0.873846153846154	-0.0723076923076923
			0.873846153846154	-0.0738461538461538
			0.873846153846154	-0.0753846153846154
			0.875384615384615	-0.0769230769230769
			0.875384615384615	-0.0784615384615385
			0.875384615384615	-0.08
			0.875384615384615	-0.0815384615384615
			0.875384615384615	-0.0830769230769231
			0.875384615384615	-0.0846153846153846
			0.876923076923077	-0.0861538461538462
			0.876923076923077	-0.0876923076923077
			0.876923076923077	-0.0892307692307692
			0.876923076923077	-0.0907692307692308
			0.876923076923077	-0.0923076923076923
			0.876923076923077	-0.0938461538461538
			0.878461538461539	-0.0953846153846154
			0.878461538461539	-0.0969230769230769
			0.878461538461539	-0.0984615384615385
			0.878461538461539	-0.1
			0.878461538461539	-0.101538461538462
			0.878461538461539	-0.103076923076923
			0.878461538461539	-0.104615384615385
			0.878461538461539	-0.106153846153846
			0.88	-0.107692307692308
			0.88	-0.109230769230769
			0.88	-0.110769230769231
			0.88	-0.112307692307692
			0.88	-0.113846153846154
			0.88	-0.115384615384615
			0.88	-0.116923076923077
			0.88	-0.118461538461538
			0.88	-0.12
			0.88	-0.121538461538462
			0.881538461538461	-0.123076923076923
			0.881538461538461	-0.124615384615385
			0.881538461538461	-0.126153846153846
			0.881538461538461	-0.127692307692308
			0.881538461538461	-0.129230769230769
			0.881538461538461	-0.130769230769231
			0.881538461538461	-0.132307692307692
			0.883076923076923	-0.133846153846154
			0.884615384615385	-0.135384615384615
			0.886153846153846	-0.136923076923077
			0.887692307692308	-0.138461538461538
			0.889230769230769	-0.14
			0.890769230769231	-0.14
			0.890769230769231	-0.141538461538462
			0.892307692307692	-0.143076923076923
			0.893846153846154	-0.143076923076923
			0.893846153846154	-0.144615384615385
			0.895384615384615	-0.146153846153846
			0.896923076923077	-0.146153846153846
			0.896923076923077	-0.147692307692308
			0.898461538461538	-0.149230769230769
			0.9	-0.149230769230769
			0.9	-0.150769230769231
			0.901538461538462	-0.152307692307692
			0.903076923076923	-0.153846153846154
			0.904615384615385	-0.155384615384615
			0.906153846153846	-0.156923076923077
			0.907692307692308	-0.158461538461538
			0.909230769230769	-0.16
			0.910769230769231	-0.161538461538462
			0.912307692307692	-0.163076923076923
			0.912307692307692	-0.164615384615385
			0.913846153846154	-0.166153846153846
			0.915384615384615	-0.166153846153846
			0.916923076923077	-0.167692307692308
			0.916923076923077	-0.169230769230769
			0.918461538461538	-0.170769230769231
			0.92	-0.170769230769231
			0.92	-0.172307692307692
			0.921538461538462	-0.173846153846154
			0.921538461538462	-0.175384615384615
			0.923076923076923	-0.175384615384615
			0.924615384615385	-0.176923076923077
			0.924615384615385	-0.178461538461538
			0.926153846153846	-0.178461538461538
			0.926153846153846	-0.18
			0.927692307692308	-0.181538461538462
			0.929230769230769	-0.183076923076923
			0.930769230769231	-0.184615384615385
			0.930769230769231	-0.186153846153846
			0.932307692307692	-0.187692307692308
			0.933846153846154	-0.189230769230769
			0.935384615384615	-0.190769230769231
			0.935384615384615	-0.192307692307692
			0.936923076923077	-0.193846153846154
			0.936923076923077	-0.195384615384615
			0.938461538461538	-0.196923076923077
			0.938461538461538	-0.198461538461538
			0.94	-0.2
			0.94	-0.201538461538462
			0.941538461538462	-0.203076923076923
			0.941538461538462	-0.204615384615385
			0.943076923076923	-0.206153846153846
			0.943076923076923	-0.207692307692308
			0.944615384615385	-0.209230769230769
			0.944615384615385	-0.210769230769231
			0.946153846153846	-0.210769230769231
			0.946153846153846	-0.212307692307692
			0.947692307692308	-0.213846153846154
			0.947692307692308	-0.215384615384615
			0.947692307692308	-0.216923076923077
			0.949230769230769	-0.218461538461538
			0.949230769230769	-0.22
			0.949230769230769	-0.221538461538462
			0.950769230769231	-0.221538461538462
			0.950769230769231	-0.223076923076923
			0.950769230769231	-0.224615384615385
			0.952307692307692	-0.226153846153846
			0.952307692307692	-0.227692307692308
			0.952307692307692	-0.229230769230769
			0.952307692307692	-0.230769230769231
			0.953846153846154	-0.232307692307692
			0.953846153846154	-0.233846153846154
			0.953846153846154	-0.235384615384615
			0.955384615384615	-0.236923076923077
			0.955384615384615	-0.238461538461538
			0.955384615384615	-0.24
			0.955384615384615	-0.241538461538462
			0.955384615384615	-0.243076923076923
			0.955384615384615	-0.244615384615385
			0.956923076923077	-0.246153846153846
			0.956923076923077	-0.247692307692308
			0.956923076923077	-0.249230769230769
			0.956923076923077	-0.250769230769231
			0.956923076923077	-0.252307692307692
			0.956923076923077	-0.253846153846154
			0.956923076923077	-0.255384615384615
			0.956923076923077	-0.256923076923077
			0.956923076923077	-0.258461538461538
			0.956923076923077	-0.26
			0.956923076923077	-0.261538461538462
			0.956923076923077	-0.263076923076923
			0.956923076923077	-0.264615384615385
			0.956923076923077	-0.266153846153846
			0.955384615384615	-0.267692307692308
			0.955384615384615	-0.269230769230769
			0.955384615384615	-0.270769230769231
			0.955384615384615	-0.272307692307692
			0.955384615384615	-0.273846153846154
			0.955384615384615	-0.275384615384615
			0.953846153846154	-0.276923076923077
			0.953846153846154	-0.278461538461538
			0.953846153846154	-0.28
			0.955384615384615	-0.281538461538462
			0.956923076923077	-0.283076923076923
			0.958461538461538	-0.284615384615385
			0.96	-0.286153846153846
			0.961538461538462	-0.287692307692308
			0.963076923076923	-0.289230769230769
			0.964615384615385	-0.289230769230769
			0.966153846153846	-0.290769230769231
			0.967692307692308	-0.292307692307692
			0.969230769230769	-0.293846153846154
			0.970769230769231	-0.293846153846154
			0.972307692307692	-0.295384615384615
			0.973846153846154	-0.296923076923077
			0.975384615384615	-0.296923076923077
			0.976923076923077	-0.296923076923077
			0.978461538461538	-0.298461538461538
			0.98	-0.3
			0.981538461538462	-0.3
			0.983076923076923	-0.301538461538462
			0.984615384615385	-0.301538461538462
			0.986153846153846	-0.303076923076923
			0.987692307692308	-0.303076923076923
			0.989230769230769	-0.304615384615385
			0.990769230769231	-0.304615384615385
			0.992307692307692	-0.306153846153846
			0.993846153846154	-0.307692307692308
			0.995384615384615	-0.307692307692308
			0.996923076923077	-0.309230769230769
			0.998461538461539	-0.309230769230769
			1	-0.310769230769231
			1.00153846153846	-0.310769230769231
			1.00307692307692	-0.312307692307692
			1.00461538461538	-0.312307692307692
			1.00615384615385	-0.313846153846154
			1.00769230769231	-0.313846153846154
			1.00923076923077	-0.313846153846154
			1.01076923076923	-0.315384615384615
			1.01230769230769	-0.315384615384615
			1.01384615384615	-0.316923076923077
			1.01538461538462	-0.316923076923077
			1.01538461538462	-0.318461538461538
			1.01692307692308	-0.318461538461538
			1.01846153846154	-0.318461538461538
			1.02	-0.32
			1.02153846153846	-0.32
			1.02307692307692	-0.321538461538462
			1.02461538461538	-0.321538461538462
			1.02615384615385	-0.323076923076923
			1.02769230769231	-0.323076923076923
			1.02923076923077	-0.324615384615385
			1.03076923076923	-0.324615384615385
			1.03230769230769	-0.324615384615385
			1.03384615384615	-0.326153846153846
			1.03538461538462	-0.326153846153846
			1.03692307692308	-0.327692307692308
			1.03846153846154	-0.327692307692308
			1.04	-0.329230769230769
			1.04153846153846	-0.329230769230769
			1.04307692307692	-0.330769230769231
			1.04461538461538	-0.332307692307692
			1.04615384615385	-0.332307692307692
			1.04769230769231	-0.333846153846154
			1.04923076923077	-0.335384615384615
			1.05076923076923	-0.336923076923077
			1.05230769230769	-0.336923076923077
			1.05384615384615	-0.338461538461538
			1.05538461538462	-0.34
			1.05692307692308	-0.34
			1.05846153846154	-0.341538461538462
			1.06	-0.343076923076923
			1.06	-0.344615384615385
			1.06153846153846	-0.344615384615385
			1.06307692307692	-0.346153846153846
			1.06461538461538	-0.347692307692308
			1.06461538461538	-0.349230769230769
			1.06615384615385	-0.350769230769231
			1.06769230769231	-0.350769230769231
			1.06769230769231	-0.352307692307692
			1.06923076923077	-0.353846153846154
			1.07076923076923	-0.355384615384615
			1.07076923076923	-0.356923076923077
			1.07230769230769	-0.358461538461538
			1.07230769230769	-0.36
			1.07384615384615	-0.36
			1.07384615384615	-0.361538461538462
			1.07538461538462	-0.363076923076923
			1.07538461538462	-0.364615384615385
			1.07692307692308	-0.366153846153846
			1.07692307692308	-0.367692307692308
			1.07846153846154	-0.369230769230769
			1.07846153846154	-0.370769230769231
			1.08	-0.372307692307692
			1.08	-0.373846153846154
			1.08	-0.375384615384615
			1.08153846153846	-0.376923076923077
			1.08153846153846	-0.378461538461538
			1.08153846153846	-0.38
			1.08153846153846	-0.381538461538462
			1.08307692307692	-0.383076923076923
			1.08307692307692	-0.384615384615385
			1.08307692307692	-0.386153846153846
			1.08307692307692	-0.387692307692308
			1.08307692307692	-0.389230769230769
			1.08307692307692	-0.390769230769231
			1.08461538461538	-0.392307692307692
			1.08461538461538	-0.393846153846154
			1.08461538461538	-0.395384615384615
			1.08461538461538	-0.396923076923077
			1.08461538461538	-0.398461538461538
			1.08461538461538	-0.4
			1.08461538461538	-0.401538461538462
			1.08461538461538	-0.403076923076923
			1.08461538461538	-0.404615384615385
			1.08461538461538	-0.406153846153846
			1.08461538461538	-0.407692307692308
			1.08307692307692	-0.407692307692308
			1.08307692307692	-0.409230769230769
			1.08307692307692	-0.410769230769231
			1.08307692307692	-0.412307692307692
			1.08307692307692	-0.413846153846154
			1.08307692307692	-0.415384615384615
			1.08307692307692	-0.416923076923077
			1.08307692307692	-0.418461538461538
			1.08153846153846	-0.42
			1.08153846153846	-0.421538461538462
			1.08153846153846	-0.423076923076923
			1.08153846153846	-0.424615384615385
			1.08	-0.426153846153846
			1.08	-0.427692307692308
			1.08	-0.429230769230769
			1.08	-0.430769230769231
			1.07846153846154	-0.430769230769231
			1.07846153846154	-0.432307692307692
			1.07846153846154	-0.433846153846154
			1.07846153846154	-0.435384615384615
			1.07692307692308	-0.436923076923077
			1.07692307692308	-0.438461538461538
		</suture>
		<anterior type=matrix rownames=FALSE colnames=FALSE nrow=415 ncol=2 as.numeric=TRUE >
			0.695384615384615	-0.0476923076923077
			0.696923076923077	-0.0476923076923077
			0.698461538461538	-0.0476923076923077
			0.7	-0.0476923076923077
			0.701538461538462	-0.0476923076923077
			0.703076923076923	-0.0476923076923077
			0.704615384615385	-0.0476923076923077
			0.706153846153846	-0.0476923076923077
			0.707692307692308	-0.0476923076923077
			0.709230769230769	-0.0461538461538462
			0.710769230769231	-0.0461538461538462
			0.712307692307692	-0.0461538461538462
			0.713846153846154	-0.0461538461538462
			0.715384615384615	-0.0461538461538462
			0.716923076923077	-0.0461538461538462
			0.718461538461538	-0.0461538461538462
			0.72	-0.0461538461538462
			0.721538461538462	-0.0461538461538462
			0.723076923076923	-0.0461538461538462
			0.724615384615385	-0.0461538461538462
			0.726153846153846	-0.0461538461538462
			0.727692307692308	-0.0461538461538462
			0.729230769230769	-0.0461538461538462
			0.730769230769231	-0.0461538461538462
			0.732307692307692	-0.0461538461538462
			0.733846153846154	-0.0461538461538462
			0.735384615384615	-0.0461538461538462
			0.736923076923077	-0.0461538461538462
			0.738461538461539	-0.0446153846153846
			0.74	-0.0446153846153846
			0.741538461538462	-0.0446153846153846
			0.743076923076923	-0.0446153846153846
			0.744615384615385	-0.0446153846153846
			0.746153846153846	-0.0446153846153846
			0.747692307692308	-0.0446153846153846
			0.749230769230769	-0.0446153846153846
			0.750769230769231	-0.0446153846153846
			0.752307692307692	-0.0446153846153846
			0.753846153846154	-0.0446153846153846
			0.755384615384615	-0.0446153846153846
			0.756923076923077	-0.0446153846153846
			0.758461538461538	-0.0446153846153846
			0.76	-0.0446153846153846
			0.761538461538461	-0.0446153846153846
			0.763076923076923	-0.0446153846153846
			0.764615384615385	-0.0446153846153846
			0.766153846153846	-0.0446153846153846
			0.767692307692308	-0.0446153846153846
			0.769230769230769	-0.0446153846153846
			0.770769230769231	-0.0446153846153846
			0.772307692307692	-0.0446153846153846
			0.773846153846154	-0.0446153846153846
			0.775384615384615	-0.0446153846153846
			0.776923076923077	-0.0446153846153846
			0.778461538461538	-0.0446153846153846
			0.78	-0.0446153846153846
			0.781538461538462	-0.0446153846153846
			0.783076923076923	-0.0446153846153846
			0.784615384615385	-0.0446153846153846
			0.786153846153846	-0.0446153846153846
			0.787692307692308	-0.0446153846153846
			0.789230769230769	-0.0446153846153846
			0.790769230769231	-0.0446153846153846
			0.792307692307692	-0.0446153846153846
			0.793846153846154	-0.0446153846153846
			0.795384615384615	-0.0446153846153846
			0.796923076923077	-0.0446153846153846
			0.798461538461538	-0.0446153846153846
			0.8	-0.0446153846153846
			0.801538461538462	-0.0446153846153846
			0.803076923076923	-0.0446153846153846
			0.804615384615385	-0.0446153846153846
			0.806153846153846	-0.0446153846153846
			0.807692307692308	-0.0446153846153846
			0.809230769230769	-0.0446153846153846
			0.810769230769231	-0.0446153846153846
			0.812307692307692	-0.0446153846153846
			0.813846153846154	-0.0446153846153846
			0.815384615384615	-0.0446153846153846
			0.816923076923077	-0.0446153846153846
			0.818461538461538	-0.0446153846153846
			0.82	-0.0446153846153846
			0.821538461538462	-0.0446153846153846
			0.823076923076923	-0.0446153846153846
			0.824615384615385	-0.0446153846153846
			0.826153846153846	-0.0446153846153846
			0.827692307692308	-0.0446153846153846
			0.829230769230769	-0.0446153846153846
			0.830769230769231	-0.0446153846153846
			0.832307692307692	-0.0446153846153846
			0.833846153846154	-0.0446153846153846
			0.835384615384615	-0.0446153846153846
			0.836923076923077	-0.0446153846153846
			0.838461538461538	-0.0446153846153846
			0.84	-0.0461538461538462
			0.841538461538462	-0.0461538461538462
			0.843076923076923	-0.0461538461538462
			0.844615384615385	-0.0461538461538462
			0.846153846153846	-0.0461538461538462
			0.847692307692308	-0.0461538461538462
			0.849230769230769	-0.0461538461538462
			0.850769230769231	-0.0461538461538462
			0.852307692307692	-0.0461538461538462
			0.853846153846154	-0.0461538461538462
			0.855384615384615	-0.0461538461538462
			0.856923076923077	-0.0476923076923077
			0.858461538461538	-0.0476923076923077
			0.86	-0.0476923076923077
			0.861538461538462	-0.0476923076923077
			0.863076923076923	-0.0476923076923077
			0.864615384615385	-0.0476923076923077
			0.866153846153846	-0.0492307692307692
			0.867692307692308	-0.0492307692307692
			0.869230769230769	-0.0492307692307692
			0.870769230769231	-0.0492307692307692
			0.872307692307692	-0.0492307692307692
			0.873846153846154	-0.0492307692307692
			0.875384615384615	-0.0507692307692308
			0.876923076923077	-0.0507692307692308
			0.878461538461539	-0.0507692307692308
			0.88	-0.0523076923076923
			0.881538461538461	-0.0523076923076923
			0.883076923076923	-0.0523076923076923
			0.884615384615385	-0.0538461538461538
			0.886153846153846	-0.0538461538461538
			0.887692307692308	-0.0538461538461538
			0.889230769230769	-0.0553846153846154
			0.890769230769231	-0.0553846153846154
			0.892307692307692	-0.0553846153846154
			0.893846153846154	-0.0569230769230769
			0.895384615384615	-0.0569230769230769
			0.896923076923077	-0.0584615384615385
			0.898461538461538	-0.0584615384615385
			0.9	-0.0584615384615385
			0.901538461538462	-0.06
			0.903076923076923	-0.06
			0.904615384615385	-0.06
			0.906153846153846	-0.0615384615384615
			0.907692307692308	-0.0615384615384615
			0.909230769230769	-0.0615384615384615
			0.909230769230769	-0.0630769230769231
			0.910769230769231	-0.0630769230769231
			0.912307692307692	-0.0646153846153846
			0.913846153846154	-0.0646153846153846
			0.915384615384615	-0.0646153846153846
			0.916923076923077	-0.0661538461538462
			0.918461538461538	-0.0661538461538462
			0.92	-0.0676923076923077
			0.921538461538462	-0.0676923076923077
			0.923076923076923	-0.0692307692307692
			0.924615384615385	-0.0692307692307692
			0.926153846153846	-0.0707692307692308
			0.927692307692308	-0.0707692307692308
			0.929230769230769	-0.0707692307692308
			0.929230769230769	-0.0723076923076923
			0.930769230769231	-0.0723076923076923
			0.932307692307692	-0.0723076923076923
			0.932307692307692	-0.0738461538461538
			0.933846153846154	-0.0738461538461538
			0.935384615384615	-0.0738461538461538
			0.936923076923077	-0.0753846153846154
			0.938461538461538	-0.0753846153846154
			0.94	-0.0769230769230769
			0.941538461538462	-0.0784615384615385
			0.943076923076923	-0.0784615384615385
			0.944615384615385	-0.08
			0.946153846153846	-0.08
			0.947692307692308	-0.0815384615384615
			0.949230769230769	-0.0815384615384615
			0.950769230769231	-0.0830769230769231
			0.952307692307692	-0.0830769230769231
			0.953846153846154	-0.0846153846153846
			0.955384615384615	-0.0861538461538462
			0.956923076923077	-0.0861538461538462
			0.958461538461538	-0.0876923076923077
			0.96	-0.0892307692307692
			0.961538461538462	-0.0892307692307692
			0.963076923076923	-0.0907692307692308
			0.964615384615385	-0.0907692307692308
			0.966153846153846	-0.0923076923076923
			0.967692307692308	-0.0923076923076923
			0.969230769230769	-0.0938461538461538
			0.970769230769231	-0.0953846153846154
			0.972307692307692	-0.0953846153846154
			0.973846153846154	-0.0969230769230769
			0.975384615384615	-0.0984615384615385
			0.976923076923077	-0.0984615384615385
			0.976923076923077	-0.1
			0.978461538461538	-0.1
			0.98	-0.101538461538462
			0.981538461538462	-0.101538461538462
			0.981538461538462	-0.103076923076923
			0.983076923076923	-0.103076923076923
			0.984615384615385	-0.104615384615385
			0.986153846153846	-0.106153846153846
			0.987692307692308	-0.107692307692308
			0.989230769230769	-0.107692307692308
			0.990769230769231	-0.109230769230769
			0.992307692307692	-0.110769230769231
			0.993846153846154	-0.110769230769231
			0.995384615384615	-0.112307692307692
			0.996923076923077	-0.113846153846154
			0.998461538461539	-0.115384615384615
			1	-0.116923076923077
			1.00153846153846	-0.116923076923077
			1.00307692307692	-0.118461538461538
			1.00461538461538	-0.12
			1.00615384615385	-0.121538461538462
			1.00769230769231	-0.123076923076923
			1.00923076923077	-0.123076923076923
			1.01076923076923	-0.124615384615385
			1.01230769230769	-0.126153846153846
			1.01384615384615	-0.127692307692308
			1.01538461538462	-0.129230769230769
			1.01692307692308	-0.130769230769231
			1.01846153846154	-0.130769230769231
			1.02	-0.132307692307692
			1.02153846153846	-0.133846153846154
			1.02153846153846	-0.135384615384615
			1.02307692307692	-0.136923076923077
			1.02461538461538	-0.138461538461538
			1.02615384615385	-0.14
			1.02769230769231	-0.141538461538462
			1.02923076923077	-0.141538461538462
			1.03076923076923	-0.143076923076923
			1.03230769230769	-0.144615384615385
			1.03384615384615	-0.146153846153846
			1.03538461538462	-0.147692307692308
			1.03538461538462	-0.149230769230769
			1.03692307692308	-0.150769230769231
			1.03846153846154	-0.152307692307692
			1.04	-0.153846153846154
			1.04153846153846	-0.155384615384615
			1.04307692307692	-0.156923076923077
			1.04461538461538	-0.158461538461538
			1.04615384615385	-0.16
			1.04615384615385	-0.161538461538462
			1.04769230769231	-0.163076923076923
			1.04923076923077	-0.163076923076923
			1.05076923076923	-0.164615384615385
			1.05230769230769	-0.166153846153846
			1.05384615384615	-0.167692307692308
			1.05538461538462	-0.169230769230769
			1.05538461538462	-0.170769230769231
			1.05692307692308	-0.172307692307692
			1.05846153846154	-0.173846153846154
			1.06	-0.175384615384615
			1.06	-0.176923076923077
			1.06153846153846	-0.178461538461538
			1.06307692307692	-0.18
			1.06461538461538	-0.181538461538462
			1.06615384615385	-0.183076923076923
			1.06615384615385	-0.184615384615385
			1.06769230769231	-0.186153846153846
			1.06923076923077	-0.187692307692308
			1.07076923076923	-0.189230769230769
			1.07076923076923	-0.190769230769231
			1.07230769230769	-0.192307692307692
			1.07384615384615	-0.193846153846154
			1.07384615384615	-0.195384615384615
			1.07538461538462	-0.196923076923077
			1.07692307692308	-0.198461538461538
			1.07692307692308	-0.2
			1.07846153846154	-0.201538461538462
			1.08	-0.203076923076923
			1.08	-0.204615384615385
			1.08153846153846	-0.206153846153846
			1.08307692307692	-0.207692307692308
			1.08307692307692	-0.209230769230769
			1.08461538461538	-0.210769230769231
			1.08615384615385	-0.212307692307692
			1.08615384615385	-0.213846153846154
			1.08769230769231	-0.215384615384615
			1.08923076923077	-0.216923076923077
			1.08923076923077	-0.218461538461538
			1.09076923076923	-0.22
			1.09230769230769	-0.221538461538462
			1.09230769230769	-0.223076923076923
			1.09384615384615	-0.224615384615385
			1.09384615384615	-0.226153846153846
			1.09538461538462	-0.227692307692308
			1.09692307692308	-0.229230769230769
			1.09692307692308	-0.230769230769231
			1.09846153846154	-0.232307692307692
			1.09846153846154	-0.233846153846154
			1.1	-0.235384615384615
			1.10153846153846	-0.236923076923077
			1.10153846153846	-0.238461538461538
			1.10307692307692	-0.24
			1.10461538461538	-0.241538461538462
			1.10461538461538	-0.243076923076923
			1.10615384615385	-0.244615384615385
			1.10615384615385	-0.246153846153846
			1.10769230769231	-0.247692307692308
			1.10769230769231	-0.249230769230769
			1.10923076923077	-0.250769230769231
			1.11076923076923	-0.252307692307692
			1.11076923076923	-0.253846153846154
			1.11076923076923	-0.255384615384615
			1.11230769230769	-0.255384615384615
			1.11230769230769	-0.256923076923077
			1.11230769230769	-0.258461538461538
			1.11384615384615	-0.258461538461538
			1.11384615384615	-0.26
			1.11384615384615	-0.261538461538462
			1.11538461538462	-0.263076923076923
			1.11538461538462	-0.264615384615385
			1.11692307692308	-0.266153846153846
			1.11692307692308	-0.267692307692308
			1.11846153846154	-0.269230769230769
			1.11846153846154	-0.270769230769231
			1.12	-0.272307692307692
			1.12	-0.273846153846154
			1.12	-0.275384615384615
			1.12153846153846	-0.276923076923077
			1.12153846153846	-0.278461538461538
			1.12307692307692	-0.28
			1.12307692307692	-0.281538461538462
			1.12307692307692	-0.283076923076923
			1.12461538461538	-0.284615384615385
			1.12461538461538	-0.286153846153846
			1.12615384615385	-0.287692307692308
			1.12615384615385	-0.289230769230769
			1.12769230769231	-0.290769230769231
			1.12769230769231	-0.292307692307692
			1.12769230769231	-0.293846153846154
			1.12923076923077	-0.295384615384615
			1.12923076923077	-0.296923076923077
			1.13076923076923	-0.298461538461538
			1.13076923076923	-0.3
			1.13076923076923	-0.301538461538462
			1.13230769230769	-0.303076923076923
			1.13230769230769	-0.304615384615385
			1.13230769230769	-0.306153846153846
			1.13384615384615	-0.306153846153846
			1.13384615384615	-0.307692307692308
			1.13384615384615	-0.309230769230769
			1.13538461538462	-0.310769230769231
			1.13538461538462	-0.312307692307692
			1.13692307692308	-0.313846153846154
			1.13692307692308	-0.315384615384615
			1.13692307692308	-0.316923076923077
			1.13846153846154	-0.318461538461538
			1.13846153846154	-0.32
			1.14	-0.321538461538462
			1.14	-0.323076923076923
			1.14	-0.324615384615385
			1.14153846153846	-0.326153846153846
			1.14153846153846	-0.327692307692308
			1.14307692307692	-0.329230769230769
			1.14307692307692	-0.330769230769231
			1.14307692307692	-0.332307692307692
			1.14461538461538	-0.333846153846154
			1.14461538461538	-0.335384615384615
			1.14461538461538	-0.336923076923077
			1.14615384615385	-0.338461538461538
			1.14615384615385	-0.34
			1.14615384615385	-0.341538461538462
			1.14769230769231	-0.343076923076923
			1.14769230769231	-0.344615384615385
			1.14923076923077	-0.346153846153846
			1.14923076923077	-0.347692307692308
			1.14923076923077	-0.349230769230769
			1.15076923076923	-0.350769230769231
			1.15076923076923	-0.352307692307692
			1.15076923076923	-0.353846153846154
			1.15230769230769	-0.355384615384615
			1.15230769230769	-0.356923076923077
			1.15230769230769	-0.358461538461538
			1.15384615384615	-0.36
			1.15384615384615	-0.361538461538462
			1.15384615384615	-0.363076923076923
			1.15538461538462	-0.364615384615385
			1.15538461538462	-0.366153846153846
			1.15692307692308	-0.367692307692308
			1.15692307692308	-0.369230769230769
			1.15692307692308	-0.370769230769231
			1.15846153846154	-0.372307692307692
			1.15846153846154	-0.373846153846154
			1.15846153846154	-0.375384615384615
			1.16	-0.376923076923077
			1.16	-0.378461538461538
			1.16153846153846	-0.38
			1.16153846153846	-0.381538461538462
			1.16153846153846	-0.383076923076923
			1.16307692307692	-0.384615384615385
			1.16307692307692	-0.386153846153846
			1.16307692307692	-0.387692307692308
			1.16461538461538	-0.389230769230769
			1.16461538461538	-0.390769230769231
			1.16615384615385	-0.392307692307692
			1.16615384615385	-0.393846153846154
			1.16615384615385	-0.395384615384615
			1.16769230769231	-0.396923076923077
			1.16769230769231	-0.398461538461538
			1.16769230769231	-0.4
			1.16923076923077	-0.401538461538462
			1.16923076923077	-0.403076923076923
			1.17076923076923	-0.404615384615385
			1.17076923076923	-0.406153846153846
			1.17076923076923	-0.407692307692308
			1.17076923076923	-0.409230769230769
			1.17230769230769	-0.410769230769231
			1.17230769230769	-0.412307692307692
			1.17384615384615	-0.413846153846154
			1.17384615384615	-0.415384615384615
			1.17384615384615	-0.416923076923077
			1.17538461538462	-0.418461538461538
			1.17538461538462	-0.42
			1.17538461538462	-0.421538461538462
			1.17692307692308	-0.423076923076923
			1.17692307692308	-0.424615384615385
			1.17692307692308	-0.426153846153846
			1.17846153846154	-0.427692307692308
			1.17846153846154	-0.429230769230769
		</anterior>
		<posterior type=matrix rownames=FALSE colnames=FALSE nrow=548 ncol=2 as.numeric=TRUE >
			0.695384615384615	-0.421538461538462
			0.696923076923077	-0.421538461538462
			0.698461538461538	-0.421538461538462
			0.7	-0.423076923076923
			0.701538461538462	-0.423076923076923
			0.703076923076923	-0.423076923076923
			0.704615384615385	-0.423076923076923
			0.706153846153846	-0.423076923076923
			0.707692307692308	-0.423076923076923
			0.709230769230769	-0.423076923076923
			0.710769230769231	-0.423076923076923
			0.712307692307692	-0.424615384615385
			0.713846153846154	-0.424615384615385
			0.715384615384615	-0.424615384615385
			0.716923076923077	-0.424615384615385
			0.718461538461538	-0.424615384615385
			0.72	-0.424615384615385
			0.721538461538462	-0.424615384615385
			0.723076923076923	-0.424615384615385
			0.724615384615385	-0.424615384615385
			0.726153846153846	-0.424615384615385
			0.727692307692308	-0.424615384615385
			0.729230769230769	-0.424615384615385
			0.730769230769231	-0.423076923076923
			0.732307692307692	-0.423076923076923
			0.733846153846154	-0.423076923076923
			0.735384615384615	-0.423076923076923
			0.736923076923077	-0.423076923076923
			0.738461538461539	-0.423076923076923
			0.74	-0.423076923076923
			0.741538461538462	-0.423076923076923
			0.743076923076923	-0.423076923076923
			0.744615384615385	-0.423076923076923
			0.746153846153846	-0.423076923076923
			0.747692307692308	-0.421538461538462
			0.749230769230769	-0.421538461538462
			0.750769230769231	-0.421538461538462
			0.752307692307692	-0.421538461538462
			0.753846153846154	-0.421538461538462
			0.755384615384615	-0.421538461538462
			0.756923076923077	-0.421538461538462
			0.758461538461538	-0.421538461538462
			0.758461538461538	-0.42
			0.76	-0.42
			0.761538461538461	-0.42
			0.763076923076923	-0.42
			0.764615384615385	-0.42
			0.766153846153846	-0.42
			0.767692307692308	-0.418461538461538
			0.769230769230769	-0.418461538461538
			0.770769230769231	-0.418461538461538
			0.772307692307692	-0.418461538461538
			0.773846153846154	-0.418461538461538
			0.775384615384615	-0.418461538461538
			0.776923076923077	-0.416923076923077
			0.778461538461538	-0.416923076923077
			0.78	-0.416923076923077
			0.781538461538462	-0.416923076923077
			0.783076923076923	-0.416923076923077
			0.784615384615385	-0.415384615384615
			0.786153846153846	-0.415384615384615
			0.787692307692308	-0.415384615384615
			0.789230769230769	-0.415384615384615
			0.790769230769231	-0.413846153846154
			0.792307692307692	-0.413846153846154
			0.793846153846154	-0.413846153846154
			0.795384615384615	-0.413846153846154
			0.795384615384615	-0.412307692307692
			0.796923076923077	-0.412307692307692
			0.798461538461538	-0.412307692307692
			0.8	-0.410769230769231
			0.801538461538462	-0.410769230769231
			0.803076923076923	-0.409230769230769
			0.804615384615385	-0.409230769230769
			0.806153846153846	-0.407692307692308
			0.807692307692308	-0.407692307692308
			0.809230769230769	-0.406153846153846
			0.810769230769231	-0.404615384615385
			0.812307692307692	-0.404615384615385
			0.813846153846154	-0.403076923076923
			0.815384615384615	-0.401538461538462
			0.816923076923077	-0.4
			0.818461538461538	-0.398461538461538
			0.82	-0.398461538461538
			0.821538461538462	-0.396923076923077
			0.823076923076923	-0.395384615384615
			0.824615384615385	-0.393846153846154
			0.826153846153846	-0.392307692307692
			0.827692307692308	-0.390769230769231
			0.829230769230769	-0.389230769230769
			0.830769230769231	-0.387692307692308
			0.832307692307692	-0.386153846153846
			0.832307692307692	-0.384615384615385
			0.833846153846154	-0.383076923076923
			0.835384615384615	-0.381538461538462
			0.835384615384615	-0.38
			0.836923076923077	-0.378461538461538
			0.838461538461538	-0.376923076923077
			0.84	-0.375384615384615
			0.841538461538462	-0.375384615384615
			0.843076923076923	-0.375384615384615
			0.844615384615385	-0.375384615384615
			0.846153846153846	-0.375384615384615
			0.847692307692308	-0.375384615384615
			0.849230769230769	-0.375384615384615
			0.850769230769231	-0.375384615384615
			0.850769230769231	-0.376923076923077
			0.852307692307692	-0.376923076923077
			0.853846153846154	-0.376923076923077
			0.855384615384615	-0.376923076923077
			0.856923076923077	-0.376923076923077
			0.858461538461538	-0.376923076923077
			0.86	-0.376923076923077
			0.861538461538462	-0.376923076923077
			0.863076923076923	-0.376923076923077
			0.864615384615385	-0.376923076923077
			0.866153846153846	-0.376923076923077
			0.867692307692308	-0.376923076923077
			0.869230769230769	-0.376923076923077
			0.870769230769231	-0.378461538461538
			0.872307692307692	-0.378461538461538
			0.873846153846154	-0.378461538461538
			0.875384615384615	-0.378461538461538
			0.876923076923077	-0.378461538461538
			0.878461538461539	-0.378461538461538
			0.88	-0.378461538461538
			0.881538461538461	-0.378461538461538
			0.883076923076923	-0.378461538461538
			0.884615384615385	-0.378461538461538
			0.886153846153846	-0.38
			0.887692307692308	-0.38
			0.889230769230769	-0.38
			0.890769230769231	-0.38
			0.892307692307692	-0.38
			0.893846153846154	-0.38
			0.895384615384615	-0.38
			0.896923076923077	-0.38
			0.898461538461538	-0.381538461538462
			0.9	-0.381538461538462
			0.901538461538462	-0.381538461538462
			0.903076923076923	-0.381538461538462
			0.904615384615385	-0.381538461538462
			0.906153846153846	-0.381538461538462
			0.907692307692308	-0.381538461538462
			0.909230769230769	-0.383076923076923
			0.910769230769231	-0.383076923076923
			0.912307692307692	-0.383076923076923
			0.913846153846154	-0.383076923076923
			0.915384615384615	-0.383076923076923
			0.916923076923077	-0.383076923076923
			0.918461538461538	-0.384615384615385
			0.92	-0.384615384615385
			0.921538461538462	-0.384615384615385
			0.923076923076923	-0.384615384615385
			0.924615384615385	-0.384615384615385
			0.926153846153846	-0.386153846153846
			0.927692307692308	-0.386153846153846
			0.929230769230769	-0.386153846153846
			0.930769230769231	-0.386153846153846
			0.932307692307692	-0.386153846153846
			0.933846153846154	-0.387692307692308
			0.935384615384615	-0.387692307692308
			0.936923076923077	-0.387692307692308
			0.938461538461538	-0.387692307692308
			0.94	-0.387692307692308
			0.94	-0.389230769230769
			0.941538461538462	-0.389230769230769
			0.943076923076923	-0.389230769230769
			0.944615384615385	-0.389230769230769
			0.946153846153846	-0.390769230769231
			0.947692307692308	-0.390769230769231
			0.949230769230769	-0.390769230769231
			0.950769230769231	-0.392307692307692
			0.952307692307692	-0.392307692307692
			0.953846153846154	-0.392307692307692
			0.955384615384615	-0.393846153846154
			0.956923076923077	-0.393846153846154
			0.958461538461538	-0.393846153846154
			0.96	-0.395384615384615
			0.961538461538462	-0.395384615384615
			0.963076923076923	-0.395384615384615
			0.964615384615385	-0.395384615384615
			0.966153846153846	-0.395384615384615
			0.966153846153846	-0.396923076923077
			0.967692307692308	-0.396923076923077
			0.969230769230769	-0.396923076923077
			0.970769230769231	-0.396923076923077
			0.972307692307692	-0.398461538461538
			0.973846153846154	-0.398461538461538
			0.975384615384615	-0.398461538461538
			0.976923076923077	-0.4
			0.978461538461538	-0.4
			0.98	-0.4
			0.981538461538462	-0.4
			0.983076923076923	-0.401538461538462
			0.984615384615385	-0.401538461538462
			0.986153846153846	-0.401538461538462
			0.987692307692308	-0.403076923076923
			0.989230769230769	-0.403076923076923
			0.990769230769231	-0.403076923076923
			0.992307692307692	-0.404615384615385
			0.993846153846154	-0.404615384615385
			0.995384615384615	-0.404615384615385
			0.996923076923077	-0.406153846153846
			0.998461538461539	-0.406153846153846
			1	-0.406153846153846
			1.00153846153846	-0.407692307692308
			1.00307692307692	-0.407692307692308
			1.00461538461538	-0.407692307692308
			1.00615384615385	-0.409230769230769
			1.00769230769231	-0.409230769230769
			1.00923076923077	-0.410769230769231
			1.01076923076923	-0.410769230769231
			1.01230769230769	-0.410769230769231
			1.01384615384615	-0.412307692307692
			1.01538461538462	-0.412307692307692
			1.01692307692308	-0.412307692307692
			1.01846153846154	-0.413846153846154
			1.02	-0.413846153846154
			1.02153846153846	-0.413846153846154
			1.02307692307692	-0.415384615384615
			1.02461538461538	-0.415384615384615
			1.02615384615385	-0.416923076923077
			1.02769230769231	-0.416923076923077
			1.02923076923077	-0.416923076923077
			1.03076923076923	-0.418461538461538
			1.03230769230769	-0.418461538461538
			1.03384615384615	-0.418461538461538
			1.03538461538462	-0.42
			1.03692307692308	-0.42
			1.03846153846154	-0.421538461538462
			1.04	-0.421538461538462
			1.04153846153846	-0.421538461538462
			1.04307692307692	-0.423076923076923
			1.04461538461538	-0.423076923076923
			1.04615384615385	-0.423076923076923
			1.04769230769231	-0.424615384615385
			1.04923076923077	-0.424615384615385
			1.05076923076923	-0.426153846153846
			1.05230769230769	-0.426153846153846
			1.05384615384615	-0.426153846153846
			1.05538461538462	-0.427692307692308
			1.05692307692308	-0.427692307692308
			1.05846153846154	-0.429230769230769
			1.06	-0.429230769230769
			1.06153846153846	-0.429230769230769
			1.06307692307692	-0.430769230769231
			1.06461538461538	-0.430769230769231
			1.06615384615385	-0.432307692307692
			1.06769230769231	-0.432307692307692
			1.06923076923077	-0.433846153846154
			1.07076923076923	-0.435384615384615
			1.07230769230769	-0.436923076923077
			1.07384615384615	-0.438461538461538
			1.07538461538462	-0.44
			1.07692307692308	-0.441538461538462
			1.07846153846154	-0.443076923076923
			1.08	-0.444615384615385
			1.08153846153846	-0.446153846153846
			1.08307692307692	-0.447692307692308
			1.08461538461538	-0.449230769230769
			1.08615384615385	-0.450769230769231
			1.08615384615385	-0.452307692307692
			1.08769230769231	-0.453846153846154
			1.08923076923077	-0.455384615384615
			1.09076923076923	-0.456923076923077
			1.09230769230769	-0.458461538461538
			1.09384615384615	-0.46
			1.09384615384615	-0.461538461538462
			1.09538461538462	-0.463076923076923
			1.09692307692308	-0.464615384615385
			1.09846153846154	-0.466153846153846
			1.1	-0.467692307692308
			1.1	-0.469230769230769
			1.10153846153846	-0.470769230769231
			1.10307692307692	-0.472307692307692
			1.10307692307692	-0.473846153846154
			1.10461538461538	-0.475384615384615
			1.10615384615385	-0.476923076923077
			1.10615384615385	-0.478461538461538
			1.10769230769231	-0.478461538461538
			1.10923076923077	-0.48
			1.11076923076923	-0.481538461538462
			1.11076923076923	-0.483076923076923
			1.11230769230769	-0.484615384615385
			1.11384615384615	-0.486153846153846
			1.11384615384615	-0.487692307692308
			1.11538461538462	-0.489230769230769
			1.11692307692308	-0.490769230769231
			1.11846153846154	-0.492307692307692
			1.11846153846154	-0.493846153846154
			1.12	-0.495384615384615
			1.12	-0.496923076923077
			1.12153846153846	-0.496923076923077
			1.12153846153846	-0.498461538461538
			1.12307692307692	-0.5
			1.12461538461538	-0.501538461538461
			1.12615384615385	-0.503076923076923
			1.12615384615385	-0.504615384615385
			1.12769230769231	-0.506153846153846
			1.12769230769231	-0.507692307692308
			1.12923076923077	-0.509230769230769
			1.13076923076923	-0.509230769230769
			1.13076923076923	-0.510769230769231
			1.13230769230769	-0.512307692307692
			1.13230769230769	-0.513846153846154
			1.13384615384615	-0.515384615384615
			1.13384615384615	-0.516923076923077
			1.13538461538462	-0.518461538461538
			1.13692307692308	-0.518461538461538
			1.13692307692308	-0.52
			1.13846153846154	-0.521538461538462
			1.13846153846154	-0.523076923076923
			1.14	-0.524615384615385
			1.14153846153846	-0.526153846153846
			1.14153846153846	-0.527692307692308
			1.14307692307692	-0.529230769230769
			1.14461538461538	-0.530769230769231
			1.14461538461538	-0.532307692307692
			1.14615384615385	-0.533846153846154
			1.14615384615385	-0.535384615384615
			1.14769230769231	-0.535384615384615
			1.14923076923077	-0.536923076923077
			1.14923076923077	-0.538461538461538
			1.15076923076923	-0.54
			1.15230769230769	-0.541538461538462
			1.15230769230769	-0.543076923076923
			1.15384615384615	-0.544615384615385
			1.15538461538462	-0.546153846153846
			1.15538461538462	-0.547692307692308
			1.15692307692308	-0.549230769230769
			1.15846153846154	-0.550769230769231
			1.15846153846154	-0.552307692307692
			1.16	-0.553846153846154
			1.16153846153846	-0.555384615384615
			1.16153846153846	-0.556923076923077
			1.16307692307692	-0.558461538461538
			1.16307692307692	-0.56
			1.16461538461538	-0.561538461538462
			1.16615384615385	-0.563076923076923
			1.16769230769231	-0.564615384615385
			1.16923076923077	-0.566153846153846
			1.17076923076923	-0.567692307692308
			1.17076923076923	-0.569230769230769
			1.17230769230769	-0.570769230769231
			1.17384615384615	-0.572307692307692
			1.17538461538462	-0.573846153846154
			1.17692307692308	-0.575384615384615
			1.17692307692308	-0.576923076923077
			1.17846153846154	-0.578461538461538
			1.18	-0.58
			1.18153846153846	-0.581538461538462
			1.18153846153846	-0.583076923076923
			1.18307692307692	-0.584615384615385
			1.18461538461538	-0.586153846153846
			1.18615384615385	-0.587692307692308
			1.18615384615385	-0.589230769230769
			1.18769230769231	-0.590769230769231
			1.18923076923077	-0.592307692307692
			1.19076923076923	-0.593846153846154
			1.19076923076923	-0.595384615384615
			1.19230769230769	-0.596923076923077
			1.19384615384615	-0.598461538461538
			1.19384615384615	-0.6
			1.19538461538462	-0.601538461538462
			1.19692307692308	-0.603076923076923
			1.19692307692308	-0.604615384615385
			1.19846153846154	-0.606153846153846
			1.2	-0.607692307692308
			1.20153846153846	-0.609230769230769
			1.20307692307692	-0.610769230769231
			1.20307692307692	-0.612307692307692
			1.20461538461538	-0.613846153846154
			1.20461538461538	-0.615384615384615
			1.20615384615385	-0.616923076923077
			1.20769230769231	-0.618461538461539
			1.20769230769231	-0.62
			1.20923076923077	-0.621538461538461
			1.20923076923077	-0.623076923076923
			1.21076923076923	-0.623076923076923
			1.21076923076923	-0.624615384615385
			1.21230769230769	-0.626153846153846
			1.21230769230769	-0.627692307692308
			1.21384615384615	-0.629230769230769
			1.21538461538462	-0.630769230769231
			1.21692307692308	-0.632307692307692
			1.21692307692308	-0.633846153846154
			1.21846153846154	-0.635384615384615
			1.21846153846154	-0.636923076923077
			1.22	-0.638461538461538
			1.22	-0.64
			1.22153846153846	-0.641538461538462
			1.22153846153846	-0.643076923076923
			1.22307692307692	-0.644615384615385
			1.22307692307692	-0.646153846153846
			1.22461538461538	-0.647692307692308
			1.22615384615385	-0.647692307692308
			1.22769230769231	-0.649230769230769
			1.22923076923077	-0.649230769230769
			1.23076923076923	-0.650769230769231
			1.23230769230769	-0.650769230769231
			1.23384615384615	-0.650769230769231
			1.23538461538462	-0.649230769230769
			1.23692307692308	-0.647692307692308
			1.23846153846154	-0.646153846153846
			1.23846153846154	-0.644615384615385
			1.23846153846154	-0.643076923076923
			1.23846153846154	-0.641538461538462
			1.23846153846154	-0.64
			1.23846153846154	-0.638461538461538
			1.24	-0.636923076923077
			1.24	-0.635384615384615
			1.24	-0.633846153846154
			1.24	-0.632307692307692
			1.23846153846154	-0.630769230769231
			1.23846153846154	-0.629230769230769
			1.23846153846154	-0.627692307692308
			1.23846153846154	-0.626153846153846
			1.23846153846154	-0.624615384615385
			1.23846153846154	-0.623076923076923
			1.23846153846154	-0.621538461538461
			1.23846153846154	-0.62
			1.23692307692308	-0.618461538461539
			1.23692307692308	-0.616923076923077
			1.23692307692308	-0.615384615384615
			1.23692307692308	-0.613846153846154
			1.23692307692308	-0.612307692307692
			1.23692307692308	-0.610769230769231
			1.23538461538462	-0.609230769230769
			1.23538461538462	-0.607692307692308
			1.23538461538462	-0.606153846153846
			1.23538461538462	-0.604615384615385
			1.23384615384615	-0.603076923076923
			1.23384615384615	-0.601538461538462
			1.23384615384615	-0.6
			1.23384615384615	-0.598461538461538
			1.23384615384615	-0.596923076923077
			1.23230769230769	-0.595384615384615
			1.23230769230769	-0.593846153846154
			1.23230769230769	-0.592307692307692
			1.23230769230769	-0.590769230769231
			1.23076923076923	-0.589230769230769
			1.23076923076923	-0.587692307692308
			1.23076923076923	-0.586153846153846
			1.23076923076923	-0.584615384615385
			1.22923076923077	-0.583076923076923
			1.22923076923077	-0.581538461538462
			1.22923076923077	-0.58
			1.22769230769231	-0.578461538461538
			1.22769230769231	-0.576923076923077
			1.22769230769231	-0.575384615384615
			1.22769230769231	-0.573846153846154
			1.22769230769231	-0.572307692307692
			1.22615384615385	-0.572307692307692
			1.22615384615385	-0.570769230769231
			1.22615384615385	-0.569230769230769
			1.22615384615385	-0.567692307692308
			1.22461538461538	-0.566153846153846
			1.22461538461538	-0.564615384615385
			1.22461538461538	-0.563076923076923
			1.22307692307692	-0.561538461538462
			1.22307692307692	-0.56
			1.22307692307692	-0.558461538461538
			1.22153846153846	-0.556923076923077
			1.22153846153846	-0.555384615384615
			1.22153846153846	-0.553846153846154
			1.22	-0.552307692307692
			1.22	-0.550769230769231
			1.22	-0.549230769230769
			1.22	-0.547692307692308
			1.21846153846154	-0.546153846153846
			1.21846153846154	-0.544615384615385
			1.21846153846154	-0.543076923076923
			1.21692307692308	-0.541538461538462
			1.21692307692308	-0.54
			1.21692307692308	-0.538461538461538
			1.21538461538462	-0.536923076923077
			1.21538461538462	-0.535384615384615
			1.21538461538462	-0.533846153846154
			1.21384615384615	-0.532307692307692
			1.21384615384615	-0.530769230769231
			1.21384615384615	-0.529230769230769
			1.21230769230769	-0.527692307692308
			1.21230769230769	-0.526153846153846
			1.21230769230769	-0.524615384615385
			1.21076923076923	-0.523076923076923
			1.21076923076923	-0.521538461538462
			1.21076923076923	-0.52
			1.20923076923077	-0.518461538461538
			1.20923076923077	-0.516923076923077
			1.20923076923077	-0.515384615384615
			1.20923076923077	-0.513846153846154
			1.20769230769231	-0.512307692307692
			1.20769230769231	-0.510769230769231
			1.20615384615385	-0.509230769230769
			1.20615384615385	-0.507692307692308
			1.20615384615385	-0.506153846153846
			1.20615384615385	-0.504615384615385
			1.20461538461538	-0.504615384615385
			1.20461538461538	-0.503076923076923
			1.20461538461538	-0.501538461538461
			1.20461538461538	-0.5
			1.20307692307692	-0.498461538461538
			1.20307692307692	-0.496923076923077
			1.20153846153846	-0.495384615384615
			1.20153846153846	-0.493846153846154
			1.20153846153846	-0.492307692307692
			1.2	-0.490769230769231
			1.2	-0.489230769230769
			1.2	-0.487692307692308
			1.19846153846154	-0.486153846153846
			1.19846153846154	-0.484615384615385
			1.19846153846154	-0.483076923076923
			1.19692307692308	-0.481538461538462
			1.19692307692308	-0.48
			1.19538461538462	-0.478461538461538
			1.19538461538462	-0.476923076923077
			1.19538461538462	-0.475384615384615
			1.19384615384615	-0.473846153846154
			1.19384615384615	-0.472307692307692
			1.19384615384615	-0.470769230769231
			1.19230769230769	-0.469230769230769
			1.19230769230769	-0.467692307692308
			1.19230769230769	-0.466153846153846
			1.19076923076923	-0.464615384615385
			1.19076923076923	-0.463076923076923
			1.19076923076923	-0.461538461538462
			1.18923076923077	-0.46
			1.18923076923077	-0.458461538461538
			1.18923076923077	-0.456923076923077
			1.18769230769231	-0.455384615384615
			1.18769230769231	-0.453846153846154
			1.18769230769231	-0.452307692307692
			1.18615384615385	-0.450769230769231
			1.18615384615385	-0.449230769230769
			1.18615384615385	-0.447692307692308
			1.18461538461538	-0.446153846153846
			1.18461538461538	-0.444615384615385
			1.18307692307692	-0.443076923076923
			1.18307692307692	-0.441538461538462
			1.18307692307692	-0.44
			1.18153846153846	-0.438461538461538
			1.18153846153846	-0.436923076923077
			1.18153846153846	-0.435384615384615
			1.18	-0.433846153846154
			1.18	-0.432307692307692
			1.18	-0.430769230769231
			1.17846153846154	-0.429230769230769
		</posterior>
	</curves.scaled>
	<ruler.points type=matrix rownames=TRUE colnames=FALSE nrow=2 ncol=2 as.numeric=TRUE >
		Ruler point 1	819	96
		Ruler point 2	819	421
	</ruler.points>
</shapes>

