<shapes type=list>
	<ruler.pixel type=vector names=FALSE length=1 as.numeric=TRUE >124.004032192506</ruler.pixel>
	<ruler.interval type=vector names=FALSE length=1 as.numeric=TRUE >6.4</ruler.interval>
	<scaling.units type=vector names=FALSE length=1 as.numeric=FALSE >mm</scaling.units>
	<scaling type=vector names=FALSE length=1 as.numeric=TRUE >0.0516112249484319</scaling>
	<landmarks.pixel type=matrix rownames=TRUE colnames=FALSE nrow=16 ncol=2 as.numeric=TRUE >
		LM1	252	64
		LM2	254	95
		LM3	254	235
		LM4	254	269
		LM5	345	253
		LM6	342	261
		LM7	334	280
		LM8	328	145
		LM9	355	236
		LM10	252	64
		LM11	368	260
		LM12	398	305
		LM13	252	64
		LM14	380	189
		LM15	430	269
		LM16	430	381
	</landmarks.pixel>
	<landmarks.scaled type=matrix rownames=TRUE colnames=FALSE nrow=16 ncol=2 as.numeric=TRUE >
		LM1	13.0060286870048	-3.30311839669964
		LM2	13.1092511369017	-4.90306637010103
		LM3	13.1092511369017	-12.1286378628815
		LM4	13.1092511369017	-13.8834195111282
		LM5	17.805872607209	-13.0576399119533
		LM6	17.6510389323637	-13.4705297115407
		LM7	17.2381491327762	-14.4511429855609
		LM8	16.9284817830857	-7.48362761752262
		LM9	18.3219848566933	-12.1802490878299
		LM10	13.0060286870048	-3.30311839669964
		LM11	18.9929307810229	-13.4189184865923
		LM12	20.5412675294759	-15.7414236092717
		LM13	13.0060286870048	-3.30311839669964
		LM14	19.6122654804041	-9.75452151525362
		LM15	22.1928267278257	-13.8834195111282
		LM16	22.1928267278257	-19.6638767053525
	</landmarks.scaled>
	<curves.control type=list>
		<glabella type=matrix rownames=FALSE colnames=FALSE nrow=11 ncol=2 as.numeric=TRUE >
			254	95
			303	96
			320	148
			339	185
			332	231
			346	236
			344	252
			343	266
			339	270
			337	276
			334	280
		</glabella>
		<suture type=matrix rownames=FALSE colnames=FALSE nrow=15 ncol=2 as.numeric=TRUE >
			252	64
			310	62
			336	100
			352	134
			327	146
			342	151
			352	163
			369	176
			374	197
			372	220
			356	236
			350	243
			349	255
			387	261
			398	305
		</suture>
		<anterior type=matrix rownames=FALSE colnames=FALSE nrow=7 ncol=2 as.numeric=TRUE >
			252	64
			310	62
			362	114
			398	157
			422	229
			428	258
			430	269
		</anterior>
		<posterior type=matrix rownames=FALSE colnames=FALSE nrow=13 ncol=2 as.numeric=TRUE >
			254	269
			285	268
			306	275
			331	282
			354	282
			381	287
			398	306
			417	329
			422	371
			425	377
			429	382
			444	345
			430	269
		</posterior>
	</curves.control>
	<curves.pixel type=list>
		<glabella type=matrix rownames=FALSE colnames=FALSE nrow=228 ncol=2 as.numeric=TRUE >
			254	95
			255	95
			256	95
			257	95
			258	95
			259	95
			260	95
			261	95
			262	96
			263	96
			264	96
			265	96
			266	96
			267	96
			268	97
			269	97
			270	97
			271	97
			272	97
			273	98
			274	98
			275	98
			276	98
			277	99
			278	99
			279	99
			279	100
			280	100
			281	100
			282	101
			283	101
			284	102
			285	102
			286	103
			287	103
			288	104
			289	105
			290	105
			291	106
			292	106
			293	107
			294	108
			295	109
			296	109
			296	110
			297	111
			298	111
			299	112
			300	113
			301	114
			301	115
			302	116
			303	116
			304	117
			304	118
			305	119
			306	120
			307	121
			307	122
			308	123
			309	124
			309	125
			310	126
			311	127
			311	128
			312	129
			312	130
			313	131
			313	132
			314	133
			314	134
			315	135
			315	136
			316	136
			316	137
			316	138
			317	139
			317	140
			317	141
			318	142
			318	143
			319	144
			319	145
			319	146
			320	147
			320	148
			320	149
			321	149
			321	150
			321	151
			322	151
			322	152
			322	153
			323	154
			323	155
			324	156
			324	157
			325	158
			325	159
			325	160
			326	161
			326	162
			326	163
			327	164
			327	165
			328	166
			328	167
			328	168
			328	169
			329	169
			329	170
			329	171
			329	172
			330	173
			330	174
			330	175
			330	176
			330	177
			331	177
			331	178
			331	179
			331	180
			331	181
			332	181
			332	182
			332	183
			332	184
			332	185
			332	186
			332	187
			333	188
			333	189
			333	190
			333	191
			333	192
			333	193
			333	194
			333	195
			333	196
			334	197
			334	198
			334	199
			334	200
			334	201
			334	202
			334	203
			334	204
			334	205
			334	206
			334	207
			334	208
			334	209
			334	210
			334	211
			334	212
			334	213
			334	214
			334	215
			334	216
			334	217
			333	218
			333	219
			333	220
			333	221
			333	222
			333	223
			333	224
			333	225
			333	226
			333	227
			332	228
			332	229
			332	230
			332	231
			333	231
			334	232
			335	232
			336	233
			337	234
			338	234
			339	235
			340	236
			341	237
			342	238
			342	239
			343	240
			343	241
			343	242
			344	243
			344	244
			344	245
			344	246
			344	247
			344	248
			344	249
			344	250
			344	251
			344	252
			344	253
			344	254
			344	255
			344	256
			343	257
			343	258
			343	259
			343	260
			343	261
			343	262
			342	263
			342	264
			342	265
			341	266
			341	267
			340	268
			340	269
			339	270
			339	271
			338	272
			338	273
			337	274
			337	275
			337	276
			336	276
			336	277
			336	278
			335	278
			335	279
			334	280
		</glabella>
		<suture type=matrix rownames=FALSE colnames=FALSE nrow=344 ncol=2 as.numeric=TRUE >
			252	64
			253	64
			254	64
			255	64
			256	64
			257	64
			258	64
			259	64
			260	64
			261	64
			262	64
			263	64
			264	64
			265	64
			266	64
			267	64
			268	64
			269	64
			270	64
			271	64
			272	65
			273	65
			274	65
			275	65
			276	65
			277	65
			278	65
			279	66
			280	66
			281	66
			282	66
			283	66
			284	66
			285	67
			286	67
			287	67
			288	67
			289	68
			290	68
			291	68
			292	68
			293	69
			294	69
			295	69
			296	70
			297	70
			298	70
			299	71
			300	71
			301	72
			302	72
			303	73
			304	73
			305	73
			306	74
			307	74
			308	75
			309	76
			310	76
			311	77
			312	77
			313	77
			313	78
			314	78
			315	79
			316	80
			317	81
			318	82
			319	82
			320	83
			321	83
			321	84
			322	85
			323	85
			324	86
			325	87
			326	88
			327	89
			328	90
			329	91
			330	92
			330	93
			331	94
			332	94
			333	95
			333	96
			334	97
			335	98
			335	99
			336	100
			336	101
			337	102
			337	103
			338	104
			338	105
			339	106
			339	107
			339	108
			340	109
			340	110
			340	111
			341	112
			341	113
			341	114
			341	115
			341	116
			342	117
			342	118
			342	119
			342	120
			342	121
			342	122
			342	123
			342	124
			342	125
			342	126
			342	127
			342	128
			342	129
			342	130
			341	130
			341	131
			341	132
			340	133
			340	134
			339	135
			339	136
			338	137
			337	138
			337	139
			336	140
			335	140
			334	141
			334	142
			333	143
			332	143
			331	144
			330	144
			329	145
			328	146
			327	146
			328	146
			328	147
			329	147
			330	147
			331	148
			332	148
			333	148
			334	149
			335	149
			335	150
			336	150
			337	150
			338	151
			339	152
			340	152
			341	153
			342	154
			343	154
			343	155
			344	155
			345	156
			346	157
			347	158
			348	159
			349	160
			350	160
			351	161
			351	162
			352	163
			353	164
			354	165
			355	165
			356	166
			356	167
			357	167
			358	168
			359	169
			360	170
			361	171
			361	172
			362	173
			363	174
			364	174
			364	175
			365	176
			365	177
			366	178
			367	179
			367	180
			368	181
			368	182
			369	183
			369	184
			370	185
			370	186
			371	187
			371	188
			372	189
			372	190
			372	191
			373	192
			373	193
			373	194
			374	195
			374	196
			374	197
			374	198
			374	199
			374	200
			373	201
			373	202
			373	203
			373	204
			373	205
			373	206
			372	207
			372	208
			372	209
			371	210
			371	211
			371	212
			371	213
			370	214
			370	215
			370	216
			369	216
			369	217
			369	218
			368	219
			368	220
			367	220
			367	221
			367	222
			366	223
			366	224
			365	224
			365	225
			364	226
			364	227
			363	227
			363	228
			362	229
			362	230
			361	230
			361	231
			360	232
			359	232
			359	233
			358	234
			357	234
			357	235
			356	236
			356	237
			355	237
			355	238
			354	238
			354	239
			353	240
			353	241
			352	242
			352	243
			351	244
			351	245
			351	246
			350	247
			350	248
			350	249
			350	250
			349	251
			349	252
			349	253
			349	254
			349	255
			350	255
			351	255
			352	256
			353	256
			354	256
			355	256
			356	257
			357	257
			358	257
			359	257
			360	258
			361	258
			362	259
			363	259
			364	259
			365	260
			366	260
			367	261
			368	261
			369	262
			370	262
			371	263
			372	264
			373	264
			374	265
			375	265
			375	266
			376	267
			377	268
			378	268
			379	269
			379	270
			380	270
			381	271
			382	272
			382	273
			383	274
			384	275
			385	275
			385	276
			386	277
			387	278
			387	279
			388	280
			388	281
			389	282
			390	283
			390	284
			391	285
			391	286
			392	287
			392	288
			392	289
			393	289
			393	290
			393	291
			394	292
			394	293
			395	294
			395	295
			395	296
			396	297
			396	298
			396	299
			397	300
			397	301
			397	302
			397	303
			398	304
			398	305
		</suture>
		<anterior type=matrix rownames=FALSE colnames=FALSE nrow=275 ncol=2 as.numeric=TRUE >
			252	64
			253	64
			254	64
			255	64
			256	64
			257	64
			258	64
			259	64
			260	64
			261	64
			262	64
			263	64
			264	64
			265	64
			266	64
			267	64
			268	65
			269	65
			270	65
			271	65
			272	65
			273	65
			274	65
			275	65
			276	66
			277	66
			278	66
			279	66
			280	66
			281	66
			282	67
			283	67
			284	67
			285	67
			286	68
			287	68
			288	68
			289	68
			290	69
			291	69
			292	69
			293	70
			294	70
			295	70
			296	71
			297	71
			298	71
			299	72
			300	72
			301	72
			302	73
			303	73
			304	73
			305	74
			306	74
			307	75
			308	75
			309	76
			310	76
			311	77
			312	77
			313	78
			314	78
			315	79
			316	79
			317	80
			318	80
			319	81
			320	81
			320	82
			321	82
			322	83
			323	83
			324	84
			325	84
			326	85
			327	86
			328	86
			329	87
			330	88
			331	88
			332	89
			333	90
			334	90
			335	91
			336	92
			337	92
			338	93
			339	94
			340	94
			341	95
			342	96
			343	97
			344	97
			345	98
			346	99
			347	100
			348	101
			349	102
			350	103
			351	103
			351	104
			352	105
			353	105
			354	106
			354	107
			355	107
			356	108
			357	109
			358	110
			359	111
			360	112
			361	113
			362	114
			363	115
			364	116
			365	117
			365	118
			366	119
			367	120
			367	121
			368	121
			369	122
			369	123
			370	124
			371	125
			371	126
			372	127
			373	128
			374	129
			375	130
			375	131
			376	132
			376	133
			377	134
			378	135
			378	136
			379	137
			380	138
			380	139
			381	139
			381	140
			382	141
			382	142
			383	143
			383	144
			384	144
			384	145
			385	146
			385	147
			386	148
			386	149
			387	150
			388	151
			388	152
			389	153
			389	154
			390	155
			391	156
			391	157
			392	158
			392	159
			393	160
			393	161
			394	162
			394	163
			395	164
			395	165
			396	166
			396	167
			397	168
			397	169
			398	170
			398	171
			399	172
			399	173
			400	174
			400	175
			401	176
			401	177
			402	178
			402	179
			403	180
			403	181
			404	182
			404	183
			405	184
			405	185
			406	186
			406	187
			406	188
			407	189
			407	190
			408	191
			408	192
			409	193
			409	194
			409	195
			410	196
			410	197
			411	198
			411	199
			411	200
			412	201
			412	202
			412	203
			413	204
			413	205
			414	206
			414	207
			414	208
			415	209
			415	210
			415	211
			416	212
			416	213
			417	214
			417	215
			417	216
			418	217
			418	218
			418	219
			419	220
			419	221
			420	222
			420	223
			420	224
			421	225
			421	226
			421	227
			422	228
			422	229
			422	230
			422	231
			423	231
			423	232
			423	233
			423	234
			423	235
			423	236
			424	236
			424	237
			424	238
			424	239
			424	240
			424	241
			425	242
			425	243
			425	244
			425	245
			426	246
			426	247
			426	248
			426	249
			426	250
			426	251
			427	252
			427	253
			427	254
			427	255
			428	256
			428	257
			428	258
			428	259
			428	260
			428	261
			429	261
			429	262
			429	263
			429	264
			429	265
			429	266
			430	267
			430	268
			430	269
		</anterior>
		<posterior type=matrix rownames=FALSE colnames=FALSE nrow=342 ncol=2 as.numeric=TRUE >
			254	269
			255	269
			256	269
			257	269
			258	269
			259	269
			260	269
			261	269
			262	269
			263	269
			264	269
			265	269
			266	269
			267	269
			268	269
			269	269
			270	269
			271	269
			272	269
			273	269
			274	269
			275	269
			276	269
			277	269
			278	270
			279	270
			280	270
			281	270
			282	270
			283	270
			284	270
			285	270
			286	270
			287	271
			288	271
			289	271
			290	271
			291	271
			292	271
			293	272
			294	272
			295	272
			296	272
			297	272
			298	273
			299	273
			300	273
			301	274
			302	274
			303	274
			304	274
			305	275
			306	275
			307	275
			308	275
			309	276
			310	276
			311	276
			312	277
			313	277
			314	277
			315	277
			316	278
			317	278
			318	278
			319	278
			320	278
			321	279
			322	279
			323	279
			324	279
			325	279
			326	280
			327	280
			328	280
			329	280
			330	280
			331	280
			332	280
			333	281
			334	281
			335	281
			336	281
			337	281
			338	281
			339	281
			340	281
			341	281
			342	282
			343	282
			344	282
			345	282
			346	282
			347	282
			348	282
			349	282
			350	282
			351	282
			352	282
			353	282
			354	282
			355	282
			356	282
			357	283
			358	283
			359	283
			360	283
			361	283
			362	284
			363	284
			364	284
			365	285
			366	285
			367	286
			368	286
			369	286
			370	287
			371	287
			372	287
			373	288
			374	288
			375	289
			376	289
			377	290
			378	290
			379	291
			380	291
			380	292
			381	292
			382	293
			383	293
			384	294
			385	294
			385	295
			386	295
			387	296
			388	297
			389	297
			389	298
			390	298
			391	299
			392	300
			393	301
			394	302
			395	303
			396	304
			397	304
			397	305
			398	306
			399	307
			400	308
			400	309
			401	310
			401	311
			402	311
			402	312
			403	313
			404	314
			404	315
			405	316
			406	317
			406	318
			407	319
			407	320
			408	321
			408	322
			409	323
			409	324
			410	325
			410	326
			411	327
			411	328
			412	329
			412	330
			412	331
			413	332
			413	333
			414	334
			414	335
			414	336
			415	337
			415	338
			415	339
			416	340
			416	341
			416	342
			417	343
			417	344
			417	345
			417	346
			418	347
			418	348
			418	349
			418	350
			419	351
			419	352
			419	353
			419	354
			419	355
			420	355
			420	356
			420	357
			420	358
			420	359
			420	360
			421	361
			421	362
			421	363
			421	364
			421	365
			421	366
			422	367
			422	368
			422	369
			422	370
			422	371
			422	372
			423	372
			423	373
			424	374
			424	375
			425	376
			426	377
			426	378
			427	379
			427	380
			428	380
			428	381
			429	382
			429	381
			430	380
			430	379
			431	378
			431	377
			431	376
			432	375
			432	374
			432	373
			432	372
			433	371
			433	370
			433	369
			433	368
			434	367
			434	366
			434	365
			434	364
			434	363
			435	362
			435	361
			435	360
			435	359
			435	358
			435	357
			435	356
			436	355
			436	354
			436	353
			436	352
			436	351
			436	350
			436	349
			436	348
			436	347
			436	346
			436	345
			436	344
			437	343
			437	342
			437	341
			437	340
			437	339
			437	338
			437	337
			437	336
			437	335
			437	334
			437	333
			437	332
			437	331
			437	330
			437	329
			437	328
			437	327
			437	326
			437	325
			437	324
			437	323
			436	322
			436	321
			436	320
			436	319
			436	318
			436	317
			436	316
			436	315
			436	314
			436	313
			436	312
			436	311
			436	310
			436	309
			436	308
			435	307
			435	306
			435	305
			435	304
			435	303
			435	302
			435	301
			435	300
			435	299
			434	298
			434	297
			434	296
			434	295
			434	294
			434	293
			434	292
			434	291
			433	290
			433	289
			433	288
			433	287
			433	286
			433	285
			433	284
			432	283
			432	282
			432	281
			432	280
			432	279
			432	278
			431	277
			431	276
			431	275
			431	274
			431	273
			431	272
			430	271
			430	270
			430	269
		</posterior>
	</curves.pixel>
	<curves.scaled type=list>
		<glabella type=matrix rownames=FALSE colnames=FALSE nrow=228 ncol=2 as.numeric=TRUE >
			13.1092511369017	-4.90306637010103
			13.1608623618501	-4.90306637010103
			13.2124735867986	-4.90306637010103
			13.264084811747	-4.90306637010103
			13.3156960366954	-4.90306637010103
			13.3673072616439	-4.90306637010103
			13.4189184865923	-4.90306637010103
			13.4705297115407	-4.90306637010103
			13.5221409364891	-4.95467759504946
			13.5737521614376	-4.95467759504946
			13.625363386386	-4.95467759504946
			13.6769746113344	-4.95467759504946
			13.7285858362829	-4.95467759504946
			13.7801970612313	-4.95467759504946
			13.8318082861797	-5.00628881999789
			13.8834195111282	-5.00628881999789
			13.9350307360766	-5.00628881999789
			13.986641961025	-5.00628881999789
			14.0382531859735	-5.00628881999789
			14.0898644109219	-5.05790004494632
			14.1414756358703	-5.05790004494632
			14.1930868608188	-5.05790004494632
			14.2446980857672	-5.05790004494632
			14.2963093107156	-5.10951126989475
			14.3479205356641	-5.10951126989475
			14.3995317606125	-5.10951126989475
			14.3995317606125	-5.16112249484319
			14.4511429855609	-5.16112249484319
			14.5027542105094	-5.16112249484319
			14.5543654354578	-5.21273371979162
			14.6059766604062	-5.21273371979162
			14.6575878853546	-5.26434494474005
			14.7091991103031	-5.26434494474005
			14.7608103352515	-5.31595616968848
			14.8124215601999	-5.31595616968848
			14.8640327851484	-5.36756739463691
			14.9156440100968	-5.41917861958535
			14.9672552350452	-5.41917861958535
			15.0188664599937	-5.47078984453378
			15.0704776849421	-5.47078984453378
			15.1220889098905	-5.52240106948221
			15.173700134839	-5.57401229443064
			15.2253113597874	-5.62562351937907
			15.2769225847358	-5.62562351937907
			15.2769225847358	-5.6772347443275
			15.3285338096843	-5.72884596927594
			15.3801450346327	-5.72884596927594
			15.4317562595811	-5.78045719422437
			15.4833674845296	-5.8320684191728
			15.534978709478	-5.88367964412123
			15.534978709478	-5.93529086906966
			15.5865899344264	-5.9869020940181
			15.6382011593749	-5.9869020940181
			15.6898123843233	-6.03851331896653
			15.6898123843233	-6.09012454391496
			15.7414236092717	-6.14173576886339
			15.7930348342202	-6.19334699381182
			15.8446460591686	-6.24495821876026
			15.8446460591686	-6.29656944370869
			15.896257284117	-6.34818066865712
			15.9478685090654	-6.39979189360555
			15.9478685090654	-6.45140311855398
			15.9994797340139	-6.50301434350242
			16.0510909589623	-6.55462556845085
			16.0510909589623	-6.60623679339928
			16.1027021839107	-6.65784801834771
			16.1027021839107	-6.70945924329614
			16.1543134088592	-6.76107046824457
			16.1543134088592	-6.81268169319301
			16.2059246338076	-6.86429291814144
			16.2059246338076	-6.91590414308987
			16.257535858756	-6.9675153680383
			16.257535858756	-7.01912659298673
			16.3091470837045	-7.01912659298673
			16.3091470837045	-7.07073781793517
			16.3091470837045	-7.1223490428836
			16.3607583086529	-7.17396026783203
			16.3607583086529	-7.22557149278046
			16.3607583086529	-7.27718271772889
			16.4123695336013	-7.32879394267732
			16.4123695336013	-7.38040516762576
			16.4639807585498	-7.43201639257419
			16.4639807585498	-7.48362761752262
			16.4639807585498	-7.53523884247105
			16.5155919834982	-7.58685006741948
			16.5155919834982	-7.63846129236792
			16.5155919834982	-7.69007251731635
			16.5672032084466	-7.69007251731635
			16.5672032084466	-7.74168374226478
			16.5672032084466	-7.79329496721321
			16.6188144333951	-7.79329496721321
			16.6188144333951	-7.84490619216164
			16.6188144333951	-7.89651741711008
			16.6704256583435	-7.94812864205851
			16.6704256583435	-7.99973986700694
			16.7220368832919	-8.05135109195537
			16.7220368832919	-8.1029623169038
			16.7736481082404	-8.15457354185224
			16.7736481082404	-8.20618476680067
			16.7736481082404	-8.2577959917491
			16.8252593331888	-8.30940721669753
			16.8252593331888	-8.36101844164596
			16.8252593331888	-8.41262966659439
			16.8768705581372	-8.46424089154283
			16.8768705581372	-8.51585211649126
			16.9284817830857	-8.56746334143969
			16.9284817830857	-8.61907456638812
			16.9284817830857	-8.67068579133655
			16.9284817830857	-8.72229701628499
			16.9800930080341	-8.72229701628499
			16.9800930080341	-8.77390824123342
			16.9800930080341	-8.82551946618185
			16.9800930080341	-8.87713069113028
			17.0317042329825	-8.92874191607871
			17.0317042329825	-8.98035314102714
			17.0317042329825	-9.03196436597558
			17.0317042329825	-9.08357559092401
			17.0317042329825	-9.13518681587244
			17.0833154579309	-9.13518681587244
			17.0833154579309	-9.18679804082087
			17.0833154579309	-9.2384092657693
			17.0833154579309	-9.29002049071774
			17.0833154579309	-9.34163171566617
			17.1349266828794	-9.34163171566617
			17.1349266828794	-9.3932429406146
			17.1349266828794	-9.44485416556303
			17.1349266828794	-9.49646539051146
			17.1349266828794	-9.54807661545989
			17.1349266828794	-9.59968784040833
			17.1349266828794	-9.65129906535676
			17.1865379078278	-9.70291029030519
			17.1865379078278	-9.75452151525362
			17.1865379078278	-9.80613274020205
			17.1865379078278	-9.85774396515049
			17.1865379078278	-9.90935519009892
			17.1865379078278	-9.96096641504735
			17.1865379078278	-10.0125776399958
			17.1865379078278	-10.0641888649442
			17.1865379078278	-10.1158000898926
			17.2381491327762	-10.1674113148411
			17.2381491327762	-10.2190225397895
			17.2381491327762	-10.2706337647379
			17.2381491327762	-10.3222449896864
			17.2381491327762	-10.3738562146348
			17.2381491327762	-10.4254674395832
			17.2381491327762	-10.4770786645317
			17.2381491327762	-10.5286898894801
			17.2381491327762	-10.5803011144285
			17.2381491327762	-10.631912339377
			17.2381491327762	-10.6835235643254
			17.2381491327762	-10.7351347892738
			17.2381491327762	-10.7867460142223
			17.2381491327762	-10.8383572391707
			17.2381491327762	-10.8899684641191
			17.2381491327762	-10.9415796890676
			17.2381491327762	-10.993190914016
			17.2381491327762	-11.0448021389644
			17.2381491327762	-11.0964133639129
			17.2381491327762	-11.1480245888613
			17.2381491327762	-11.1996358138097
			17.1865379078278	-11.2512470387581
			17.1865379078278	-11.3028582637066
			17.1865379078278	-11.354469488655
			17.1865379078278	-11.4060807136034
			17.1865379078278	-11.4576919385519
			17.1865379078278	-11.5093031635003
			17.1865379078278	-11.5609143884487
			17.1865379078278	-11.6125256133972
			17.1865379078278	-11.6641368383456
			17.1865379078278	-11.715748063294
			17.1349266828794	-11.7673592882425
			17.1349266828794	-11.8189705131909
			17.1349266828794	-11.8705817381393
			17.1349266828794	-11.9221929630878
			17.1865379078278	-11.9221929630878
			17.2381491327762	-11.9738041880362
			17.2897603577247	-11.9738041880362
			17.3413715826731	-12.0254154129846
			17.3929828076215	-12.0770266379331
			17.44459403257	-12.0770266379331
			17.4962052575184	-12.1286378628815
			17.5478164824668	-12.1802490878299
			17.5994277074153	-12.2318603127784
			17.6510389323637	-12.2834715377268
			17.6510389323637	-12.3350827626752
			17.7026501573121	-12.3866939876236
			17.7026501573121	-12.4383052125721
			17.7026501573121	-12.4899164375205
			17.7542613822606	-12.5415276624689
			17.7542613822606	-12.5931388874174
			17.7542613822606	-12.6447501123658
			17.7542613822606	-12.6963613373142
			17.7542613822606	-12.7479725622627
			17.7542613822606	-12.7995837872111
			17.7542613822606	-12.8511950121595
			17.7542613822606	-12.902806237108
			17.7542613822606	-12.9544174620564
			17.7542613822606	-13.0060286870048
			17.7542613822606	-13.0576399119533
			17.7542613822606	-13.1092511369017
			17.7542613822606	-13.1608623618501
			17.7542613822606	-13.2124735867986
			17.7026501573121	-13.264084811747
			17.7026501573121	-13.3156960366954
			17.7026501573121	-13.3673072616439
			17.7026501573121	-13.4189184865923
			17.7026501573121	-13.4705297115407
			17.7026501573121	-13.5221409364891
			17.6510389323637	-13.5737521614376
			17.6510389323637	-13.625363386386
			17.6510389323637	-13.6769746113344
			17.5994277074153	-13.7285858362829
			17.5994277074153	-13.7801970612313
			17.5478164824668	-13.8318082861797
			17.5478164824668	-13.8834195111282
			17.4962052575184	-13.9350307360766
			17.4962052575184	-13.986641961025
			17.44459403257	-14.0382531859735
			17.44459403257	-14.0898644109219
			17.3929828076215	-14.1414756358703
			17.3929828076215	-14.1930868608188
			17.3929828076215	-14.2446980857672
			17.3413715826731	-14.2446980857672
			17.3413715826731	-14.2963093107156
			17.3413715826731	-14.3479205356641
			17.2897603577247	-14.3479205356641
			17.2897603577247	-14.3995317606125
			17.2381491327762	-14.4511429855609
		</glabella>
		<suture type=matrix rownames=FALSE colnames=FALSE nrow=344 ncol=2 as.numeric=TRUE >
			13.0060286870048	-3.30311839669964
			13.0576399119533	-3.30311839669964
			13.1092511369017	-3.30311839669964
			13.1608623618501	-3.30311839669964
			13.2124735867986	-3.30311839669964
			13.264084811747	-3.30311839669964
			13.3156960366954	-3.30311839669964
			13.3673072616439	-3.30311839669964
			13.4189184865923	-3.30311839669964
			13.4705297115407	-3.30311839669964
			13.5221409364891	-3.30311839669964
			13.5737521614376	-3.30311839669964
			13.625363386386	-3.30311839669964
			13.6769746113344	-3.30311839669964
			13.7285858362829	-3.30311839669964
			13.7801970612313	-3.30311839669964
			13.8318082861797	-3.30311839669964
			13.8834195111282	-3.30311839669964
			13.9350307360766	-3.30311839669964
			13.986641961025	-3.30311839669964
			14.0382531859735	-3.35472962164807
			14.0898644109219	-3.35472962164807
			14.1414756358703	-3.35472962164807
			14.1930868608188	-3.35472962164807
			14.2446980857672	-3.35472962164807
			14.2963093107156	-3.35472962164807
			14.3479205356641	-3.35472962164807
			14.3995317606125	-3.4063408465965
			14.4511429855609	-3.4063408465965
			14.5027542105094	-3.4063408465965
			14.5543654354578	-3.4063408465965
			14.6059766604062	-3.4063408465965
			14.6575878853546	-3.4063408465965
			14.7091991103031	-3.45795207154494
			14.7608103352515	-3.45795207154494
			14.8124215601999	-3.45795207154494
			14.8640327851484	-3.45795207154494
			14.9156440100968	-3.50956329649337
			14.9672552350452	-3.50956329649337
			15.0188664599937	-3.50956329649337
			15.0704776849421	-3.50956329649337
			15.1220889098905	-3.5611745214418
			15.173700134839	-3.5611745214418
			15.2253113597874	-3.5611745214418
			15.2769225847358	-3.61278574639023
			15.3285338096843	-3.61278574639023
			15.3801450346327	-3.61278574639023
			15.4317562595811	-3.66439697133866
			15.4833674845296	-3.66439697133866
			15.534978709478	-3.71600819628709
			15.5865899344264	-3.71600819628709
			15.6382011593749	-3.76761942123553
			15.6898123843233	-3.76761942123553
			15.7414236092717	-3.76761942123553
			15.7930348342202	-3.81923064618396
			15.8446460591686	-3.81923064618396
			15.896257284117	-3.87084187113239
			15.9478685090654	-3.92245309608082
			15.9994797340139	-3.92245309608082
			16.0510909589623	-3.97406432102925
			16.1027021839107	-3.97406432102925
			16.1543134088592	-3.97406432102925
			16.1543134088592	-4.02567554597769
			16.2059246338076	-4.02567554597769
			16.257535858756	-4.07728677092612
			16.3091470837045	-4.12889799587455
			16.3607583086529	-4.18050922082298
			16.4123695336013	-4.23212044577141
			16.4639807585498	-4.23212044577141
			16.5155919834982	-4.28373167071984
			16.5672032084466	-4.28373167071984
			16.5672032084466	-4.33534289566828
			16.6188144333951	-4.38695412061671
			16.6704256583435	-4.38695412061671
			16.7220368832919	-4.43856534556514
			16.7736481082404	-4.49017657051357
			16.8252593331888	-4.541787795462
			16.8768705581372	-4.59339902041044
			16.9284817830857	-4.64501024535887
			16.9800930080341	-4.6966214703073
			17.0317042329825	-4.74823269525573
			17.0317042329825	-4.79984392020416
			17.0833154579309	-4.8514551451526
			17.1349266828794	-4.8514551451526
			17.1865379078278	-4.90306637010103
			17.1865379078278	-4.95467759504946
			17.2381491327762	-5.00628881999789
			17.2897603577247	-5.05790004494632
			17.2897603577247	-5.10951126989475
			17.3413715826731	-5.16112249484319
			17.3413715826731	-5.21273371979162
			17.3929828076215	-5.26434494474005
			17.3929828076215	-5.31595616968848
			17.44459403257	-5.36756739463691
			17.44459403257	-5.41917861958535
			17.4962052575184	-5.47078984453378
			17.4962052575184	-5.52240106948221
			17.4962052575184	-5.57401229443064
			17.5478164824668	-5.62562351937907
			17.5478164824668	-5.6772347443275
			17.5478164824668	-5.72884596927594
			17.5994277074153	-5.78045719422437
			17.5994277074153	-5.8320684191728
			17.5994277074153	-5.88367964412123
			17.5994277074153	-5.93529086906966
			17.5994277074153	-5.9869020940181
			17.6510389323637	-6.03851331896653
			17.6510389323637	-6.09012454391496
			17.6510389323637	-6.14173576886339
			17.6510389323637	-6.19334699381182
			17.6510389323637	-6.24495821876026
			17.6510389323637	-6.29656944370869
			17.6510389323637	-6.34818066865712
			17.6510389323637	-6.39979189360555
			17.6510389323637	-6.45140311855398
			17.6510389323637	-6.50301434350242
			17.6510389323637	-6.55462556845085
			17.6510389323637	-6.60623679339928
			17.6510389323637	-6.65784801834771
			17.6510389323637	-6.70945924329614
			17.5994277074153	-6.70945924329614
			17.5994277074153	-6.76107046824457
			17.5994277074153	-6.81268169319301
			17.5478164824668	-6.86429291814144
			17.5478164824668	-6.91590414308987
			17.4962052575184	-6.9675153680383
			17.4962052575184	-7.01912659298673
			17.44459403257	-7.07073781793517
			17.3929828076215	-7.1223490428836
			17.3929828076215	-7.17396026783203
			17.3413715826731	-7.22557149278046
			17.2897603577247	-7.22557149278046
			17.2381491327762	-7.27718271772889
			17.2381491327762	-7.32879394267732
			17.1865379078278	-7.38040516762576
			17.1349266828794	-7.38040516762576
			17.0833154579309	-7.43201639257419
			17.0317042329825	-7.43201639257419
			16.9800930080341	-7.48362761752262
			16.9284817830857	-7.53523884247105
			16.8768705581372	-7.53523884247105
			16.9284817830857	-7.53523884247105
			16.9284817830857	-7.58685006741948
			16.9800930080341	-7.58685006741948
			17.0317042329825	-7.58685006741948
			17.0833154579309	-7.63846129236792
			17.1349266828794	-7.63846129236792
			17.1865379078278	-7.63846129236792
			17.2381491327762	-7.69007251731635
			17.2897603577247	-7.69007251731635
			17.2897603577247	-7.74168374226478
			17.3413715826731	-7.74168374226478
			17.3929828076215	-7.74168374226478
			17.44459403257	-7.79329496721321
			17.4962052575184	-7.84490619216164
			17.5478164824668	-7.84490619216164
			17.5994277074153	-7.89651741711008
			17.6510389323637	-7.94812864205851
			17.7026501573121	-7.94812864205851
			17.7026501573121	-7.99973986700694
			17.7542613822606	-7.99973986700694
			17.805872607209	-8.05135109195537
			17.8574838321574	-8.1029623169038
			17.9090950571059	-8.15457354185224
			17.9607062820543	-8.20618476680067
			18.0123175070027	-8.2577959917491
			18.0639287319512	-8.2577959917491
			18.1155399568996	-8.30940721669753
			18.1155399568996	-8.36101844164596
			18.167151181848	-8.41262966659439
			18.2187624067964	-8.46424089154283
			18.2703736317449	-8.51585211649126
			18.3219848566933	-8.51585211649126
			18.3735960816417	-8.56746334143969
			18.3735960816417	-8.61907456638812
			18.4252073065902	-8.61907456638812
			18.4768185315386	-8.67068579133655
			18.528429756487	-8.72229701628499
			18.5800409814355	-8.77390824123342
			18.6316522063839	-8.82551946618185
			18.6316522063839	-8.87713069113028
			18.6832634313323	-8.92874191607871
			18.7348746562808	-8.98035314102714
			18.7864858812292	-8.98035314102714
			18.7864858812292	-9.03196436597558
			18.8380971061776	-9.08357559092401
			18.8380971061776	-9.13518681587244
			18.8897083311261	-9.18679804082087
			18.9413195560745	-9.2384092657693
			18.9413195560745	-9.29002049071774
			18.9929307810229	-9.34163171566617
			18.9929307810229	-9.3932429406146
			19.0445420059714	-9.44485416556303
			19.0445420059714	-9.49646539051146
			19.0961532309198	-9.54807661545989
			19.0961532309198	-9.59968784040833
			19.1477644558682	-9.65129906535676
			19.1477644558682	-9.70291029030519
			19.1993756808167	-9.75452151525362
			19.1993756808167	-9.80613274020205
			19.1993756808167	-9.85774396515049
			19.2509869057651	-9.90935519009892
			19.2509869057651	-9.96096641504735
			19.2509869057651	-10.0125776399958
			19.3025981307135	-10.0641888649442
			19.3025981307135	-10.1158000898926
			19.3025981307135	-10.1674113148411
			19.3025981307135	-10.2190225397895
			19.3025981307135	-10.2706337647379
			19.3025981307135	-10.3222449896864
			19.2509869057651	-10.3738562146348
			19.2509869057651	-10.4254674395832
			19.2509869057651	-10.4770786645317
			19.2509869057651	-10.5286898894801
			19.2509869057651	-10.5803011144285
			19.2509869057651	-10.631912339377
			19.1993756808167	-10.6835235643254
			19.1993756808167	-10.7351347892738
			19.1993756808167	-10.7867460142223
			19.1477644558682	-10.8383572391707
			19.1477644558682	-10.8899684641191
			19.1477644558682	-10.9415796890676
			19.1477644558682	-10.993190914016
			19.0961532309198	-11.0448021389644
			19.0961532309198	-11.0964133639129
			19.0961532309198	-11.1480245888613
			19.0445420059714	-11.1480245888613
			19.0445420059714	-11.1996358138097
			19.0445420059714	-11.2512470387581
			18.9929307810229	-11.3028582637066
			18.9929307810229	-11.354469488655
			18.9413195560745	-11.354469488655
			18.9413195560745	-11.4060807136034
			18.9413195560745	-11.4576919385519
			18.8897083311261	-11.5093031635003
			18.8897083311261	-11.5609143884487
			18.8380971061776	-11.5609143884487
			18.8380971061776	-11.6125256133972
			18.7864858812292	-11.6641368383456
			18.7864858812292	-11.715748063294
			18.7348746562808	-11.715748063294
			18.7348746562808	-11.7673592882425
			18.6832634313323	-11.8189705131909
			18.6832634313323	-11.8705817381393
			18.6316522063839	-11.8705817381393
			18.6316522063839	-11.9221929630878
			18.5800409814355	-11.9738041880362
			18.528429756487	-11.9738041880362
			18.528429756487	-12.0254154129846
			18.4768185315386	-12.0770266379331
			18.4252073065902	-12.0770266379331
			18.4252073065902	-12.1286378628815
			18.3735960816417	-12.1802490878299
			18.3735960816417	-12.2318603127784
			18.3219848566933	-12.2318603127784
			18.3219848566933	-12.2834715377268
			18.2703736317449	-12.2834715377268
			18.2703736317449	-12.3350827626752
			18.2187624067964	-12.3866939876236
			18.2187624067964	-12.4383052125721
			18.167151181848	-12.4899164375205
			18.167151181848	-12.5415276624689
			18.1155399568996	-12.5931388874174
			18.1155399568996	-12.6447501123658
			18.1155399568996	-12.6963613373142
			18.0639287319512	-12.7479725622627
			18.0639287319512	-12.7995837872111
			18.0639287319512	-12.8511950121595
			18.0639287319512	-12.902806237108
			18.0123175070027	-12.9544174620564
			18.0123175070027	-13.0060286870048
			18.0123175070027	-13.0576399119533
			18.0123175070027	-13.1092511369017
			18.0123175070027	-13.1608623618501
			18.0639287319512	-13.1608623618501
			18.1155399568996	-13.1608623618501
			18.167151181848	-13.2124735867986
			18.2187624067964	-13.2124735867986
			18.2703736317449	-13.2124735867986
			18.3219848566933	-13.2124735867986
			18.3735960816417	-13.264084811747
			18.4252073065902	-13.264084811747
			18.4768185315386	-13.264084811747
			18.528429756487	-13.264084811747
			18.5800409814355	-13.3156960366954
			18.6316522063839	-13.3156960366954
			18.6832634313323	-13.3673072616439
			18.7348746562808	-13.3673072616439
			18.7864858812292	-13.3673072616439
			18.8380971061776	-13.4189184865923
			18.8897083311261	-13.4189184865923
			18.9413195560745	-13.4705297115407
			18.9929307810229	-13.4705297115407
			19.0445420059714	-13.5221409364891
			19.0961532309198	-13.5221409364891
			19.1477644558682	-13.5737521614376
			19.1993756808167	-13.625363386386
			19.2509869057651	-13.625363386386
			19.3025981307135	-13.6769746113344
			19.354209355662	-13.6769746113344
			19.354209355662	-13.7285858362829
			19.4058205806104	-13.7801970612313
			19.4574318055588	-13.8318082861797
			19.5090430305072	-13.8318082861797
			19.5606542554557	-13.8834195111282
			19.5606542554557	-13.9350307360766
			19.6122654804041	-13.9350307360766
			19.6638767053525	-13.986641961025
			19.715487930301	-14.0382531859735
			19.715487930301	-14.0898644109219
			19.7670991552494	-14.1414756358703
			19.8187103801978	-14.1930868608188
			19.8703216051463	-14.1930868608188
			19.8703216051463	-14.2446980857672
			19.9219328300947	-14.2963093107156
			19.9735440550431	-14.3479205356641
			19.9735440550431	-14.3995317606125
			20.0251552799916	-14.4511429855609
			20.0251552799916	-14.5027542105094
			20.07676650494	-14.5543654354578
			20.1283777298884	-14.6059766604062
			20.1283777298884	-14.6575878853546
			20.1799889548369	-14.7091991103031
			20.1799889548369	-14.7608103352515
			20.2316001797853	-14.8124215601999
			20.2316001797853	-14.8640327851484
			20.2316001797853	-14.9156440100968
			20.2832114047337	-14.9156440100968
			20.2832114047337	-14.9672552350452
			20.2832114047337	-15.0188664599937
			20.3348226296822	-15.0704776849421
			20.3348226296822	-15.1220889098905
			20.3864338546306	-15.173700134839
			20.3864338546306	-15.2253113597874
			20.3864338546306	-15.2769225847358
			20.438045079579	-15.3285338096843
			20.438045079579	-15.3801450346327
			20.438045079579	-15.4317562595811
			20.4896563045275	-15.4833674845296
			20.4896563045275	-15.534978709478
			20.4896563045275	-15.5865899344264
			20.4896563045275	-15.6382011593749
			20.5412675294759	-15.6898123843233
			20.5412675294759	-15.7414236092717
		</suture>
		<anterior type=matrix rownames=FALSE colnames=FALSE nrow=275 ncol=2 as.numeric=TRUE >
			13.0060286870048	-3.30311839669964
			13.0576399119533	-3.30311839669964
			13.1092511369017	-3.30311839669964
			13.1608623618501	-3.30311839669964
			13.2124735867986	-3.30311839669964
			13.264084811747	-3.30311839669964
			13.3156960366954	-3.30311839669964
			13.3673072616439	-3.30311839669964
			13.4189184865923	-3.30311839669964
			13.4705297115407	-3.30311839669964
			13.5221409364891	-3.30311839669964
			13.5737521614376	-3.30311839669964
			13.625363386386	-3.30311839669964
			13.6769746113344	-3.30311839669964
			13.7285858362829	-3.30311839669964
			13.7801970612313	-3.30311839669964
			13.8318082861797	-3.35472962164807
			13.8834195111282	-3.35472962164807
			13.9350307360766	-3.35472962164807
			13.986641961025	-3.35472962164807
			14.0382531859735	-3.35472962164807
			14.0898644109219	-3.35472962164807
			14.1414756358703	-3.35472962164807
			14.1930868608188	-3.35472962164807
			14.2446980857672	-3.4063408465965
			14.2963093107156	-3.4063408465965
			14.3479205356641	-3.4063408465965
			14.3995317606125	-3.4063408465965
			14.4511429855609	-3.4063408465965
			14.5027542105094	-3.4063408465965
			14.5543654354578	-3.45795207154494
			14.6059766604062	-3.45795207154494
			14.6575878853546	-3.45795207154494
			14.7091991103031	-3.45795207154494
			14.7608103352515	-3.50956329649337
			14.8124215601999	-3.50956329649337
			14.8640327851484	-3.50956329649337
			14.9156440100968	-3.50956329649337
			14.9672552350452	-3.5611745214418
			15.0188664599937	-3.5611745214418
			15.0704776849421	-3.5611745214418
			15.1220889098905	-3.61278574639023
			15.173700134839	-3.61278574639023
			15.2253113597874	-3.61278574639023
			15.2769225847358	-3.66439697133866
			15.3285338096843	-3.66439697133866
			15.3801450346327	-3.66439697133866
			15.4317562595811	-3.71600819628709
			15.4833674845296	-3.71600819628709
			15.534978709478	-3.71600819628709
			15.5865899344264	-3.76761942123553
			15.6382011593749	-3.76761942123553
			15.6898123843233	-3.76761942123553
			15.7414236092717	-3.81923064618396
			15.7930348342202	-3.81923064618396
			15.8446460591686	-3.87084187113239
			15.896257284117	-3.87084187113239
			15.9478685090654	-3.92245309608082
			15.9994797340139	-3.92245309608082
			16.0510909589623	-3.97406432102925
			16.1027021839107	-3.97406432102925
			16.1543134088592	-4.02567554597769
			16.2059246338076	-4.02567554597769
			16.257535858756	-4.07728677092612
			16.3091470837045	-4.07728677092612
			16.3607583086529	-4.12889799587455
			16.4123695336013	-4.12889799587455
			16.4639807585498	-4.18050922082298
			16.5155919834982	-4.18050922082298
			16.5155919834982	-4.23212044577141
			16.5672032084466	-4.23212044577141
			16.6188144333951	-4.28373167071984
			16.6704256583435	-4.28373167071984
			16.7220368832919	-4.33534289566828
			16.7736481082404	-4.33534289566828
			16.8252593331888	-4.38695412061671
			16.8768705581372	-4.43856534556514
			16.9284817830857	-4.43856534556514
			16.9800930080341	-4.49017657051357
			17.0317042329825	-4.541787795462
			17.0833154579309	-4.541787795462
			17.1349266828794	-4.59339902041044
			17.1865379078278	-4.64501024535887
			17.2381491327762	-4.64501024535887
			17.2897603577247	-4.6966214703073
			17.3413715826731	-4.74823269525573
			17.3929828076215	-4.74823269525573
			17.44459403257	-4.79984392020416
			17.4962052575184	-4.8514551451526
			17.5478164824668	-4.8514551451526
			17.5994277074153	-4.90306637010103
			17.6510389323637	-4.95467759504946
			17.7026501573121	-5.00628881999789
			17.7542613822606	-5.00628881999789
			17.805872607209	-5.05790004494632
			17.8574838321574	-5.10951126989475
			17.9090950571059	-5.16112249484319
			17.9607062820543	-5.21273371979162
			18.0123175070027	-5.26434494474005
			18.0639287319512	-5.31595616968848
			18.1155399568996	-5.31595616968848
			18.1155399568996	-5.36756739463691
			18.167151181848	-5.41917861958535
			18.2187624067964	-5.41917861958535
			18.2703736317449	-5.47078984453378
			18.2703736317449	-5.52240106948221
			18.3219848566933	-5.52240106948221
			18.3735960816417	-5.57401229443064
			18.4252073065902	-5.62562351937907
			18.4768185315386	-5.6772347443275
			18.528429756487	-5.72884596927594
			18.5800409814355	-5.78045719422437
			18.6316522063839	-5.8320684191728
			18.6832634313323	-5.88367964412123
			18.7348746562808	-5.93529086906966
			18.7864858812292	-5.9869020940181
			18.8380971061776	-6.03851331896653
			18.8380971061776	-6.09012454391496
			18.8897083311261	-6.14173576886339
			18.9413195560745	-6.19334699381182
			18.9413195560745	-6.24495821876026
			18.9929307810229	-6.24495821876026
			19.0445420059714	-6.29656944370869
			19.0445420059714	-6.34818066865712
			19.0961532309198	-6.39979189360555
			19.1477644558682	-6.45140311855398
			19.1477644558682	-6.50301434350242
			19.1993756808167	-6.55462556845085
			19.2509869057651	-6.60623679339928
			19.3025981307135	-6.65784801834771
			19.354209355662	-6.70945924329614
			19.354209355662	-6.76107046824457
			19.4058205806104	-6.81268169319301
			19.4058205806104	-6.86429291814144
			19.4574318055588	-6.91590414308987
			19.5090430305072	-6.9675153680383
			19.5090430305072	-7.01912659298673
			19.5606542554557	-7.07073781793517
			19.6122654804041	-7.1223490428836
			19.6122654804041	-7.17396026783203
			19.6638767053525	-7.17396026783203
			19.6638767053525	-7.22557149278046
			19.715487930301	-7.27718271772889
			19.715487930301	-7.32879394267732
			19.7670991552494	-7.38040516762576
			19.7670991552494	-7.43201639257419
			19.8187103801978	-7.43201639257419
			19.8187103801978	-7.48362761752262
			19.8703216051463	-7.53523884247105
			19.8703216051463	-7.58685006741948
			19.9219328300947	-7.63846129236792
			19.9219328300947	-7.69007251731635
			19.9735440550431	-7.74168374226478
			20.0251552799916	-7.79329496721321
			20.0251552799916	-7.84490619216164
			20.07676650494	-7.89651741711008
			20.07676650494	-7.94812864205851
			20.1283777298884	-7.99973986700694
			20.1799889548369	-8.05135109195537
			20.1799889548369	-8.1029623169038
			20.2316001797853	-8.15457354185224
			20.2316001797853	-8.20618476680067
			20.2832114047337	-8.2577959917491
			20.2832114047337	-8.30940721669753
			20.3348226296822	-8.36101844164596
			20.3348226296822	-8.41262966659439
			20.3864338546306	-8.46424089154283
			20.3864338546306	-8.51585211649126
			20.438045079579	-8.56746334143969
			20.438045079579	-8.61907456638812
			20.4896563045275	-8.67068579133655
			20.4896563045275	-8.72229701628499
			20.5412675294759	-8.77390824123342
			20.5412675294759	-8.82551946618185
			20.5928787544243	-8.87713069113028
			20.5928787544243	-8.92874191607871
			20.6444899793727	-8.98035314102714
			20.6444899793727	-9.03196436597558
			20.6961012043212	-9.08357559092401
			20.6961012043212	-9.13518681587244
			20.7477124292696	-9.18679804082087
			20.7477124292696	-9.2384092657693
			20.799323654218	-9.29002049071774
			20.799323654218	-9.34163171566617
			20.8509348791665	-9.3932429406146
			20.8509348791665	-9.44485416556303
			20.9025461041149	-9.49646539051146
			20.9025461041149	-9.54807661545989
			20.9541573290633	-9.59968784040833
			20.9541573290633	-9.65129906535676
			20.9541573290633	-9.70291029030519
			21.0057685540118	-9.75452151525362
			21.0057685540118	-9.80613274020205
			21.0573797789602	-9.85774396515049
			21.0573797789602	-9.90935519009892
			21.1089910039086	-9.96096641504735
			21.1089910039086	-10.0125776399958
			21.1089910039086	-10.0641888649442
			21.1606022288571	-10.1158000898926
			21.1606022288571	-10.1674113148411
			21.2122134538055	-10.2190225397895
			21.2122134538055	-10.2706337647379
			21.2122134538055	-10.3222449896864
			21.2638246787539	-10.3738562146348
			21.2638246787539	-10.4254674395832
			21.2638246787539	-10.4770786645317
			21.3154359037024	-10.5286898894801
			21.3154359037024	-10.5803011144285
			21.3670471286508	-10.631912339377
			21.3670471286508	-10.6835235643254
			21.3670471286508	-10.7351347892738
			21.4186583535992	-10.7867460142223
			21.4186583535992	-10.8383572391707
			21.4186583535992	-10.8899684641191
			21.4702695785477	-10.9415796890676
			21.4702695785477	-10.993190914016
			21.5218808034961	-11.0448021389644
			21.5218808034961	-11.0964133639129
			21.5218808034961	-11.1480245888613
			21.5734920284445	-11.1996358138097
			21.5734920284445	-11.2512470387581
			21.5734920284445	-11.3028582637066
			21.625103253393	-11.354469488655
			21.625103253393	-11.4060807136034
			21.6767144783414	-11.4576919385519
			21.6767144783414	-11.5093031635003
			21.6767144783414	-11.5609143884487
			21.7283257032898	-11.6125256133972
			21.7283257032898	-11.6641368383456
			21.7283257032898	-11.715748063294
			21.7799369282382	-11.7673592882425
			21.7799369282382	-11.8189705131909
			21.7799369282382	-11.8705817381393
			21.7799369282382	-11.9221929630878
			21.8315481531867	-11.9221929630878
			21.8315481531867	-11.9738041880362
			21.8315481531867	-12.0254154129846
			21.8315481531867	-12.0770266379331
			21.8315481531867	-12.1286378628815
			21.8315481531867	-12.1802490878299
			21.8831593781351	-12.1802490878299
			21.8831593781351	-12.2318603127784
			21.8831593781351	-12.2834715377268
			21.8831593781351	-12.3350827626752
			21.8831593781351	-12.3866939876236
			21.8831593781351	-12.4383052125721
			21.9347706030835	-12.4899164375205
			21.9347706030835	-12.5415276624689
			21.9347706030835	-12.5931388874174
			21.9347706030835	-12.6447501123658
			21.986381828032	-12.6963613373142
			21.986381828032	-12.7479725622627
			21.986381828032	-12.7995837872111
			21.986381828032	-12.8511950121595
			21.986381828032	-12.902806237108
			21.986381828032	-12.9544174620564
			22.0379930529804	-13.0060286870048
			22.0379930529804	-13.0576399119533
			22.0379930529804	-13.1092511369017
			22.0379930529804	-13.1608623618501
			22.0896042779288	-13.2124735867986
			22.0896042779288	-13.264084811747
			22.0896042779288	-13.3156960366954
			22.0896042779288	-13.3673072616439
			22.0896042779288	-13.4189184865923
			22.0896042779288	-13.4705297115407
			22.1412155028773	-13.4705297115407
			22.1412155028773	-13.5221409364891
			22.1412155028773	-13.5737521614376
			22.1412155028773	-13.625363386386
			22.1412155028773	-13.6769746113344
			22.1412155028773	-13.7285858362829
			22.1928267278257	-13.7801970612313
			22.1928267278257	-13.8318082861797
			22.1928267278257	-13.8834195111282
		</anterior>
		<posterior type=matrix rownames=FALSE colnames=FALSE nrow=342 ncol=2 as.numeric=TRUE >
			13.1092511369017	-13.8834195111282
			13.1608623618501	-13.8834195111282
			13.2124735867986	-13.8834195111282
			13.264084811747	-13.8834195111282
			13.3156960366954	-13.8834195111282
			13.3673072616439	-13.8834195111282
			13.4189184865923	-13.8834195111282
			13.4705297115407	-13.8834195111282
			13.5221409364891	-13.8834195111282
			13.5737521614376	-13.8834195111282
			13.625363386386	-13.8834195111282
			13.6769746113344	-13.8834195111282
			13.7285858362829	-13.8834195111282
			13.7801970612313	-13.8834195111282
			13.8318082861797	-13.8834195111282
			13.8834195111282	-13.8834195111282
			13.9350307360766	-13.8834195111282
			13.986641961025	-13.8834195111282
			14.0382531859735	-13.8834195111282
			14.0898644109219	-13.8834195111282
			14.1414756358703	-13.8834195111282
			14.1930868608188	-13.8834195111282
			14.2446980857672	-13.8834195111282
			14.2963093107156	-13.8834195111282
			14.3479205356641	-13.9350307360766
			14.3995317606125	-13.9350307360766
			14.4511429855609	-13.9350307360766
			14.5027542105094	-13.9350307360766
			14.5543654354578	-13.9350307360766
			14.6059766604062	-13.9350307360766
			14.6575878853546	-13.9350307360766
			14.7091991103031	-13.9350307360766
			14.7608103352515	-13.9350307360766
			14.8124215601999	-13.986641961025
			14.8640327851484	-13.986641961025
			14.9156440100968	-13.986641961025
			14.9672552350452	-13.986641961025
			15.0188664599937	-13.986641961025
			15.0704776849421	-13.986641961025
			15.1220889098905	-14.0382531859735
			15.173700134839	-14.0382531859735
			15.2253113597874	-14.0382531859735
			15.2769225847358	-14.0382531859735
			15.3285338096843	-14.0382531859735
			15.3801450346327	-14.0898644109219
			15.4317562595811	-14.0898644109219
			15.4833674845296	-14.0898644109219
			15.534978709478	-14.1414756358703
			15.5865899344264	-14.1414756358703
			15.6382011593749	-14.1414756358703
			15.6898123843233	-14.1414756358703
			15.7414236092717	-14.1930868608188
			15.7930348342202	-14.1930868608188
			15.8446460591686	-14.1930868608188
			15.896257284117	-14.1930868608188
			15.9478685090654	-14.2446980857672
			15.9994797340139	-14.2446980857672
			16.0510909589623	-14.2446980857672
			16.1027021839107	-14.2963093107156
			16.1543134088592	-14.2963093107156
			16.2059246338076	-14.2963093107156
			16.257535858756	-14.2963093107156
			16.3091470837045	-14.3479205356641
			16.3607583086529	-14.3479205356641
			16.4123695336013	-14.3479205356641
			16.4639807585498	-14.3479205356641
			16.5155919834982	-14.3479205356641
			16.5672032084466	-14.3995317606125
			16.6188144333951	-14.3995317606125
			16.6704256583435	-14.3995317606125
			16.7220368832919	-14.3995317606125
			16.7736481082404	-14.3995317606125
			16.8252593331888	-14.4511429855609
			16.8768705581372	-14.4511429855609
			16.9284817830857	-14.4511429855609
			16.9800930080341	-14.4511429855609
			17.0317042329825	-14.4511429855609
			17.0833154579309	-14.4511429855609
			17.1349266828794	-14.4511429855609
			17.1865379078278	-14.5027542105094
			17.2381491327762	-14.5027542105094
			17.2897603577247	-14.5027542105094
			17.3413715826731	-14.5027542105094
			17.3929828076215	-14.5027542105094
			17.44459403257	-14.5027542105094
			17.4962052575184	-14.5027542105094
			17.5478164824668	-14.5027542105094
			17.5994277074153	-14.5027542105094
			17.6510389323637	-14.5543654354578
			17.7026501573121	-14.5543654354578
			17.7542613822606	-14.5543654354578
			17.805872607209	-14.5543654354578
			17.8574838321574	-14.5543654354578
			17.9090950571059	-14.5543654354578
			17.9607062820543	-14.5543654354578
			18.0123175070027	-14.5543654354578
			18.0639287319512	-14.5543654354578
			18.1155399568996	-14.5543654354578
			18.167151181848	-14.5543654354578
			18.2187624067964	-14.5543654354578
			18.2703736317449	-14.5543654354578
			18.3219848566933	-14.5543654354578
			18.3735960816417	-14.5543654354578
			18.4252073065902	-14.6059766604062
			18.4768185315386	-14.6059766604062
			18.528429756487	-14.6059766604062
			18.5800409814355	-14.6059766604062
			18.6316522063839	-14.6059766604062
			18.6832634313323	-14.6575878853546
			18.7348746562808	-14.6575878853546
			18.7864858812292	-14.6575878853546
			18.8380971061776	-14.7091991103031
			18.8897083311261	-14.7091991103031
			18.9413195560745	-14.7608103352515
			18.9929307810229	-14.7608103352515
			19.0445420059714	-14.7608103352515
			19.0961532309198	-14.8124215601999
			19.1477644558682	-14.8124215601999
			19.1993756808167	-14.8124215601999
			19.2509869057651	-14.8640327851484
			19.3025981307135	-14.8640327851484
			19.354209355662	-14.9156440100968
			19.4058205806104	-14.9156440100968
			19.4574318055588	-14.9672552350452
			19.5090430305072	-14.9672552350452
			19.5606542554557	-15.0188664599937
			19.6122654804041	-15.0188664599937
			19.6122654804041	-15.0704776849421
			19.6638767053525	-15.0704776849421
			19.715487930301	-15.1220889098905
			19.7670991552494	-15.1220889098905
			19.8187103801978	-15.173700134839
			19.8703216051463	-15.173700134839
			19.8703216051463	-15.2253113597874
			19.9219328300947	-15.2253113597874
			19.9735440550431	-15.2769225847358
			20.0251552799916	-15.3285338096843
			20.07676650494	-15.3285338096843
			20.07676650494	-15.3801450346327
			20.1283777298884	-15.3801450346327
			20.1799889548369	-15.4317562595811
			20.2316001797853	-15.4833674845296
			20.2832114047337	-15.534978709478
			20.3348226296822	-15.5865899344264
			20.3864338546306	-15.6382011593749
			20.438045079579	-15.6898123843233
			20.4896563045275	-15.6898123843233
			20.4896563045275	-15.7414236092717
			20.5412675294759	-15.7930348342202
			20.5928787544243	-15.8446460591686
			20.6444899793727	-15.896257284117
			20.6444899793727	-15.9478685090654
			20.6961012043212	-15.9994797340139
			20.6961012043212	-16.0510909589623
			20.7477124292696	-16.0510909589623
			20.7477124292696	-16.1027021839107
			20.799323654218	-16.1543134088592
			20.8509348791665	-16.2059246338076
			20.8509348791665	-16.257535858756
			20.9025461041149	-16.3091470837045
			20.9541573290633	-16.3607583086529
			20.9541573290633	-16.4123695336013
			21.0057685540118	-16.4639807585498
			21.0057685540118	-16.5155919834982
			21.0573797789602	-16.5672032084466
			21.0573797789602	-16.6188144333951
			21.1089910039086	-16.6704256583435
			21.1089910039086	-16.7220368832919
			21.1606022288571	-16.7736481082404
			21.1606022288571	-16.8252593331888
			21.2122134538055	-16.8768705581372
			21.2122134538055	-16.9284817830857
			21.2638246787539	-16.9800930080341
			21.2638246787539	-17.0317042329825
			21.2638246787539	-17.0833154579309
			21.3154359037024	-17.1349266828794
			21.3154359037024	-17.1865379078278
			21.3670471286508	-17.2381491327762
			21.3670471286508	-17.2897603577247
			21.3670471286508	-17.3413715826731
			21.4186583535992	-17.3929828076215
			21.4186583535992	-17.44459403257
			21.4186583535992	-17.4962052575184
			21.4702695785477	-17.5478164824668
			21.4702695785477	-17.5994277074153
			21.4702695785477	-17.6510389323637
			21.5218808034961	-17.7026501573121
			21.5218808034961	-17.7542613822606
			21.5218808034961	-17.805872607209
			21.5218808034961	-17.8574838321574
			21.5734920284445	-17.9090950571059
			21.5734920284445	-17.9607062820543
			21.5734920284445	-18.0123175070027
			21.5734920284445	-18.0639287319512
			21.625103253393	-18.1155399568996
			21.625103253393	-18.167151181848
			21.625103253393	-18.2187624067964
			21.625103253393	-18.2703736317449
			21.625103253393	-18.3219848566933
			21.6767144783414	-18.3219848566933
			21.6767144783414	-18.3735960816417
			21.6767144783414	-18.4252073065902
			21.6767144783414	-18.4768185315386
			21.6767144783414	-18.528429756487
			21.6767144783414	-18.5800409814355
			21.7283257032898	-18.6316522063839
			21.7283257032898	-18.6832634313323
			21.7283257032898	-18.7348746562808
			21.7283257032898	-18.7864858812292
			21.7283257032898	-18.8380971061776
			21.7283257032898	-18.8897083311261
			21.7799369282382	-18.9413195560745
			21.7799369282382	-18.9929307810229
			21.7799369282382	-19.0445420059714
			21.7799369282382	-19.0961532309198
			21.7799369282382	-19.1477644558682
			21.7799369282382	-19.1993756808167
			21.8315481531867	-19.1993756808167
			21.8315481531867	-19.2509869057651
			21.8831593781351	-19.3025981307135
			21.8831593781351	-19.354209355662
			21.9347706030835	-19.4058205806104
			21.986381828032	-19.4574318055588
			21.986381828032	-19.5090430305072
			22.0379930529804	-19.5606542554557
			22.0379930529804	-19.6122654804041
			22.0896042779288	-19.6122654804041
			22.0896042779288	-19.6638767053525
			22.1412155028773	-19.715487930301
			22.1412155028773	-19.6638767053525
			22.1928267278257	-19.6122654804041
			22.1928267278257	-19.5606542554557
			22.2444379527741	-19.5090430305072
			22.2444379527741	-19.4574318055588
			22.2444379527741	-19.4058205806104
			22.2960491777226	-19.354209355662
			22.2960491777226	-19.3025981307135
			22.2960491777226	-19.2509869057651
			22.2960491777226	-19.1993756808167
			22.347660402671	-19.1477644558682
			22.347660402671	-19.0961532309198
			22.347660402671	-19.0445420059714
			22.347660402671	-18.9929307810229
			22.3992716276194	-18.9413195560745
			22.3992716276194	-18.8897083311261
			22.3992716276194	-18.8380971061776
			22.3992716276194	-18.7864858812292
			22.3992716276194	-18.7348746562808
			22.4508828525679	-18.6832634313323
			22.4508828525679	-18.6316522063839
			22.4508828525679	-18.5800409814355
			22.4508828525679	-18.528429756487
			22.4508828525679	-18.4768185315386
			22.4508828525679	-18.4252073065902
			22.4508828525679	-18.3735960816417
			22.5024940775163	-18.3219848566933
			22.5024940775163	-18.2703736317449
			22.5024940775163	-18.2187624067964
			22.5024940775163	-18.167151181848
			22.5024940775163	-18.1155399568996
			22.5024940775163	-18.0639287319512
			22.5024940775163	-18.0123175070027
			22.5024940775163	-17.9607062820543
			22.5024940775163	-17.9090950571059
			22.5024940775163	-17.8574838321574
			22.5024940775163	-17.805872607209
			22.5024940775163	-17.7542613822606
			22.5541053024647	-17.7026501573121
			22.5541053024647	-17.6510389323637
			22.5541053024647	-17.5994277074153
			22.5541053024647	-17.5478164824668
			22.5541053024647	-17.4962052575184
			22.5541053024647	-17.44459403257
			22.5541053024647	-17.3929828076215
			22.5541053024647	-17.3413715826731
			22.5541053024647	-17.2897603577247
			22.5541053024647	-17.2381491327762
			22.5541053024647	-17.1865379078278
			22.5541053024647	-17.1349266828794
			22.5541053024647	-17.0833154579309
			22.5541053024647	-17.0317042329825
			22.5541053024647	-16.9800930080341
			22.5541053024647	-16.9284817830857
			22.5541053024647	-16.8768705581372
			22.5541053024647	-16.8252593331888
			22.5541053024647	-16.7736481082404
			22.5541053024647	-16.7220368832919
			22.5541053024647	-16.6704256583435
			22.5024940775163	-16.6188144333951
			22.5024940775163	-16.5672032084466
			22.5024940775163	-16.5155919834982
			22.5024940775163	-16.4639807585498
			22.5024940775163	-16.4123695336013
			22.5024940775163	-16.3607583086529
			22.5024940775163	-16.3091470837045
			22.5024940775163	-16.257535858756
			22.5024940775163	-16.2059246338076
			22.5024940775163	-16.1543134088592
			22.5024940775163	-16.1027021839107
			22.5024940775163	-16.0510909589623
			22.5024940775163	-15.9994797340139
			22.5024940775163	-15.9478685090654
			22.5024940775163	-15.896257284117
			22.4508828525679	-15.8446460591686
			22.4508828525679	-15.7930348342202
			22.4508828525679	-15.7414236092717
			22.4508828525679	-15.6898123843233
			22.4508828525679	-15.6382011593749
			22.4508828525679	-15.5865899344264
			22.4508828525679	-15.534978709478
			22.4508828525679	-15.4833674845296
			22.4508828525679	-15.4317562595811
			22.3992716276194	-15.3801450346327
			22.3992716276194	-15.3285338096843
			22.3992716276194	-15.2769225847358
			22.3992716276194	-15.2253113597874
			22.3992716276194	-15.173700134839
			22.3992716276194	-15.1220889098905
			22.3992716276194	-15.0704776849421
			22.3992716276194	-15.0188664599937
			22.347660402671	-14.9672552350452
			22.347660402671	-14.9156440100968
			22.347660402671	-14.8640327851484
			22.347660402671	-14.8124215601999
			22.347660402671	-14.7608103352515
			22.347660402671	-14.7091991103031
			22.347660402671	-14.6575878853546
			22.2960491777226	-14.6059766604062
			22.2960491777226	-14.5543654354578
			22.2960491777226	-14.5027542105094
			22.2960491777226	-14.4511429855609
			22.2960491777226	-14.3995317606125
			22.2960491777226	-14.3479205356641
			22.2444379527741	-14.2963093107156
			22.2444379527741	-14.2446980857672
			22.2444379527741	-14.1930868608188
			22.2444379527741	-14.1414756358703
			22.2444379527741	-14.0898644109219
			22.2444379527741	-14.0382531859735
			22.1928267278257	-13.986641961025
			22.1928267278257	-13.9350307360766
			22.1928267278257	-13.8834195111282
		</posterior>
	</curves.scaled>
	<ruler.points type=matrix rownames=TRUE colnames=FALSE nrow=2 ncol=2 as.numeric=TRUE >
		Ruler point 1	4	6
		Ruler point 2	128	7
	</ruler.points>
</shapes>

