<shapes type=list>
	<ruler.pixel type=vector names=FALSE length=1 as.numeric=TRUE >333</ruler.pixel>
	<ruler.interval type=vector names=FALSE length=1 as.numeric=TRUE >3.4</ruler.interval>
	<scaling.units type=vector names=FALSE length=1 as.numeric=FALSE >mm</scaling.units>
	<scaling type=vector names=FALSE length=1 as.numeric=TRUE >0.0102102102102102</scaling>
	<landmarks.pixel type=matrix rownames=TRUE colnames=FALSE nrow=16 ncol=2 as.numeric=TRUE >
		LM1	222	33
		LM2	225	53
		LM3	248	304
		LM4	254	348
		LM5	359	148
		LM6	317	300
		LM7	319	330
		LM8	361	188
		LM9	360	277
		LM10	223	44
		LM11	454	259
		LM12	482	266
		LM13	222	33
		LM14	443	231
		LM15	483	322
		LM16	483	322
	</landmarks.pixel>
	<landmarks.scaled type=matrix rownames=TRUE colnames=FALSE nrow=16 ncol=2 as.numeric=TRUE >
		LM1	2.26666666666667	-0.336936936936937
		LM2	2.2972972972973	-0.541141141141141
		LM3	2.53213213213213	-3.1039039039039
		LM4	2.59339339339339	-3.55315315315315
		LM5	3.66546546546547	-1.51111111111111
		LM6	3.23663663663664	-3.06306306306306
		LM7	3.25705705705706	-3.36936936936937
		LM8	3.68588588588589	-1.91951951951952
		LM9	3.67567567567568	-2.82822822822823
		LM10	2.27687687687688	-0.449249249249249
		LM11	4.63543543543544	-2.64444444444444
		LM12	4.92132132132132	-2.71591591591592
		LM13	2.26666666666667	-0.336936936936937
		LM14	4.52312312312312	-2.35855855855856
		LM15	4.93153153153153	-3.28768768768769
		LM16	4.93153153153153	-3.28768768768769
	</landmarks.scaled>
	<curves.control type=list>
		<glabella type=matrix rownames=FALSE colnames=FALSE nrow=11 ncol=2 as.numeric=TRUE >
			225	53
			270	52
			330	99
			378	131
			344	186
			369	223
			331	267
			308	280
			326	315
			323	326
			319	330
		</glabella>
		<suture type=matrix rownames=FALSE colnames=FALSE nrow=17 ncol=2 as.numeric=TRUE >
			223	44
			322	60
			370	141
			364	169
			362	179
			385	182
			419	222
			433	255
			402	279
			385	278
			361	278
			348	292
			386	300
			421	301
			445	276
			452	247
			482	266
		</suture>
		<anterior type=matrix rownames=FALSE colnames=FALSE nrow=5 ncol=2 as.numeric=TRUE >
			222	33
			323	40
			424	137
			486	207
			483	322
		</anterior>
		<posterior type=matrix rownames=FALSE colnames=FALSE nrow=9 ncol=2 as.numeric=TRUE >
			254	348
			282	348
			318	330
			332	326
			357	329
			399	339
			454	328
			470	325
			483	322
		</posterior>
	</curves.control>
	<curves.pixel type=list>
		<glabella type=matrix rownames=FALSE colnames=FALSE nrow=353 ncol=2 as.numeric=TRUE >
			225	53
			226	53
			227	53
			228	53
			229	53
			230	53
			231	53
			232	53
			233	53
			234	53
			235	53
			236	53
			237	54
			238	54
			239	54
			240	54
			241	54
			242	54
			243	54
			244	55
			245	55
			246	55
			247	55
			248	55
			249	56
			250	56
			251	56
			252	56
			253	57
			254	57
			255	57
			256	58
			257	58
			258	58
			259	58
			260	59
			261	59
			262	59
			263	60
			264	60
			265	61
			266	61
			267	61
			268	62
			269	62
			270	63
			271	63
			272	63
			273	64
			274	64
			275	65
			276	65
			277	65
			278	66
			279	66
			280	67
			281	67
			281	68
			282	68
			283	68
			284	69
			285	69
			286	70
			287	70
			288	71
			289	71
			290	72
			291	72
			292	73
			293	74
			294	74
			294	75
			295	75
			296	76
			297	76
			298	77
			299	77
			300	78
			301	79
			302	79
			303	80
			304	80
			305	81
			306	82
			307	82
			308	83
			309	84
			310	84
			311	85
			312	86
			313	86
			314	87
			315	88
			316	88
			317	89
			318	90
			319	91
			320	91
			321	92
			322	93
			323	94
			324	94
			325	95
			326	96
			327	97
			328	97
			329	98
			330	99
			331	100
			332	100
			332	101
			333	101
			334	102
			335	102
			335	103
			336	103
			337	104
			338	105
			339	106
			340	107
			341	108
			342	108
			343	109
			343	110
			344	111
			345	111
			345	112
			346	113
			347	114
			348	115
			349	116
			349	117
			350	118
			351	119
			351	120
			352	121
			352	122
			353	123
			353	124
			354	125
			354	126
			355	127
			355	128
			355	129
			356	130
			356	131
			356	132
			357	133
			357	134
			357	135
			357	136
			358	137
			358	138
			358	139
			358	140
			358	141
			358	142
			358	143
			358	144
			358	145
			358	146
			358	147
			358	148
			358	149
			358	150
			358	151
			358	152
			357	153
			357	154
			357	155
			357	156
			357	157
			356	158
			356	159
			356	160
			355	161
			355	162
			355	163
			355	164
			354	165
			354	166
			354	167
			353	168
			353	169
			352	170
			352	171
			351	172
			351	173
			351	174
			350	175
			350	176
			349	177
			349	178
			348	179
			348	180
			347	181
			346	182
			346	183
			345	184
			345	185
			344	186
			344	187
			345	187
			345	188
			346	189
			346	190
			347	191
			348	192
			348	193
			349	194
			349	195
			349	196
			350	196
			350	197
			350	198
			351	199
			351	200
			351	201
			352	201
			352	202
			352	203
			352	204
			353	205
			353	206
			353	207
			353	208
			353	209
			354	210
			354	211
			354	212
			354	213
			354	214
			354	215
			354	216
			354	217
			354	218
			354	219
			354	220
			354	221
			354	222
			354	223
			353	224
			353	225
			353	226
			353	227
			353	228
			352	229
			352	230
			352	231
			352	232
			351	233
			351	234
			350	235
			350	236
			350	237
			350	238
			349	239
			349	240
			348	241
			348	242
			347	243
			347	244
			346	245
			346	246
			345	247
			345	248
			344	249
			343	250
			343	251
			342	252
			341	253
			341	254
			340	255
			339	256
			339	257
			338	258
			337	259
			336	260
			336	261
			335	262
			335	263
			334	263
			334	264
			333	265
			332	266
			331	267
			330	267
			330	268
			329	268
			328	269
			327	269
			326	270
			325	271
			324	272
			323	273
			323	274
			322	275
			321	276
			321	277
			320	278
			320	279
			319	280
			319	281
			319	282
			319	283
			318	284
			318	285
			318	286
			318	287
			318	288
			318	289
			318	290
			318	291
			318	292
			318	293
			319	294
			319	295
			319	296
			319	297
			319	298
			320	299
			320	300
			320	301
			321	302
			321	303
			321	304
			322	305
			322	306
			322	307
			323	308
			323	309
			323	310
			324	311
			325	312
			325	313
			326	314
			326	315
			326	316
			325	317
			325	318
			325	319
			325	320
			324	320
			324	321
			324	322
			323	323
			323	324
			322	325
			322	326
			321	327
			321	328
			320	329
			319	330
		</glabella>
		<suture type=matrix rownames=FALSE colnames=FALSE nrow=512 ncol=2 as.numeric=TRUE >
			223	44
			224	44
			225	44
			226	45
			227	45
			228	45
			229	45
			230	45
			231	45
			232	46
			233	46
			234	46
			235	46
			236	46
			237	47
			238	47
			239	47
			240	47
			241	48
			242	48
			243	48
			244	48
			245	48
			246	49
			247	49
			248	49
			249	49
			250	50
			251	50
			252	50
			253	51
			254	51
			255	51
			256	52
			257	52
			258	52
			259	53
			260	53
			261	53
			262	53
			263	54
			264	54
			265	55
			266	55
			267	55
			268	56
			269	56
			270	56
			271	57
			272	57
			273	57
			273	58
			274	58
			275	58
			276	59
			277	59
			278	60
			279	60
			280	60
			281	61
			282	61
			283	62
			284	62
			285	63
			286	63
			287	64
			288	64
			289	65
			290	65
			291	66
			292	66
			293	67
			294	67
			295	68
			296	68
			297	69
			298	69
			299	70
			300	71
			301	71
			302	72
			303	73
			304	73
			305	74
			306	74
			307	75
			308	76
			309	76
			310	77
			311	78
			312	78
			313	79
			314	80
			315	80
			316	81
			317	82
			318	82
			319	83
			320	84
			321	85
			322	85
			323	86
			324	87
			325	88
			326	89
			327	90
			328	90
			328	91
			329	91
			330	92
			331	93
			332	94
			333	95
			334	96
			335	97
			336	97
			336	98
			337	99
			338	99
			339	100
			339	101
			340	102
			341	102
			341	103
			342	104
			343	105
			344	105
			344	106
			345	107
			346	108
			347	109
			348	110
			349	111
			349	112
			350	113
			351	114
			352	115
			353	116
			353	117
			354	118
			355	119
			356	120
			356	121
			357	122
			358	123
			359	124
			359	125
			360	126
			361	127
			362	128
			362	129
			363	130
			364	131
			365	132
			365	133
			366	134
			367	135
			367	136
			367	137
			368	137
			368	138
			369	139
			369	140
			370	141
			370	142
			370	143
			369	143
			369	144
			369	145
			369	146
			369	147
			369	148
			368	149
			368	150
			368	151
			368	152
			367	153
			367	154
			367	155
			367	156
			367	157
			366	158
			366	159
			366	160
			366	161
			365	162
			365	163
			365	164
			365	165
			365	166
			365	167
			364	168
			364	169
			364	170
			364	171
			363	172
			363	173
			363	174
			363	175
			363	176
			362	177
			362	178
			362	179
			363	179
			364	179
			365	180
			366	180
			367	180
			368	180
			369	181
			370	181
			371	182
			372	182
			373	182
			374	183
			375	183
			376	184
			377	184
			378	185
			379	185
			379	186
			380	186
			381	187
			382	187
			383	188
			384	188
			385	189
			385	190
			386	190
			387	191
			388	191
			389	192
			390	193
			391	194
			392	194
			393	195
			393	196
			394	197
			395	197
			396	198
			397	199
			398	200
			399	201
			400	202
			401	203
			402	204
			403	204
			404	205
			405	206
			406	207
			407	208
			408	209
			408	210
			409	211
			410	211
			410	212
			411	213
			412	214
			413	215
			414	216
			415	217
			415	218
			416	219
			417	220
			418	220
			418	221
			419	222
			419	223
			420	224
			420	225
			421	226
			421	227
			421	228
			421	229
			422	229
			422	230
			422	231
			422	232
			422	233
			423	234
			423	235
			423	236
			423	237
			423	238
			423	239
			423	240
			423	241
			423	242
			423	243
			423	244
			423	245
			423	246
			423	247
			423	248
			423	249
			423	250
			422	251
			422	252
			422	253
			421	254
			421	255
			421	256
			420	257
			420	258
			419	259
			419	260
			418	261
			418	262
			417	262
			417	263
			417	264
			416	265
			415	266
			414	267
			413	268
			413	269
			412	270
			411	271
			410	272
			409	273
			408	274
			407	275
			406	276
			405	276
			405	277
			404	278
			403	278
			402	279
			401	279
			400	279
			399	279
			398	279
			397	279
			396	279
			395	279
			394	279
			393	279
			392	279
			391	278
			390	278
			389	278
			388	278
			387	278
			386	278
			385	278
			384	278
			383	278
			382	278
			381	278
			380	278
			379	278
			378	278
			377	278
			376	278
			375	278
			374	278
			373	278
			372	278
			371	278
			370	278
			369	278
			368	278
			367	278
			366	278
			365	278
			364	278
			363	278
			362	278
			361	278
			360	279
			359	280
			359	281
			358	282
			358	283
			358	284
			358	285
			358	286
			358	287
			359	288
			360	289
			361	290
			362	291
			363	292
			364	293
			365	293
			366	294
			367	294
			368	295
			369	295
			370	295
			371	296
			372	296
			373	297
			374	297
			375	297
			376	298
			377	298
			378	298
			379	298
			380	299
			381	299
			382	299
			383	299
			384	299
			385	300
			386	300
			387	300
			388	300
			389	300
			390	300
			391	300
			392	300
			393	300
			394	300
			395	300
			396	300
			397	300
			398	300
			399	299
			400	299
			401	299
			402	299
			403	299
			404	299
			405	299
			405	298
			406	298
			407	298
			408	298
			409	298
			410	297
			411	297
			412	297
			413	296
			414	296
			415	296
			416	295
			417	295
			418	294
			419	294
			420	294
			421	293
			422	293
			423	292
			424	292
			425	291
			426	291
			427	290
			428	290
			429	289
			430	289
			430	288
			431	288
			432	287
			433	286
			434	286
			435	285
			436	284
			437	284
			437	283
			438	282
			439	282
			440	281
			441	280
			442	279
			443	278
			444	277
			445	276
			445	275
			446	274
			446	273
			446	272
			446	271
			447	270
			447	269
			448	268
			448	267
			449	266
			450	265
			450	264
			451	263
			452	262
			453	261
			454	261
			455	260
			456	260
			457	259
			458	259
			459	259
			460	259
			461	258
			462	258
			463	259
			464	259
			465	259
			466	259
			467	259
			468	259
			469	260
			470	260
			471	260
			472	261
			473	261
			474	262
			475	262
			476	263
			477	263
			478	264
			479	264
			480	265
			481	266
			482	266
		</suture>
		<anterior type=matrix rownames=FALSE colnames=FALSE nrow=410 ncol=2 as.numeric=TRUE >
			222	33
			223	33
			224	33
			225	33
			226	33
			227	33
			228	33
			229	34
			230	34
			231	34
			232	34
			233	34
			234	34
			235	34
			236	34
			237	35
			238	35
			239	35
			240	35
			241	35
			242	35
			243	35
			244	36
			245	36
			246	36
			247	36
			248	36
			249	36
			250	37
			251	37
			252	37
			253	37
			254	37
			255	38
			256	38
			257	38
			258	38
			259	39
			260	39
			261	39
			262	39
			263	39
			264	40
			265	40
			266	40
			267	40
			268	41
			269	41
			270	41
			271	42
			272	42
			273	42
			274	43
			275	43
			276	43
			277	43
			278	44
			279	44
			280	45
			281	45
			282	45
			283	46
			284	46
			285	46
			286	47
			287	47
			288	47
			289	48
			290	48
			291	48
			292	49
			293	49
			294	50
			295	50
			296	50
			297	51
			298	51
			299	52
			300	52
			301	52
			302	53
			303	53
			304	54
			305	54
			306	55
			307	55
			308	55
			309	56
			310	56
			311	57
			312	57
			313	58
			314	58
			315	58
			315	59
			316	59
			317	59
			317	60
			318	60
			319	60
			320	61
			321	62
			322	62
			323	62
			324	63
			325	64
			326	64
			327	65
			328	65
			329	66
			330	66
			331	67
			332	67
			333	68
			334	69
			335	69
			336	70
			337	70
			338	71
			339	72
			340	72
			341	72
			341	73
			342	73
			343	73
			343	74
			344	74
			345	75
			346	75
			347	76
			348	77
			349	77
			350	78
			351	78
			351	79
			352	79
			353	80
			354	80
			354	81
			355	81
			356	82
			357	82
			357	83
			358	83
			359	84
			360	84
			360	85
			361	85
			362	86
			363	86
			363	87
			364	87
			365	88
			366	88
			366	89
			367	89
			368	90
			369	91
			370	92
			371	92
			372	93
			373	94
			374	94
			375	95
			376	96
			377	97
			378	98
			379	99
			380	99
			381	100
			382	101
			383	102
			384	102
			385	103
			386	103
			387	104
			387	105
			388	105
			389	106
			390	107
			391	108
			392	109
			393	109
			394	110
			395	111
			396	112
			397	113
			398	113
			399	114
			400	115
			401	116
			402	117
			403	118
			404	118
			404	119
			405	120
			406	120
			406	121
			407	121
			408	122
			408	123
			409	123
			410	124
			411	124
			411	125
			412	126
			413	126
			413	127
			414	128
			415	128
			415	129
			416	129
			417	130
			417	131
			418	131
			419	132
			419	133
			420	133
			421	134
			422	135
			423	136
			424	137
			425	138
			426	139
			427	140
			428	141
			428	142
			429	143
			430	144
			431	145
			432	146
			432	147
			433	148
			434	149
			435	150
			435	151
			436	152
			437	153
			438	154
			438	155
			439	156
			440	157
			440	158
			441	159
			442	160
			443	161
			443	162
			444	163
			445	164
			445	165
			446	166
			447	167
			447	168
			448	169
			448	170
			449	171
			449	172
			450	173
			451	174
			451	175
			451	176
			452	176
			452	177
			453	178
			453	179
			454	180
			454	181
			455	182
			455	183
			456	184
			456	185
			457	186
			457	187
			458	188
			458	189
			459	190
			459	191
			460	192
			460	193
			461	194
			461	195
			461	196
			462	197
			462	198
			463	199
			463	200
			464	201
			464	202
			464	203
			465	204
			465	205
			466	206
			466	207
			466	208
			467	209
			467	210
			467	211
			468	212
			468	213
			468	214
			469	215
			469	216
			469	217
			470	218
			470	219
			470	220
			471	221
			471	222
			471	223
			472	224
			472	225
			472	226
			472	227
			473	228
			473	229
			473	230
			473	231
			474	232
			474	233
			474	234
			474	235
			475	235
			475	236
			475	237
			475	238
			476	239
			476	240
			476	241
			476	242
			476	243
			477	244
			477	245
			477	246
			477	247
			477	248
			478	249
			478	250
			478	251
			478	252
			478	253
			478	254
			479	255
			479	256
			479	257
			479	258
			479	259
			479	260
			480	261
			480	262
			480	263
			480	264
			480	265
			480	266
			480	267
			481	268
			481	269
			481	270
			481	271
			481	272
			481	273
			481	274
			481	275
			481	276
			481	277
			482	277
			482	278
			482	279
			482	280
			482	281
			482	282
			482	283
			482	284
			482	285
			482	286
			482	287
			482	288
			482	289
			483	290
			483	291
			483	292
			483	293
			483	294
			483	295
			483	296
			483	297
			483	298
			483	299
			483	300
			483	301
			483	302
			483	303
			483	304
			483	305
			483	306
			483	307
			483	308
			483	309
			483	310
			483	311
			483	312
			483	313
			483	314
			483	315
			483	316
			483	317
			483	318
			483	319
			483	320
			483	321
			483	322
		</anterior>
		<posterior type=matrix rownames=FALSE colnames=FALSE nrow=234 ncol=2 as.numeric=TRUE >
			254	348
			255	348
			256	348
			257	348
			258	348
			259	348
			260	348
			261	348
			262	348
			263	348
			264	347
			265	347
			266	347
			267	347
			268	347
			269	347
			270	347
			271	346
			272	346
			273	346
			274	346
			275	346
			276	345
			277	345
			278	345
			279	345
			280	345
			281	344
			282	344
			283	344
			284	343
			285	343
			286	343
			287	343
			288	342
			289	342
			290	342
			291	341
			292	341
			293	341
			294	340
			295	340
			296	340
			297	339
			298	339
			299	338
			300	338
			301	338
			302	337
			303	337
			304	336
			305	336
			306	336
			307	335
			308	335
			309	334
			310	334
			311	333
			312	333
			313	332
			314	332
			315	331
			316	331
			317	331
			318	330
			319	330
			320	330
			321	329
			322	329
			323	329
			324	329
			325	329
			326	328
			327	328
			328	328
			329	328
			330	328
			331	328
			332	328
			333	328
			334	328
			335	328
			336	328
			337	328
			338	328
			339	328
			340	328
			341	328
			342	328
			343	328
			344	328
			345	328
			346	328
			347	328
			348	328
			349	328
			350	328
			351	328
			352	328
			353	329
			354	329
			355	329
			356	329
			357	329
			358	329
			359	330
			360	330
			361	330
			362	330
			363	330
			364	330
			365	331
			366	331
			367	331
			368	331
			369	331
			370	332
			371	332
			372	332
			373	332
			374	332
			375	332
			376	332
			377	333
			378	333
			379	333
			380	333
			381	333
			382	333
			383	333
			384	333
			385	333
			386	333
			387	333
			388	333
			389	333
			390	334
			391	334
			392	334
			393	334
			394	334
			395	334
			396	334
			397	334
			398	334
			399	334
			400	334
			401	334
			402	334
			403	334
			404	334
			405	334
			406	334
			407	334
			408	334
			409	334
			410	334
			411	333
			412	333
			413	333
			414	333
			415	333
			416	333
			417	333
			418	333
			419	333
			420	333
			421	333
			422	333
			423	333
			424	333
			424	332
			425	332
			426	332
			427	332
			428	332
			429	332
			430	332
			431	332
			432	332
			433	332
			434	331
			435	331
			436	331
			437	331
			438	331
			439	331
			440	331
			440	330
			441	330
			442	330
			443	330
			444	330
			445	330
			446	330
			446	329
			447	329
			448	329
			449	329
			450	329
			451	329
			451	328
			452	328
			453	328
			454	328
			455	328
			456	328
			457	327
			458	327
			459	327
			460	327
			461	327
			462	327
			463	326
			464	326
			465	326
			466	326
			467	325
			468	325
			469	325
			470	325
			471	325
			472	324
			473	324
			474	324
			475	324
			476	324
			477	323
			478	323
			479	323
			480	323
			481	322
			482	322
			483	322
		</posterior>
	</curves.pixel>
	<curves.scaled type=list>
		<glabella type=matrix rownames=FALSE colnames=FALSE nrow=353 ncol=2 as.numeric=TRUE >
			2.2972972972973	-0.541141141141141
			2.30750750750751	-0.541141141141141
			2.31771771771772	-0.541141141141141
			2.32792792792793	-0.541141141141141
			2.33813813813814	-0.541141141141141
			2.34834834834835	-0.541141141141141
			2.35855855855856	-0.541141141141141
			2.36876876876877	-0.541141141141141
			2.37897897897898	-0.541141141141141
			2.38918918918919	-0.541141141141141
			2.3993993993994	-0.541141141141141
			2.40960960960961	-0.541141141141141
			2.41981981981982	-0.551351351351351
			2.43003003003003	-0.551351351351351
			2.44024024024024	-0.551351351351351
			2.45045045045045	-0.551351351351351
			2.46066066066066	-0.551351351351351
			2.47087087087087	-0.551351351351351
			2.48108108108108	-0.551351351351351
			2.49129129129129	-0.561561561561562
			2.5015015015015	-0.561561561561562
			2.51171171171171	-0.561561561561562
			2.52192192192192	-0.561561561561562
			2.53213213213213	-0.561561561561562
			2.54234234234234	-0.571771771771772
			2.55255255255255	-0.571771771771772
			2.56276276276276	-0.571771771771772
			2.57297297297297	-0.571771771771772
			2.58318318318318	-0.581981981981982
			2.59339339339339	-0.581981981981982
			2.6036036036036	-0.581981981981982
			2.61381381381381	-0.592192192192192
			2.62402402402402	-0.592192192192192
			2.63423423423423	-0.592192192192192
			2.64444444444444	-0.592192192192192
			2.65465465465465	-0.602402402402402
			2.66486486486486	-0.602402402402402
			2.67507507507507	-0.602402402402402
			2.68528528528529	-0.612612612612613
			2.6954954954955	-0.612612612612613
			2.70570570570571	-0.622822822822823
			2.71591591591592	-0.622822822822823
			2.72612612612613	-0.622822822822823
			2.73633633633634	-0.633033033033033
			2.74654654654655	-0.633033033033033
			2.75675675675676	-0.643243243243243
			2.76696696696697	-0.643243243243243
			2.77717717717718	-0.643243243243243
			2.78738738738739	-0.653453453453453
			2.7975975975976	-0.653453453453453
			2.80780780780781	-0.663663663663664
			2.81801801801802	-0.663663663663664
			2.82822822822823	-0.663663663663664
			2.83843843843844	-0.673873873873874
			2.84864864864865	-0.673873873873874
			2.85885885885886	-0.684084084084084
			2.86906906906907	-0.684084084084084
			2.86906906906907	-0.694294294294294
			2.87927927927928	-0.694294294294294
			2.88948948948949	-0.694294294294294
			2.8996996996997	-0.704504504504504
			2.90990990990991	-0.704504504504504
			2.92012012012012	-0.714714714714715
			2.93033033033033	-0.714714714714715
			2.94054054054054	-0.724924924924925
			2.95075075075075	-0.724924924924925
			2.96096096096096	-0.735135135135135
			2.97117117117117	-0.735135135135135
			2.98138138138138	-0.745345345345345
			2.99159159159159	-0.755555555555556
			3.0018018018018	-0.755555555555556
			3.0018018018018	-0.765765765765766
			3.01201201201201	-0.765765765765766
			3.02222222222222	-0.775975975975976
			3.03243243243243	-0.775975975975976
			3.04264264264264	-0.786186186186186
			3.05285285285285	-0.786186186186186
			3.06306306306306	-0.796396396396396
			3.07327327327327	-0.806606606606607
			3.08348348348348	-0.806606606606607
			3.09369369369369	-0.816816816816817
			3.1039039039039	-0.816816816816817
			3.11411411411411	-0.827027027027027
			3.12432432432432	-0.837237237237237
			3.13453453453453	-0.837237237237237
			3.14474474474474	-0.847447447447447
			3.15495495495495	-0.857657657657658
			3.16516516516517	-0.857657657657658
			3.17537537537538	-0.867867867867868
			3.18558558558559	-0.878078078078078
			3.1957957957958	-0.878078078078078
			3.20600600600601	-0.888288288288288
			3.21621621621622	-0.898498498498498
			3.22642642642643	-0.898498498498498
			3.23663663663664	-0.908708708708709
			3.24684684684685	-0.918918918918919
			3.25705705705706	-0.929129129129129
			3.26726726726727	-0.929129129129129
			3.27747747747748	-0.939339339339339
			3.28768768768769	-0.94954954954955
			3.2978978978979	-0.95975975975976
			3.30810810810811	-0.95975975975976
			3.31831831831832	-0.96996996996997
			3.32852852852853	-0.98018018018018
			3.33873873873874	-0.99039039039039
			3.34894894894895	-0.99039039039039
			3.35915915915916	-1.0006006006006
			3.36936936936937	-1.01081081081081
			3.37957957957958	-1.02102102102102
			3.38978978978979	-1.02102102102102
			3.38978978978979	-1.03123123123123
			3.4	-1.03123123123123
			3.41021021021021	-1.04144144144144
			3.42042042042042	-1.04144144144144
			3.42042042042042	-1.05165165165165
			3.43063063063063	-1.05165165165165
			3.44084084084084	-1.06186186186186
			3.45105105105105	-1.07207207207207
			3.46126126126126	-1.08228228228228
			3.47147147147147	-1.09249249249249
			3.48168168168168	-1.1027027027027
			3.49189189189189	-1.1027027027027
			3.5021021021021	-1.11291291291291
			3.5021021021021	-1.12312312312312
			3.51231231231231	-1.13333333333333
			3.52252252252252	-1.13333333333333
			3.52252252252252	-1.14354354354354
			3.53273273273273	-1.15375375375375
			3.54294294294294	-1.16396396396396
			3.55315315315315	-1.17417417417417
			3.56336336336336	-1.18438438438438
			3.56336336336336	-1.19459459459459
			3.57357357357357	-1.2048048048048
			3.58378378378378	-1.21501501501501
			3.58378378378378	-1.22522522522523
			3.59399399399399	-1.23543543543544
			3.59399399399399	-1.24564564564565
			3.6042042042042	-1.25585585585586
			3.6042042042042	-1.26606606606607
			3.61441441441441	-1.27627627627628
			3.61441441441441	-1.28648648648649
			3.62462462462462	-1.2966966966967
			3.62462462462462	-1.30690690690691
			3.62462462462462	-1.31711711711712
			3.63483483483483	-1.32732732732733
			3.63483483483483	-1.33753753753754
			3.63483483483483	-1.34774774774775
			3.64504504504504	-1.35795795795796
			3.64504504504504	-1.36816816816817
			3.64504504504504	-1.37837837837838
			3.64504504504504	-1.38858858858859
			3.65525525525526	-1.3987987987988
			3.65525525525526	-1.40900900900901
			3.65525525525526	-1.41921921921922
			3.65525525525526	-1.42942942942943
			3.65525525525526	-1.43963963963964
			3.65525525525526	-1.44984984984985
			3.65525525525526	-1.46006006006006
			3.65525525525526	-1.47027027027027
			3.65525525525526	-1.48048048048048
			3.65525525525526	-1.49069069069069
			3.65525525525526	-1.5009009009009
			3.65525525525526	-1.51111111111111
			3.65525525525526	-1.52132132132132
			3.65525525525526	-1.53153153153153
			3.65525525525526	-1.54174174174174
			3.65525525525526	-1.55195195195195
			3.64504504504504	-1.56216216216216
			3.64504504504504	-1.57237237237237
			3.64504504504504	-1.58258258258258
			3.64504504504504	-1.59279279279279
			3.64504504504504	-1.603003003003
			3.63483483483483	-1.61321321321321
			3.63483483483483	-1.62342342342342
			3.63483483483483	-1.63363363363363
			3.62462462462462	-1.64384384384384
			3.62462462462462	-1.65405405405405
			3.62462462462462	-1.66426426426426
			3.62462462462462	-1.67447447447447
			3.61441441441441	-1.68468468468468
			3.61441441441441	-1.69489489489489
			3.61441441441441	-1.7051051051051
			3.6042042042042	-1.71531531531532
			3.6042042042042	-1.72552552552553
			3.59399399399399	-1.73573573573574
			3.59399399399399	-1.74594594594595
			3.58378378378378	-1.75615615615616
			3.58378378378378	-1.76636636636637
			3.58378378378378	-1.77657657657658
			3.57357357357357	-1.78678678678679
			3.57357357357357	-1.796996996997
			3.56336336336336	-1.80720720720721
			3.56336336336336	-1.81741741741742
			3.55315315315315	-1.82762762762763
			3.55315315315315	-1.83783783783784
			3.54294294294294	-1.84804804804805
			3.53273273273273	-1.85825825825826
			3.53273273273273	-1.86846846846847
			3.52252252252252	-1.87867867867868
			3.52252252252252	-1.88888888888889
			3.51231231231231	-1.8990990990991
			3.51231231231231	-1.90930930930931
			3.52252252252252	-1.90930930930931
			3.52252252252252	-1.91951951951952
			3.53273273273273	-1.92972972972973
			3.53273273273273	-1.93993993993994
			3.54294294294294	-1.95015015015015
			3.55315315315315	-1.96036036036036
			3.55315315315315	-1.97057057057057
			3.56336336336336	-1.98078078078078
			3.56336336336336	-1.99099099099099
			3.56336336336336	-2.0012012012012
			3.57357357357357	-2.0012012012012
			3.57357357357357	-2.01141141141141
			3.57357357357357	-2.02162162162162
			3.58378378378378	-2.03183183183183
			3.58378378378378	-2.04204204204204
			3.58378378378378	-2.05225225225225
			3.59399399399399	-2.05225225225225
			3.59399399399399	-2.06246246246246
			3.59399399399399	-2.07267267267267
			3.59399399399399	-2.08288288288288
			3.6042042042042	-2.09309309309309
			3.6042042042042	-2.1033033033033
			3.6042042042042	-2.11351351351351
			3.6042042042042	-2.12372372372372
			3.6042042042042	-2.13393393393393
			3.61441441441441	-2.14414414414414
			3.61441441441441	-2.15435435435435
			3.61441441441441	-2.16456456456456
			3.61441441441441	-2.17477477477477
			3.61441441441441	-2.18498498498498
			3.61441441441441	-2.1951951951952
			3.61441441441441	-2.20540540540541
			3.61441441441441	-2.21561561561562
			3.61441441441441	-2.22582582582583
			3.61441441441441	-2.23603603603604
			3.61441441441441	-2.24624624624625
			3.61441441441441	-2.25645645645646
			3.61441441441441	-2.26666666666667
			3.61441441441441	-2.27687687687688
			3.6042042042042	-2.28708708708709
			3.6042042042042	-2.2972972972973
			3.6042042042042	-2.30750750750751
			3.6042042042042	-2.31771771771772
			3.6042042042042	-2.32792792792793
			3.59399399399399	-2.33813813813814
			3.59399399399399	-2.34834834834835
			3.59399399399399	-2.35855855855856
			3.59399399399399	-2.36876876876877
			3.58378378378378	-2.37897897897898
			3.58378378378378	-2.38918918918919
			3.57357357357357	-2.3993993993994
			3.57357357357357	-2.40960960960961
			3.57357357357357	-2.41981981981982
			3.57357357357357	-2.43003003003003
			3.56336336336336	-2.44024024024024
			3.56336336336336	-2.45045045045045
			3.55315315315315	-2.46066066066066
			3.55315315315315	-2.47087087087087
			3.54294294294294	-2.48108108108108
			3.54294294294294	-2.49129129129129
			3.53273273273273	-2.5015015015015
			3.53273273273273	-2.51171171171171
			3.52252252252252	-2.52192192192192
			3.52252252252252	-2.53213213213213
			3.51231231231231	-2.54234234234234
			3.5021021021021	-2.55255255255255
			3.5021021021021	-2.56276276276276
			3.49189189189189	-2.57297297297297
			3.48168168168168	-2.58318318318318
			3.48168168168168	-2.59339339339339
			3.47147147147147	-2.6036036036036
			3.46126126126126	-2.61381381381381
			3.46126126126126	-2.62402402402402
			3.45105105105105	-2.63423423423423
			3.44084084084084	-2.64444444444444
			3.43063063063063	-2.65465465465465
			3.43063063063063	-2.66486486486486
			3.42042042042042	-2.67507507507507
			3.42042042042042	-2.68528528528529
			3.41021021021021	-2.68528528528529
			3.41021021021021	-2.6954954954955
			3.4	-2.70570570570571
			3.38978978978979	-2.71591591591592
			3.37957957957958	-2.72612612612613
			3.36936936936937	-2.72612612612613
			3.36936936936937	-2.73633633633634
			3.35915915915916	-2.73633633633634
			3.34894894894895	-2.74654654654655
			3.33873873873874	-2.74654654654655
			3.32852852852853	-2.75675675675676
			3.31831831831832	-2.76696696696697
			3.30810810810811	-2.77717717717718
			3.2978978978979	-2.78738738738739
			3.2978978978979	-2.7975975975976
			3.28768768768769	-2.80780780780781
			3.27747747747748	-2.81801801801802
			3.27747747747748	-2.82822822822823
			3.26726726726727	-2.83843843843844
			3.26726726726727	-2.84864864864865
			3.25705705705706	-2.85885885885886
			3.25705705705706	-2.86906906906907
			3.25705705705706	-2.87927927927928
			3.25705705705706	-2.88948948948949
			3.24684684684685	-2.8996996996997
			3.24684684684685	-2.90990990990991
			3.24684684684685	-2.92012012012012
			3.24684684684685	-2.93033033033033
			3.24684684684685	-2.94054054054054
			3.24684684684685	-2.95075075075075
			3.24684684684685	-2.96096096096096
			3.24684684684685	-2.97117117117117
			3.24684684684685	-2.98138138138138
			3.24684684684685	-2.99159159159159
			3.25705705705706	-3.0018018018018
			3.25705705705706	-3.01201201201201
			3.25705705705706	-3.02222222222222
			3.25705705705706	-3.03243243243243
			3.25705705705706	-3.04264264264264
			3.26726726726727	-3.05285285285285
			3.26726726726727	-3.06306306306306
			3.26726726726727	-3.07327327327327
			3.27747747747748	-3.08348348348348
			3.27747747747748	-3.09369369369369
			3.27747747747748	-3.1039039039039
			3.28768768768769	-3.11411411411411
			3.28768768768769	-3.12432432432432
			3.28768768768769	-3.13453453453453
			3.2978978978979	-3.14474474474474
			3.2978978978979	-3.15495495495495
			3.2978978978979	-3.16516516516517
			3.30810810810811	-3.17537537537538
			3.31831831831832	-3.18558558558559
			3.31831831831832	-3.1957957957958
			3.32852852852853	-3.20600600600601
			3.32852852852853	-3.21621621621622
			3.32852852852853	-3.22642642642643
			3.31831831831832	-3.23663663663664
			3.31831831831832	-3.24684684684685
			3.31831831831832	-3.25705705705706
			3.31831831831832	-3.26726726726727
			3.30810810810811	-3.26726726726727
			3.30810810810811	-3.27747747747748
			3.30810810810811	-3.28768768768769
			3.2978978978979	-3.2978978978979
			3.2978978978979	-3.30810810810811
			3.28768768768769	-3.31831831831832
			3.28768768768769	-3.32852852852853
			3.27747747747748	-3.33873873873874
			3.27747747747748	-3.34894894894895
			3.26726726726727	-3.35915915915916
			3.25705705705706	-3.36936936936937
		</glabella>
		<suture type=matrix rownames=FALSE colnames=FALSE nrow=512 ncol=2 as.numeric=TRUE >
			2.27687687687688	-0.449249249249249
			2.28708708708709	-0.449249249249249
			2.2972972972973	-0.449249249249249
			2.30750750750751	-0.459459459459459
			2.31771771771772	-0.459459459459459
			2.32792792792793	-0.459459459459459
			2.33813813813814	-0.459459459459459
			2.34834834834835	-0.459459459459459
			2.35855855855856	-0.459459459459459
			2.36876876876877	-0.46966966966967
			2.37897897897898	-0.46966966966967
			2.38918918918919	-0.46966966966967
			2.3993993993994	-0.46966966966967
			2.40960960960961	-0.46966966966967
			2.41981981981982	-0.47987987987988
			2.43003003003003	-0.47987987987988
			2.44024024024024	-0.47987987987988
			2.45045045045045	-0.47987987987988
			2.46066066066066	-0.49009009009009
			2.47087087087087	-0.49009009009009
			2.48108108108108	-0.49009009009009
			2.49129129129129	-0.49009009009009
			2.5015015015015	-0.49009009009009
			2.51171171171171	-0.5003003003003
			2.52192192192192	-0.5003003003003
			2.53213213213213	-0.5003003003003
			2.54234234234234	-0.5003003003003
			2.55255255255255	-0.51051051051051
			2.56276276276276	-0.51051051051051
			2.57297297297297	-0.51051051051051
			2.58318318318318	-0.520720720720721
			2.59339339339339	-0.520720720720721
			2.6036036036036	-0.520720720720721
			2.61381381381381	-0.530930930930931
			2.62402402402402	-0.530930930930931
			2.63423423423423	-0.530930930930931
			2.64444444444444	-0.541141141141141
			2.65465465465465	-0.541141141141141
			2.66486486486486	-0.541141141141141
			2.67507507507507	-0.541141141141141
			2.68528528528529	-0.551351351351351
			2.6954954954955	-0.551351351351351
			2.70570570570571	-0.561561561561562
			2.71591591591592	-0.561561561561562
			2.72612612612613	-0.561561561561562
			2.73633633633634	-0.571771771771772
			2.74654654654655	-0.571771771771772
			2.75675675675676	-0.571771771771772
			2.76696696696697	-0.581981981981982
			2.77717717717718	-0.581981981981982
			2.78738738738739	-0.581981981981982
			2.78738738738739	-0.592192192192192
			2.7975975975976	-0.592192192192192
			2.80780780780781	-0.592192192192192
			2.81801801801802	-0.602402402402402
			2.82822822822823	-0.602402402402402
			2.83843843843844	-0.612612612612613
			2.84864864864865	-0.612612612612613
			2.85885885885886	-0.612612612612613
			2.86906906906907	-0.622822822822823
			2.87927927927928	-0.622822822822823
			2.88948948948949	-0.633033033033033
			2.8996996996997	-0.633033033033033
			2.90990990990991	-0.643243243243243
			2.92012012012012	-0.643243243243243
			2.93033033033033	-0.653453453453453
			2.94054054054054	-0.653453453453453
			2.95075075075075	-0.663663663663664
			2.96096096096096	-0.663663663663664
			2.97117117117117	-0.673873873873874
			2.98138138138138	-0.673873873873874
			2.99159159159159	-0.684084084084084
			3.0018018018018	-0.684084084084084
			3.01201201201201	-0.694294294294294
			3.02222222222222	-0.694294294294294
			3.03243243243243	-0.704504504504504
			3.04264264264264	-0.704504504504504
			3.05285285285285	-0.714714714714715
			3.06306306306306	-0.724924924924925
			3.07327327327327	-0.724924924924925
			3.08348348348348	-0.735135135135135
			3.09369369369369	-0.745345345345345
			3.1039039039039	-0.745345345345345
			3.11411411411411	-0.755555555555556
			3.12432432432432	-0.755555555555556
			3.13453453453453	-0.765765765765766
			3.14474474474474	-0.775975975975976
			3.15495495495495	-0.775975975975976
			3.16516516516517	-0.786186186186186
			3.17537537537538	-0.796396396396396
			3.18558558558559	-0.796396396396396
			3.1957957957958	-0.806606606606607
			3.20600600600601	-0.816816816816817
			3.21621621621622	-0.816816816816817
			3.22642642642643	-0.827027027027027
			3.23663663663664	-0.837237237237237
			3.24684684684685	-0.837237237237237
			3.25705705705706	-0.847447447447447
			3.26726726726727	-0.857657657657658
			3.27747747747748	-0.867867867867868
			3.28768768768769	-0.867867867867868
			3.2978978978979	-0.878078078078078
			3.30810810810811	-0.888288288288288
			3.31831831831832	-0.898498498498498
			3.32852852852853	-0.908708708708709
			3.33873873873874	-0.918918918918919
			3.34894894894895	-0.918918918918919
			3.34894894894895	-0.929129129129129
			3.35915915915916	-0.929129129129129
			3.36936936936937	-0.939339339339339
			3.37957957957958	-0.94954954954955
			3.38978978978979	-0.95975975975976
			3.4	-0.96996996996997
			3.41021021021021	-0.98018018018018
			3.42042042042042	-0.99039039039039
			3.43063063063063	-0.99039039039039
			3.43063063063063	-1.0006006006006
			3.44084084084084	-1.01081081081081
			3.45105105105105	-1.01081081081081
			3.46126126126126	-1.02102102102102
			3.46126126126126	-1.03123123123123
			3.47147147147147	-1.04144144144144
			3.48168168168168	-1.04144144144144
			3.48168168168168	-1.05165165165165
			3.49189189189189	-1.06186186186186
			3.5021021021021	-1.07207207207207
			3.51231231231231	-1.07207207207207
			3.51231231231231	-1.08228228228228
			3.52252252252252	-1.09249249249249
			3.53273273273273	-1.1027027027027
			3.54294294294294	-1.11291291291291
			3.55315315315315	-1.12312312312312
			3.56336336336336	-1.13333333333333
			3.56336336336336	-1.14354354354354
			3.57357357357357	-1.15375375375375
			3.58378378378378	-1.16396396396396
			3.59399399399399	-1.17417417417417
			3.6042042042042	-1.18438438438438
			3.6042042042042	-1.19459459459459
			3.61441441441441	-1.2048048048048
			3.62462462462462	-1.21501501501501
			3.63483483483483	-1.22522522522523
			3.63483483483483	-1.23543543543544
			3.64504504504504	-1.24564564564565
			3.65525525525526	-1.25585585585586
			3.66546546546547	-1.26606606606607
			3.66546546546547	-1.27627627627628
			3.67567567567568	-1.28648648648649
			3.68588588588589	-1.2966966966967
			3.6960960960961	-1.30690690690691
			3.6960960960961	-1.31711711711712
			3.70630630630631	-1.32732732732733
			3.71651651651652	-1.33753753753754
			3.72672672672673	-1.34774774774775
			3.72672672672673	-1.35795795795796
			3.73693693693694	-1.36816816816817
			3.74714714714715	-1.37837837837838
			3.74714714714715	-1.38858858858859
			3.74714714714715	-1.3987987987988
			3.75735735735736	-1.3987987987988
			3.75735735735736	-1.40900900900901
			3.76756756756757	-1.41921921921922
			3.76756756756757	-1.42942942942943
			3.77777777777778	-1.43963963963964
			3.77777777777778	-1.44984984984985
			3.77777777777778	-1.46006006006006
			3.76756756756757	-1.46006006006006
			3.76756756756757	-1.47027027027027
			3.76756756756757	-1.48048048048048
			3.76756756756757	-1.49069069069069
			3.76756756756757	-1.5009009009009
			3.76756756756757	-1.51111111111111
			3.75735735735736	-1.52132132132132
			3.75735735735736	-1.53153153153153
			3.75735735735736	-1.54174174174174
			3.75735735735736	-1.55195195195195
			3.74714714714715	-1.56216216216216
			3.74714714714715	-1.57237237237237
			3.74714714714715	-1.58258258258258
			3.74714714714715	-1.59279279279279
			3.74714714714715	-1.603003003003
			3.73693693693694	-1.61321321321321
			3.73693693693694	-1.62342342342342
			3.73693693693694	-1.63363363363363
			3.73693693693694	-1.64384384384384
			3.72672672672673	-1.65405405405405
			3.72672672672673	-1.66426426426426
			3.72672672672673	-1.67447447447447
			3.72672672672673	-1.68468468468468
			3.72672672672673	-1.69489489489489
			3.72672672672673	-1.7051051051051
			3.71651651651652	-1.71531531531532
			3.71651651651652	-1.72552552552553
			3.71651651651652	-1.73573573573574
			3.71651651651652	-1.74594594594595
			3.70630630630631	-1.75615615615616
			3.70630630630631	-1.76636636636637
			3.70630630630631	-1.77657657657658
			3.70630630630631	-1.78678678678679
			3.70630630630631	-1.796996996997
			3.6960960960961	-1.80720720720721
			3.6960960960961	-1.81741741741742
			3.6960960960961	-1.82762762762763
			3.70630630630631	-1.82762762762763
			3.71651651651652	-1.82762762762763
			3.72672672672673	-1.83783783783784
			3.73693693693694	-1.83783783783784
			3.74714714714715	-1.83783783783784
			3.75735735735736	-1.83783783783784
			3.76756756756757	-1.84804804804805
			3.77777777777778	-1.84804804804805
			3.78798798798799	-1.85825825825826
			3.7981981981982	-1.85825825825826
			3.80840840840841	-1.85825825825826
			3.81861861861862	-1.86846846846847
			3.82882882882883	-1.86846846846847
			3.83903903903904	-1.87867867867868
			3.84924924924925	-1.87867867867868
			3.85945945945946	-1.88888888888889
			3.86966966966967	-1.88888888888889
			3.86966966966967	-1.8990990990991
			3.87987987987988	-1.8990990990991
			3.89009009009009	-1.90930930930931
			3.9003003003003	-1.90930930930931
			3.91051051051051	-1.91951951951952
			3.92072072072072	-1.91951951951952
			3.93093093093093	-1.92972972972973
			3.93093093093093	-1.93993993993994
			3.94114114114114	-1.93993993993994
			3.95135135135135	-1.95015015015015
			3.96156156156156	-1.95015015015015
			3.97177177177177	-1.96036036036036
			3.98198198198198	-1.97057057057057
			3.99219219219219	-1.98078078078078
			4.0024024024024	-1.98078078078078
			4.01261261261261	-1.99099099099099
			4.01261261261261	-2.0012012012012
			4.02282282282282	-2.01141141141141
			4.03303303303303	-2.01141141141141
			4.04324324324324	-2.02162162162162
			4.05345345345345	-2.03183183183183
			4.06366366366366	-2.04204204204204
			4.07387387387387	-2.05225225225225
			4.08408408408408	-2.06246246246246
			4.09429429429429	-2.07267267267267
			4.1045045045045	-2.08288288288288
			4.11471471471471	-2.08288288288288
			4.12492492492492	-2.09309309309309
			4.13513513513514	-2.1033033033033
			4.14534534534535	-2.11351351351351
			4.15555555555556	-2.12372372372372
			4.16576576576577	-2.13393393393393
			4.16576576576577	-2.14414414414414
			4.17597597597598	-2.15435435435435
			4.18618618618619	-2.15435435435435
			4.18618618618619	-2.16456456456456
			4.1963963963964	-2.17477477477477
			4.20660660660661	-2.18498498498498
			4.21681681681682	-2.1951951951952
			4.22702702702703	-2.20540540540541
			4.23723723723724	-2.21561561561562
			4.23723723723724	-2.22582582582583
			4.24744744744745	-2.23603603603604
			4.25765765765766	-2.24624624624625
			4.26786786786787	-2.24624624624625
			4.26786786786787	-2.25645645645646
			4.27807807807808	-2.26666666666667
			4.27807807807808	-2.27687687687688
			4.28828828828829	-2.28708708708709
			4.28828828828829	-2.2972972972973
			4.2984984984985	-2.30750750750751
			4.2984984984985	-2.31771771771772
			4.2984984984985	-2.32792792792793
			4.2984984984985	-2.33813813813814
			4.30870870870871	-2.33813813813814
			4.30870870870871	-2.34834834834835
			4.30870870870871	-2.35855855855856
			4.30870870870871	-2.36876876876877
			4.30870870870871	-2.37897897897898
			4.31891891891892	-2.38918918918919
			4.31891891891892	-2.3993993993994
			4.31891891891892	-2.40960960960961
			4.31891891891892	-2.41981981981982
			4.31891891891892	-2.43003003003003
			4.31891891891892	-2.44024024024024
			4.31891891891892	-2.45045045045045
			4.31891891891892	-2.46066066066066
			4.31891891891892	-2.47087087087087
			4.31891891891892	-2.48108108108108
			4.31891891891892	-2.49129129129129
			4.31891891891892	-2.5015015015015
			4.31891891891892	-2.51171171171171
			4.31891891891892	-2.52192192192192
			4.31891891891892	-2.53213213213213
			4.31891891891892	-2.54234234234234
			4.31891891891892	-2.55255255255255
			4.30870870870871	-2.56276276276276
			4.30870870870871	-2.57297297297297
			4.30870870870871	-2.58318318318318
			4.2984984984985	-2.59339339339339
			4.2984984984985	-2.6036036036036
			4.2984984984985	-2.61381381381381
			4.28828828828829	-2.62402402402402
			4.28828828828829	-2.63423423423423
			4.27807807807808	-2.64444444444444
			4.27807807807808	-2.65465465465465
			4.26786786786787	-2.66486486486486
			4.26786786786787	-2.67507507507507
			4.25765765765766	-2.67507507507507
			4.25765765765766	-2.68528528528529
			4.25765765765766	-2.6954954954955
			4.24744744744745	-2.70570570570571
			4.23723723723724	-2.71591591591592
			4.22702702702703	-2.72612612612613
			4.21681681681682	-2.73633633633634
			4.21681681681682	-2.74654654654655
			4.20660660660661	-2.75675675675676
			4.1963963963964	-2.76696696696697
			4.18618618618619	-2.77717717717718
			4.17597597597598	-2.78738738738739
			4.16576576576577	-2.7975975975976
			4.15555555555556	-2.80780780780781
			4.14534534534535	-2.81801801801802
			4.13513513513514	-2.81801801801802
			4.13513513513514	-2.82822822822823
			4.12492492492492	-2.83843843843844
			4.11471471471471	-2.83843843843844
			4.1045045045045	-2.84864864864865
			4.09429429429429	-2.84864864864865
			4.08408408408408	-2.84864864864865
			4.07387387387387	-2.84864864864865
			4.06366366366366	-2.84864864864865
			4.05345345345345	-2.84864864864865
			4.04324324324324	-2.84864864864865
			4.03303303303303	-2.84864864864865
			4.02282282282282	-2.84864864864865
			4.01261261261261	-2.84864864864865
			4.0024024024024	-2.84864864864865
			3.99219219219219	-2.83843843843844
			3.98198198198198	-2.83843843843844
			3.97177177177177	-2.83843843843844
			3.96156156156156	-2.83843843843844
			3.95135135135135	-2.83843843843844
			3.94114114114114	-2.83843843843844
			3.93093093093093	-2.83843843843844
			3.92072072072072	-2.83843843843844
			3.91051051051051	-2.83843843843844
			3.9003003003003	-2.83843843843844
			3.89009009009009	-2.83843843843844
			3.87987987987988	-2.83843843843844
			3.86966966966967	-2.83843843843844
			3.85945945945946	-2.83843843843844
			3.84924924924925	-2.83843843843844
			3.83903903903904	-2.83843843843844
			3.82882882882883	-2.83843843843844
			3.81861861861862	-2.83843843843844
			3.80840840840841	-2.83843843843844
			3.7981981981982	-2.83843843843844
			3.78798798798799	-2.83843843843844
			3.77777777777778	-2.83843843843844
			3.76756756756757	-2.83843843843844
			3.75735735735736	-2.83843843843844
			3.74714714714715	-2.83843843843844
			3.73693693693694	-2.83843843843844
			3.72672672672673	-2.83843843843844
			3.71651651651652	-2.83843843843844
			3.70630630630631	-2.83843843843844
			3.6960960960961	-2.83843843843844
			3.68588588588589	-2.83843843843844
			3.67567567567568	-2.84864864864865
			3.66546546546547	-2.85885885885886
			3.66546546546547	-2.86906906906907
			3.65525525525526	-2.87927927927928
			3.65525525525526	-2.88948948948949
			3.65525525525526	-2.8996996996997
			3.65525525525526	-2.90990990990991
			3.65525525525526	-2.92012012012012
			3.65525525525526	-2.93033033033033
			3.66546546546547	-2.94054054054054
			3.67567567567568	-2.95075075075075
			3.68588588588589	-2.96096096096096
			3.6960960960961	-2.97117117117117
			3.70630630630631	-2.98138138138138
			3.71651651651652	-2.99159159159159
			3.72672672672673	-2.99159159159159
			3.73693693693694	-3.0018018018018
			3.74714714714715	-3.0018018018018
			3.75735735735736	-3.01201201201201
			3.76756756756757	-3.01201201201201
			3.77777777777778	-3.01201201201201
			3.78798798798799	-3.02222222222222
			3.7981981981982	-3.02222222222222
			3.80840840840841	-3.03243243243243
			3.81861861861862	-3.03243243243243
			3.82882882882883	-3.03243243243243
			3.83903903903904	-3.04264264264264
			3.84924924924925	-3.04264264264264
			3.85945945945946	-3.04264264264264
			3.86966966966967	-3.04264264264264
			3.87987987987988	-3.05285285285285
			3.89009009009009	-3.05285285285285
			3.9003003003003	-3.05285285285285
			3.91051051051051	-3.05285285285285
			3.92072072072072	-3.05285285285285
			3.93093093093093	-3.06306306306306
			3.94114114114114	-3.06306306306306
			3.95135135135135	-3.06306306306306
			3.96156156156156	-3.06306306306306
			3.97177177177177	-3.06306306306306
			3.98198198198198	-3.06306306306306
			3.99219219219219	-3.06306306306306
			4.0024024024024	-3.06306306306306
			4.01261261261261	-3.06306306306306
			4.02282282282282	-3.06306306306306
			4.03303303303303	-3.06306306306306
			4.04324324324324	-3.06306306306306
			4.05345345345345	-3.06306306306306
			4.06366366366366	-3.06306306306306
			4.07387387387387	-3.05285285285285
			4.08408408408408	-3.05285285285285
			4.09429429429429	-3.05285285285285
			4.1045045045045	-3.05285285285285
			4.11471471471471	-3.05285285285285
			4.12492492492492	-3.05285285285285
			4.13513513513514	-3.05285285285285
			4.13513513513514	-3.04264264264264
			4.14534534534535	-3.04264264264264
			4.15555555555556	-3.04264264264264
			4.16576576576577	-3.04264264264264
			4.17597597597598	-3.04264264264264
			4.18618618618619	-3.03243243243243
			4.1963963963964	-3.03243243243243
			4.20660660660661	-3.03243243243243
			4.21681681681682	-3.02222222222222
			4.22702702702703	-3.02222222222222
			4.23723723723724	-3.02222222222222
			4.24744744744745	-3.01201201201201
			4.25765765765766	-3.01201201201201
			4.26786786786787	-3.0018018018018
			4.27807807807808	-3.0018018018018
			4.28828828828829	-3.0018018018018
			4.2984984984985	-2.99159159159159
			4.30870870870871	-2.99159159159159
			4.31891891891892	-2.98138138138138
			4.32912912912913	-2.98138138138138
			4.33933933933934	-2.97117117117117
			4.34954954954955	-2.97117117117117
			4.35975975975976	-2.96096096096096
			4.36996996996997	-2.96096096096096
			4.38018018018018	-2.95075075075075
			4.39039039039039	-2.95075075075075
			4.39039039039039	-2.94054054054054
			4.4006006006006	-2.94054054054054
			4.41081081081081	-2.93033033033033
			4.42102102102102	-2.92012012012012
			4.43123123123123	-2.92012012012012
			4.44144144144144	-2.90990990990991
			4.45165165165165	-2.8996996996997
			4.46186186186186	-2.8996996996997
			4.46186186186186	-2.88948948948949
			4.47207207207207	-2.87927927927928
			4.48228228228228	-2.87927927927928
			4.49249249249249	-2.86906906906907
			4.5027027027027	-2.85885885885886
			4.51291291291291	-2.84864864864865
			4.52312312312312	-2.83843843843844
			4.53333333333333	-2.82822822822823
			4.54354354354354	-2.81801801801802
			4.54354354354354	-2.80780780780781
			4.55375375375375	-2.7975975975976
			4.55375375375375	-2.78738738738739
			4.55375375375375	-2.77717717717718
			4.55375375375375	-2.76696696696697
			4.56396396396396	-2.75675675675676
			4.56396396396396	-2.74654654654655
			4.57417417417417	-2.73633633633634
			4.57417417417417	-2.72612612612613
			4.58438438438438	-2.71591591591592
			4.59459459459459	-2.70570570570571
			4.59459459459459	-2.6954954954955
			4.6048048048048	-2.68528528528529
			4.61501501501501	-2.67507507507507
			4.62522522522522	-2.66486486486486
			4.63543543543544	-2.66486486486486
			4.64564564564565	-2.65465465465465
			4.65585585585586	-2.65465465465465
			4.66606606606607	-2.64444444444444
			4.67627627627628	-2.64444444444444
			4.68648648648649	-2.64444444444444
			4.6966966966967	-2.64444444444444
			4.70690690690691	-2.63423423423423
			4.71711711711712	-2.63423423423423
			4.72732732732733	-2.64444444444444
			4.73753753753754	-2.64444444444444
			4.74774774774775	-2.64444444444444
			4.75795795795796	-2.64444444444444
			4.76816816816817	-2.64444444444444
			4.77837837837838	-2.64444444444444
			4.78858858858859	-2.65465465465465
			4.7987987987988	-2.65465465465465
			4.80900900900901	-2.65465465465465
			4.81921921921922	-2.66486486486486
			4.82942942942943	-2.66486486486486
			4.83963963963964	-2.67507507507507
			4.84984984984985	-2.67507507507507
			4.86006006006006	-2.68528528528529
			4.87027027027027	-2.68528528528529
			4.88048048048048	-2.6954954954955
			4.89069069069069	-2.6954954954955
			4.9009009009009	-2.70570570570571
			4.91111111111111	-2.71591591591592
			4.92132132132132	-2.71591591591592
		</suture>
		<anterior type=matrix rownames=FALSE colnames=FALSE nrow=410 ncol=2 as.numeric=TRUE >
			2.26666666666667	-0.336936936936937
			2.27687687687688	-0.336936936936937
			2.28708708708709	-0.336936936936937
			2.2972972972973	-0.336936936936937
			2.30750750750751	-0.336936936936937
			2.31771771771772	-0.336936936936937
			2.32792792792793	-0.336936936936937
			2.33813813813814	-0.347147147147147
			2.34834834834835	-0.347147147147147
			2.35855855855856	-0.347147147147147
			2.36876876876877	-0.347147147147147
			2.37897897897898	-0.347147147147147
			2.38918918918919	-0.347147147147147
			2.3993993993994	-0.347147147147147
			2.40960960960961	-0.347147147147147
			2.41981981981982	-0.357357357357357
			2.43003003003003	-0.357357357357357
			2.44024024024024	-0.357357357357357
			2.45045045045045	-0.357357357357357
			2.46066066066066	-0.357357357357357
			2.47087087087087	-0.357357357357357
			2.48108108108108	-0.357357357357357
			2.49129129129129	-0.367567567567568
			2.5015015015015	-0.367567567567568
			2.51171171171171	-0.367567567567568
			2.52192192192192	-0.367567567567568
			2.53213213213213	-0.367567567567568
			2.54234234234234	-0.367567567567568
			2.55255255255255	-0.377777777777778
			2.56276276276276	-0.377777777777778
			2.57297297297297	-0.377777777777778
			2.58318318318318	-0.377777777777778
			2.59339339339339	-0.377777777777778
			2.6036036036036	-0.387987987987988
			2.61381381381381	-0.387987987987988
			2.62402402402402	-0.387987987987988
			2.63423423423423	-0.387987987987988
			2.64444444444444	-0.398198198198198
			2.65465465465465	-0.398198198198198
			2.66486486486486	-0.398198198198198
			2.67507507507507	-0.398198198198198
			2.68528528528529	-0.398198198198198
			2.6954954954955	-0.408408408408408
			2.70570570570571	-0.408408408408408
			2.71591591591592	-0.408408408408408
			2.72612612612613	-0.408408408408408
			2.73633633633634	-0.418618618618619
			2.74654654654655	-0.418618618618619
			2.75675675675676	-0.418618618618619
			2.76696696696697	-0.428828828828829
			2.77717717717718	-0.428828828828829
			2.78738738738739	-0.428828828828829
			2.7975975975976	-0.439039039039039
			2.80780780780781	-0.439039039039039
			2.81801801801802	-0.439039039039039
			2.82822822822823	-0.439039039039039
			2.83843843843844	-0.449249249249249
			2.84864864864865	-0.449249249249249
			2.85885885885886	-0.459459459459459
			2.86906906906907	-0.459459459459459
			2.87927927927928	-0.459459459459459
			2.88948948948949	-0.46966966966967
			2.8996996996997	-0.46966966966967
			2.90990990990991	-0.46966966966967
			2.92012012012012	-0.47987987987988
			2.93033033033033	-0.47987987987988
			2.94054054054054	-0.47987987987988
			2.95075075075075	-0.49009009009009
			2.96096096096096	-0.49009009009009
			2.97117117117117	-0.49009009009009
			2.98138138138138	-0.5003003003003
			2.99159159159159	-0.5003003003003
			3.0018018018018	-0.51051051051051
			3.01201201201201	-0.51051051051051
			3.02222222222222	-0.51051051051051
			3.03243243243243	-0.520720720720721
			3.04264264264264	-0.520720720720721
			3.05285285285285	-0.530930930930931
			3.06306306306306	-0.530930930930931
			3.07327327327327	-0.530930930930931
			3.08348348348348	-0.541141141141141
			3.09369369369369	-0.541141141141141
			3.1039039039039	-0.551351351351351
			3.11411411411411	-0.551351351351351
			3.12432432432432	-0.561561561561562
			3.13453453453453	-0.561561561561562
			3.14474474474474	-0.561561561561562
			3.15495495495495	-0.571771771771772
			3.16516516516517	-0.571771771771772
			3.17537537537538	-0.581981981981982
			3.18558558558559	-0.581981981981982
			3.1957957957958	-0.592192192192192
			3.20600600600601	-0.592192192192192
			3.21621621621622	-0.592192192192192
			3.21621621621622	-0.602402402402402
			3.22642642642643	-0.602402402402402
			3.23663663663664	-0.602402402402402
			3.23663663663664	-0.612612612612613
			3.24684684684685	-0.612612612612613
			3.25705705705706	-0.612612612612613
			3.26726726726727	-0.622822822822823
			3.27747747747748	-0.633033033033033
			3.28768768768769	-0.633033033033033
			3.2978978978979	-0.633033033033033
			3.30810810810811	-0.643243243243243
			3.31831831831832	-0.653453453453453
			3.32852852852853	-0.653453453453453
			3.33873873873874	-0.663663663663664
			3.34894894894895	-0.663663663663664
			3.35915915915916	-0.673873873873874
			3.36936936936937	-0.673873873873874
			3.37957957957958	-0.684084084084084
			3.38978978978979	-0.684084084084084
			3.4	-0.694294294294294
			3.41021021021021	-0.704504504504504
			3.42042042042042	-0.704504504504504
			3.43063063063063	-0.714714714714715
			3.44084084084084	-0.714714714714715
			3.45105105105105	-0.724924924924925
			3.46126126126126	-0.735135135135135
			3.47147147147147	-0.735135135135135
			3.48168168168168	-0.735135135135135
			3.48168168168168	-0.745345345345345
			3.49189189189189	-0.745345345345345
			3.5021021021021	-0.745345345345345
			3.5021021021021	-0.755555555555556
			3.51231231231231	-0.755555555555556
			3.52252252252252	-0.765765765765766
			3.53273273273273	-0.765765765765766
			3.54294294294294	-0.775975975975976
			3.55315315315315	-0.786186186186186
			3.56336336336336	-0.786186186186186
			3.57357357357357	-0.796396396396396
			3.58378378378378	-0.796396396396396
			3.58378378378378	-0.806606606606607
			3.59399399399399	-0.806606606606607
			3.6042042042042	-0.816816816816817
			3.61441441441441	-0.816816816816817
			3.61441441441441	-0.827027027027027
			3.62462462462462	-0.827027027027027
			3.63483483483483	-0.837237237237237
			3.64504504504504	-0.837237237237237
			3.64504504504504	-0.847447447447447
			3.65525525525526	-0.847447447447447
			3.66546546546547	-0.857657657657658
			3.67567567567568	-0.857657657657658
			3.67567567567568	-0.867867867867868
			3.68588588588589	-0.867867867867868
			3.6960960960961	-0.878078078078078
			3.70630630630631	-0.878078078078078
			3.70630630630631	-0.888288288288288
			3.71651651651652	-0.888288288288288
			3.72672672672673	-0.898498498498498
			3.73693693693694	-0.898498498498498
			3.73693693693694	-0.908708708708709
			3.74714714714715	-0.908708708708709
			3.75735735735736	-0.918918918918919
			3.76756756756757	-0.929129129129129
			3.77777777777778	-0.939339339339339
			3.78798798798799	-0.939339339339339
			3.7981981981982	-0.94954954954955
			3.80840840840841	-0.95975975975976
			3.81861861861862	-0.95975975975976
			3.82882882882883	-0.96996996996997
			3.83903903903904	-0.98018018018018
			3.84924924924925	-0.99039039039039
			3.85945945945946	-1.0006006006006
			3.86966966966967	-1.01081081081081
			3.87987987987988	-1.01081081081081
			3.89009009009009	-1.02102102102102
			3.9003003003003	-1.03123123123123
			3.91051051051051	-1.04144144144144
			3.92072072072072	-1.04144144144144
			3.93093093093093	-1.05165165165165
			3.94114114114114	-1.05165165165165
			3.95135135135135	-1.06186186186186
			3.95135135135135	-1.07207207207207
			3.96156156156156	-1.07207207207207
			3.97177177177177	-1.08228228228228
			3.98198198198198	-1.09249249249249
			3.99219219219219	-1.1027027027027
			4.0024024024024	-1.11291291291291
			4.01261261261261	-1.11291291291291
			4.02282282282282	-1.12312312312312
			4.03303303303303	-1.13333333333333
			4.04324324324324	-1.14354354354354
			4.05345345345345	-1.15375375375375
			4.06366366366366	-1.15375375375375
			4.07387387387387	-1.16396396396396
			4.08408408408408	-1.17417417417417
			4.09429429429429	-1.18438438438438
			4.1045045045045	-1.19459459459459
			4.11471471471471	-1.2048048048048
			4.12492492492492	-1.2048048048048
			4.12492492492492	-1.21501501501501
			4.13513513513514	-1.22522522522523
			4.14534534534535	-1.22522522522523
			4.14534534534535	-1.23543543543544
			4.15555555555556	-1.23543543543544
			4.16576576576577	-1.24564564564565
			4.16576576576577	-1.25585585585586
			4.17597597597598	-1.25585585585586
			4.18618618618619	-1.26606606606607
			4.1963963963964	-1.26606606606607
			4.1963963963964	-1.27627627627628
			4.20660660660661	-1.28648648648649
			4.21681681681682	-1.28648648648649
			4.21681681681682	-1.2966966966967
			4.22702702702703	-1.30690690690691
			4.23723723723724	-1.30690690690691
			4.23723723723724	-1.31711711711712
			4.24744744744745	-1.31711711711712
			4.25765765765766	-1.32732732732733
			4.25765765765766	-1.33753753753754
			4.26786786786787	-1.33753753753754
			4.27807807807808	-1.34774774774775
			4.27807807807808	-1.35795795795796
			4.28828828828829	-1.35795795795796
			4.2984984984985	-1.36816816816817
			4.30870870870871	-1.37837837837838
			4.31891891891892	-1.38858858858859
			4.32912912912913	-1.3987987987988
			4.33933933933934	-1.40900900900901
			4.34954954954955	-1.41921921921922
			4.35975975975976	-1.42942942942943
			4.36996996996997	-1.43963963963964
			4.36996996996997	-1.44984984984985
			4.38018018018018	-1.46006006006006
			4.39039039039039	-1.47027027027027
			4.4006006006006	-1.48048048048048
			4.41081081081081	-1.49069069069069
			4.41081081081081	-1.5009009009009
			4.42102102102102	-1.51111111111111
			4.43123123123123	-1.52132132132132
			4.44144144144144	-1.53153153153153
			4.44144144144144	-1.54174174174174
			4.45165165165165	-1.55195195195195
			4.46186186186186	-1.56216216216216
			4.47207207207207	-1.57237237237237
			4.47207207207207	-1.58258258258258
			4.48228228228228	-1.59279279279279
			4.49249249249249	-1.603003003003
			4.49249249249249	-1.61321321321321
			4.5027027027027	-1.62342342342342
			4.51291291291291	-1.63363363363363
			4.52312312312312	-1.64384384384384
			4.52312312312312	-1.65405405405405
			4.53333333333333	-1.66426426426426
			4.54354354354354	-1.67447447447447
			4.54354354354354	-1.68468468468468
			4.55375375375375	-1.69489489489489
			4.56396396396396	-1.7051051051051
			4.56396396396396	-1.71531531531532
			4.57417417417417	-1.72552552552553
			4.57417417417417	-1.73573573573574
			4.58438438438438	-1.74594594594595
			4.58438438438438	-1.75615615615616
			4.59459459459459	-1.76636636636637
			4.6048048048048	-1.77657657657658
			4.6048048048048	-1.78678678678679
			4.6048048048048	-1.796996996997
			4.61501501501501	-1.796996996997
			4.61501501501501	-1.80720720720721
			4.62522522522522	-1.81741741741742
			4.62522522522522	-1.82762762762763
			4.63543543543544	-1.83783783783784
			4.63543543543544	-1.84804804804805
			4.64564564564565	-1.85825825825826
			4.64564564564565	-1.86846846846847
			4.65585585585586	-1.87867867867868
			4.65585585585586	-1.88888888888889
			4.66606606606607	-1.8990990990991
			4.66606606606607	-1.90930930930931
			4.67627627627628	-1.91951951951952
			4.67627627627628	-1.92972972972973
			4.68648648648649	-1.93993993993994
			4.68648648648649	-1.95015015015015
			4.6966966966967	-1.96036036036036
			4.6966966966967	-1.97057057057057
			4.70690690690691	-1.98078078078078
			4.70690690690691	-1.99099099099099
			4.70690690690691	-2.0012012012012
			4.71711711711712	-2.01141141141141
			4.71711711711712	-2.02162162162162
			4.72732732732733	-2.03183183183183
			4.72732732732733	-2.04204204204204
			4.73753753753754	-2.05225225225225
			4.73753753753754	-2.06246246246246
			4.73753753753754	-2.07267267267267
			4.74774774774775	-2.08288288288288
			4.74774774774775	-2.09309309309309
			4.75795795795796	-2.1033033033033
			4.75795795795796	-2.11351351351351
			4.75795795795796	-2.12372372372372
			4.76816816816817	-2.13393393393393
			4.76816816816817	-2.14414414414414
			4.76816816816817	-2.15435435435435
			4.77837837837838	-2.16456456456456
			4.77837837837838	-2.17477477477477
			4.77837837837838	-2.18498498498498
			4.78858858858859	-2.1951951951952
			4.78858858858859	-2.20540540540541
			4.78858858858859	-2.21561561561562
			4.7987987987988	-2.22582582582583
			4.7987987987988	-2.23603603603604
			4.7987987987988	-2.24624624624625
			4.80900900900901	-2.25645645645646
			4.80900900900901	-2.26666666666667
			4.80900900900901	-2.27687687687688
			4.81921921921922	-2.28708708708709
			4.81921921921922	-2.2972972972973
			4.81921921921922	-2.30750750750751
			4.81921921921922	-2.31771771771772
			4.82942942942943	-2.32792792792793
			4.82942942942943	-2.33813813813814
			4.82942942942943	-2.34834834834835
			4.82942942942943	-2.35855855855856
			4.83963963963964	-2.36876876876877
			4.83963963963964	-2.37897897897898
			4.83963963963964	-2.38918918918919
			4.83963963963964	-2.3993993993994
			4.84984984984985	-2.3993993993994
			4.84984984984985	-2.40960960960961
			4.84984984984985	-2.41981981981982
			4.84984984984985	-2.43003003003003
			4.86006006006006	-2.44024024024024
			4.86006006006006	-2.45045045045045
			4.86006006006006	-2.46066066066066
			4.86006006006006	-2.47087087087087
			4.86006006006006	-2.48108108108108
			4.87027027027027	-2.49129129129129
			4.87027027027027	-2.5015015015015
			4.87027027027027	-2.51171171171171
			4.87027027027027	-2.52192192192192
			4.87027027027027	-2.53213213213213
			4.88048048048048	-2.54234234234234
			4.88048048048048	-2.55255255255255
			4.88048048048048	-2.56276276276276
			4.88048048048048	-2.57297297297297
			4.88048048048048	-2.58318318318318
			4.88048048048048	-2.59339339339339
			4.89069069069069	-2.6036036036036
			4.89069069069069	-2.61381381381381
			4.89069069069069	-2.62402402402402
			4.89069069069069	-2.63423423423423
			4.89069069069069	-2.64444444444444
			4.89069069069069	-2.65465465465465
			4.9009009009009	-2.66486486486486
			4.9009009009009	-2.67507507507507
			4.9009009009009	-2.68528528528529
			4.9009009009009	-2.6954954954955
			4.9009009009009	-2.70570570570571
			4.9009009009009	-2.71591591591592
			4.9009009009009	-2.72612612612613
			4.91111111111111	-2.73633633633634
			4.91111111111111	-2.74654654654655
			4.91111111111111	-2.75675675675676
			4.91111111111111	-2.76696696696697
			4.91111111111111	-2.77717717717718
			4.91111111111111	-2.78738738738739
			4.91111111111111	-2.7975975975976
			4.91111111111111	-2.80780780780781
			4.91111111111111	-2.81801801801802
			4.91111111111111	-2.82822822822823
			4.92132132132132	-2.82822822822823
			4.92132132132132	-2.83843843843844
			4.92132132132132	-2.84864864864865
			4.92132132132132	-2.85885885885886
			4.92132132132132	-2.86906906906907
			4.92132132132132	-2.87927927927928
			4.92132132132132	-2.88948948948949
			4.92132132132132	-2.8996996996997
			4.92132132132132	-2.90990990990991
			4.92132132132132	-2.92012012012012
			4.92132132132132	-2.93033033033033
			4.92132132132132	-2.94054054054054
			4.92132132132132	-2.95075075075075
			4.93153153153153	-2.96096096096096
			4.93153153153153	-2.97117117117117
			4.93153153153153	-2.98138138138138
			4.93153153153153	-2.99159159159159
			4.93153153153153	-3.0018018018018
			4.93153153153153	-3.01201201201201
			4.93153153153153	-3.02222222222222
			4.93153153153153	-3.03243243243243
			4.93153153153153	-3.04264264264264
			4.93153153153153	-3.05285285285285
			4.93153153153153	-3.06306306306306
			4.93153153153153	-3.07327327327327
			4.93153153153153	-3.08348348348348
			4.93153153153153	-3.09369369369369
			4.93153153153153	-3.1039039039039
			4.93153153153153	-3.11411411411411
			4.93153153153153	-3.12432432432432
			4.93153153153153	-3.13453453453453
			4.93153153153153	-3.14474474474474
			4.93153153153153	-3.15495495495495
			4.93153153153153	-3.16516516516517
			4.93153153153153	-3.17537537537538
			4.93153153153153	-3.18558558558559
			4.93153153153153	-3.1957957957958
			4.93153153153153	-3.20600600600601
			4.93153153153153	-3.21621621621622
			4.93153153153153	-3.22642642642643
			4.93153153153153	-3.23663663663664
			4.93153153153153	-3.24684684684685
			4.93153153153153	-3.25705705705706
			4.93153153153153	-3.26726726726727
			4.93153153153153	-3.27747747747748
			4.93153153153153	-3.28768768768769
		</anterior>
		<posterior type=matrix rownames=FALSE colnames=FALSE nrow=234 ncol=2 as.numeric=TRUE >
			2.59339339339339	-3.55315315315315
			2.6036036036036	-3.55315315315315
			2.61381381381381	-3.55315315315315
			2.62402402402402	-3.55315315315315
			2.63423423423423	-3.55315315315315
			2.64444444444444	-3.55315315315315
			2.65465465465465	-3.55315315315315
			2.66486486486486	-3.55315315315315
			2.67507507507507	-3.55315315315315
			2.68528528528529	-3.55315315315315
			2.6954954954955	-3.54294294294294
			2.70570570570571	-3.54294294294294
			2.71591591591592	-3.54294294294294
			2.72612612612613	-3.54294294294294
			2.73633633633634	-3.54294294294294
			2.74654654654655	-3.54294294294294
			2.75675675675676	-3.54294294294294
			2.76696696696697	-3.53273273273273
			2.77717717717718	-3.53273273273273
			2.78738738738739	-3.53273273273273
			2.7975975975976	-3.53273273273273
			2.80780780780781	-3.53273273273273
			2.81801801801802	-3.52252252252252
			2.82822822822823	-3.52252252252252
			2.83843843843844	-3.52252252252252
			2.84864864864865	-3.52252252252252
			2.85885885885886	-3.52252252252252
			2.86906906906907	-3.51231231231231
			2.87927927927928	-3.51231231231231
			2.88948948948949	-3.51231231231231
			2.8996996996997	-3.5021021021021
			2.90990990990991	-3.5021021021021
			2.92012012012012	-3.5021021021021
			2.93033033033033	-3.5021021021021
			2.94054054054054	-3.49189189189189
			2.95075075075075	-3.49189189189189
			2.96096096096096	-3.49189189189189
			2.97117117117117	-3.48168168168168
			2.98138138138138	-3.48168168168168
			2.99159159159159	-3.48168168168168
			3.0018018018018	-3.47147147147147
			3.01201201201201	-3.47147147147147
			3.02222222222222	-3.47147147147147
			3.03243243243243	-3.46126126126126
			3.04264264264264	-3.46126126126126
			3.05285285285285	-3.45105105105105
			3.06306306306306	-3.45105105105105
			3.07327327327327	-3.45105105105105
			3.08348348348348	-3.44084084084084
			3.09369369369369	-3.44084084084084
			3.1039039039039	-3.43063063063063
			3.11411411411411	-3.43063063063063
			3.12432432432432	-3.43063063063063
			3.13453453453453	-3.42042042042042
			3.14474474474474	-3.42042042042042
			3.15495495495495	-3.41021021021021
			3.16516516516517	-3.41021021021021
			3.17537537537538	-3.4
			3.18558558558559	-3.4
			3.1957957957958	-3.38978978978979
			3.20600600600601	-3.38978978978979
			3.21621621621622	-3.37957957957958
			3.22642642642643	-3.37957957957958
			3.23663663663664	-3.37957957957958
			3.24684684684685	-3.36936936936937
			3.25705705705706	-3.36936936936937
			3.26726726726727	-3.36936936936937
			3.27747747747748	-3.35915915915916
			3.28768768768769	-3.35915915915916
			3.2978978978979	-3.35915915915916
			3.30810810810811	-3.35915915915916
			3.31831831831832	-3.35915915915916
			3.32852852852853	-3.34894894894895
			3.33873873873874	-3.34894894894895
			3.34894894894895	-3.34894894894895
			3.35915915915916	-3.34894894894895
			3.36936936936937	-3.34894894894895
			3.37957957957958	-3.34894894894895
			3.38978978978979	-3.34894894894895
			3.4	-3.34894894894895
			3.41021021021021	-3.34894894894895
			3.42042042042042	-3.34894894894895
			3.43063063063063	-3.34894894894895
			3.44084084084084	-3.34894894894895
			3.45105105105105	-3.34894894894895
			3.46126126126126	-3.34894894894895
			3.47147147147147	-3.34894894894895
			3.48168168168168	-3.34894894894895
			3.49189189189189	-3.34894894894895
			3.5021021021021	-3.34894894894895
			3.51231231231231	-3.34894894894895
			3.52252252252252	-3.34894894894895
			3.53273273273273	-3.34894894894895
			3.54294294294294	-3.34894894894895
			3.55315315315315	-3.34894894894895
			3.56336336336336	-3.34894894894895
			3.57357357357357	-3.34894894894895
			3.58378378378378	-3.34894894894895
			3.59399399399399	-3.34894894894895
			3.6042042042042	-3.35915915915916
			3.61441441441441	-3.35915915915916
			3.62462462462462	-3.35915915915916
			3.63483483483483	-3.35915915915916
			3.64504504504504	-3.35915915915916
			3.65525525525526	-3.35915915915916
			3.66546546546547	-3.36936936936937
			3.67567567567568	-3.36936936936937
			3.68588588588589	-3.36936936936937
			3.6960960960961	-3.36936936936937
			3.70630630630631	-3.36936936936937
			3.71651651651652	-3.36936936936937
			3.72672672672673	-3.37957957957958
			3.73693693693694	-3.37957957957958
			3.74714714714715	-3.37957957957958
			3.75735735735736	-3.37957957957958
			3.76756756756757	-3.37957957957958
			3.77777777777778	-3.38978978978979
			3.78798798798799	-3.38978978978979
			3.7981981981982	-3.38978978978979
			3.80840840840841	-3.38978978978979
			3.81861861861862	-3.38978978978979
			3.82882882882883	-3.38978978978979
			3.83903903903904	-3.38978978978979
			3.84924924924925	-3.4
			3.85945945945946	-3.4
			3.86966966966967	-3.4
			3.87987987987988	-3.4
			3.89009009009009	-3.4
			3.9003003003003	-3.4
			3.91051051051051	-3.4
			3.92072072072072	-3.4
			3.93093093093093	-3.4
			3.94114114114114	-3.4
			3.95135135135135	-3.4
			3.96156156156156	-3.4
			3.97177177177177	-3.4
			3.98198198198198	-3.41021021021021
			3.99219219219219	-3.41021021021021
			4.0024024024024	-3.41021021021021
			4.01261261261261	-3.41021021021021
			4.02282282282282	-3.41021021021021
			4.03303303303303	-3.41021021021021
			4.04324324324324	-3.41021021021021
			4.05345345345345	-3.41021021021021
			4.06366366366366	-3.41021021021021
			4.07387387387387	-3.41021021021021
			4.08408408408408	-3.41021021021021
			4.09429429429429	-3.41021021021021
			4.1045045045045	-3.41021021021021
			4.11471471471471	-3.41021021021021
			4.12492492492492	-3.41021021021021
			4.13513513513514	-3.41021021021021
			4.14534534534535	-3.41021021021021
			4.15555555555556	-3.41021021021021
			4.16576576576577	-3.41021021021021
			4.17597597597598	-3.41021021021021
			4.18618618618619	-3.41021021021021
			4.1963963963964	-3.4
			4.20660660660661	-3.4
			4.21681681681682	-3.4
			4.22702702702703	-3.4
			4.23723723723724	-3.4
			4.24744744744745	-3.4
			4.25765765765766	-3.4
			4.26786786786787	-3.4
			4.27807807807808	-3.4
			4.28828828828829	-3.4
			4.2984984984985	-3.4
			4.30870870870871	-3.4
			4.31891891891892	-3.4
			4.32912912912913	-3.4
			4.32912912912913	-3.38978978978979
			4.33933933933934	-3.38978978978979
			4.34954954954955	-3.38978978978979
			4.35975975975976	-3.38978978978979
			4.36996996996997	-3.38978978978979
			4.38018018018018	-3.38978978978979
			4.39039039039039	-3.38978978978979
			4.4006006006006	-3.38978978978979
			4.41081081081081	-3.38978978978979
			4.42102102102102	-3.38978978978979
			4.43123123123123	-3.37957957957958
			4.44144144144144	-3.37957957957958
			4.45165165165165	-3.37957957957958
			4.46186186186186	-3.37957957957958
			4.47207207207207	-3.37957957957958
			4.48228228228228	-3.37957957957958
			4.49249249249249	-3.37957957957958
			4.49249249249249	-3.36936936936937
			4.5027027027027	-3.36936936936937
			4.51291291291291	-3.36936936936937
			4.52312312312312	-3.36936936936937
			4.53333333333333	-3.36936936936937
			4.54354354354354	-3.36936936936937
			4.55375375375375	-3.36936936936937
			4.55375375375375	-3.35915915915916
			4.56396396396396	-3.35915915915916
			4.57417417417417	-3.35915915915916
			4.58438438438438	-3.35915915915916
			4.59459459459459	-3.35915915915916
			4.6048048048048	-3.35915915915916
			4.6048048048048	-3.34894894894895
			4.61501501501501	-3.34894894894895
			4.62522522522522	-3.34894894894895
			4.63543543543544	-3.34894894894895
			4.64564564564565	-3.34894894894895
			4.65585585585586	-3.34894894894895
			4.66606606606607	-3.33873873873874
			4.67627627627628	-3.33873873873874
			4.68648648648649	-3.33873873873874
			4.6966966966967	-3.33873873873874
			4.70690690690691	-3.33873873873874
			4.71711711711712	-3.33873873873874
			4.72732732732733	-3.32852852852853
			4.73753753753754	-3.32852852852853
			4.74774774774775	-3.32852852852853
			4.75795795795796	-3.32852852852853
			4.76816816816817	-3.31831831831832
			4.77837837837838	-3.31831831831832
			4.78858858858859	-3.31831831831832
			4.7987987987988	-3.31831831831832
			4.80900900900901	-3.31831831831832
			4.81921921921922	-3.30810810810811
			4.82942942942943	-3.30810810810811
			4.83963963963964	-3.30810810810811
			4.84984984984985	-3.30810810810811
			4.86006006006006	-3.30810810810811
			4.87027027027027	-3.2978978978979
			4.88048048048048	-3.2978978978979
			4.89069069069069	-3.2978978978979
			4.9009009009009	-3.2978978978979
			4.91111111111111	-3.28768768768769
			4.92132132132132	-3.28768768768769
			4.93153153153153	-3.28768768768769
		</posterior>
	</curves.scaled>
	<ruler.points type=matrix rownames=TRUE colnames=FALSE nrow=2 ncol=2 as.numeric=TRUE >
		Ruler point 1	512	25
		Ruler point 2	512	358
	</ruler.points>
</shapes>

