<shapes type=list>
	<ruler.pixel type=vector names=FALSE length=1 as.numeric=TRUE >23</ruler.pixel>
	<ruler.interval type=vector names=FALSE length=1 as.numeric=TRUE >5</ruler.interval>
	<scaling.units type=vector names=FALSE length=1 as.numeric=FALSE >mm</scaling.units>
	<scaling type=vector names=FALSE length=1 as.numeric=TRUE >0.217391304347826</scaling>
	<landmarks.pixel type=matrix rownames=TRUE colnames=FALSE nrow=16 ncol=2 as.numeric=TRUE >
		LM1	183	11
		LM2	184	23
		LM3	183	186
		LM4	184	205
		LM5	266	80
		LM6	224	189
		LM7	226	200
		LM8	267	113
		LM9	269	174
		LM10	185	22
		LM11	309	161
		LM12	331	167
		LM13	183	11
		LM14	299	135
		LM15	337	205
		LM16	342	337
	</landmarks.pixel>
	<landmarks.scaled type=matrix rownames=TRUE colnames=FALSE nrow=16 ncol=2 as.numeric=TRUE >
		LM1	39.7826086956522	-2.39130434782609
		LM2	40	-5
		LM3	39.7826086956522	-40.4347826086956
		LM4	40	-44.5652173913043
		LM5	57.8260869565217	-17.3913043478261
		LM6	48.695652173913	-41.0869565217391
		LM7	49.1304347826087	-43.4782608695652
		LM8	58.0434782608696	-24.5652173913043
		LM9	58.4782608695652	-37.8260869565217
		LM10	40.2173913043478	-4.78260869565217
		LM11	67.1739130434783	-35
		LM12	71.9565217391304	-36.304347826087
		LM13	39.7826086956522	-2.39130434782609
		LM14	65	-29.3478260869565
		LM15	73.2608695652174	-44.5652173913043
		LM16	74.3478260869565	-73.2608695652174
	</landmarks.scaled>
	<curves.control type=list>
		<glabella type=matrix rownames=FALSE colnames=FALSE nrow=7 ncol=2 as.numeric=TRUE >
			184	23
			296	54
			258	105
			247	139
			227	188
			230	195
			226	200
		</glabella>
		<suture type=matrix rownames=FALSE colnames=FALSE nrow=13 ncol=2 as.numeric=TRUE >
			185	22
			265	40
			273	85
			259	109
			293	122
			312	160
			277	171
			258	179
			286	178
			306	161
			318	159
			324	163
			331	167
		</suture>
		<anterior type=matrix rownames=FALSE colnames=FALSE nrow=3 ncol=2 as.numeric=TRUE >
			183	11
			324	41
			337	205
		</anterior>
		<posterior type=matrix rownames=FALSE colnames=FALSE nrow=11 ncol=2 as.numeric=TRUE >
			184	205
			208	210
			222	203
			275	198
			312	225
			338	267
			342	337
			351	299
			347	256
			345	238
			337	205
		</posterior>
	</curves.control>
	<curves.pixel type=list>
		<glabella type=matrix rownames=FALSE colnames=FALSE nrow=226 ncol=2 as.numeric=TRUE >
			184	23
			185	23
			186	24
			187	24
			188	24
			189	24
			190	25
			191	25
			192	25
			193	26
			194	26
			195	26
			196	26
			197	27
			198	27
			199	27
			200	28
			201	28
			202	29
			203	29
			204	29
			205	29
			205	30
			206	30
			207	30
			208	30
			209	31
			210	31
			211	32
			212	32
			213	32
			214	33
			215	33
			216	34
			217	34
			218	34
			219	35
			220	35
			221	35
			222	36
			223	36
			224	37
			225	37
			226	37
			227	38
			228	38
			228	39
			229	39
			230	40
			231	40
			232	40
			233	41
			234	41
			234	42
			235	42
			236	42
			237	43
			238	44
			239	44
			240	45
			241	45
			242	46
			243	46
			243	47
			244	47
			245	48
			246	48
			247	49
			248	50
			249	51
			250	51
			251	52
			252	52
			252	53
			253	54
			254	54
			255	55
			255	56
			256	56
			257	57
			257	58
			258	58
			259	59
			259	60
			260	60
			260	61
			261	62
			262	63
			262	64
			263	65
			263	66
			264	67
			265	68
			265	69
			266	70
			266	71
			266	72
			267	73
			267	74
			267	75
			267	76
			267	77
			268	78
			268	79
			268	80
			268	81
			268	82
			267	83
			267	84
			267	85
			267	86
			267	87
			267	88
			266	89
			266	90
			266	91
			265	92
			265	93
			265	94
			264	95
			264	96
			263	97
			263	98
			262	99
			261	100
			261	101
			260	102
			259	103
			259	104
			258	105
			258	106
			257	107
			257	108
			257	109
			256	110
			256	111
			256	112
			255	113
			255	114
			255	115
			254	116
			254	117
			254	118
			253	119
			253	120
			253	121
			252	122
			252	123
			252	124
			251	125
			251	126
			250	127
			250	128
			250	129
			249	130
			249	131
			249	132
			248	133
			248	134
			248	135
			247	136
			247	137
			246	138
			246	139
			246	140
			245	141
			245	142
			245	143
			244	144
			244	145
			243	146
			243	147
			243	148
			242	149
			242	150
			242	151
			241	152
			241	153
			240	154
			240	155
			240	156
			239	157
			239	158
			239	159
			238	160
			238	161
			237	162
			237	163
			237	164
			236	165
			236	166
			235	167
			235	168
			235	169
			234	170
			234	171
			233	172
			233	173
			233	174
			232	175
			232	176
			231	177
			231	178
			231	179
			230	180
			230	181
			229	182
			229	183
			229	184
			228	185
			228	186
			227	187
			227	188
			227	189
			228	190
			228	191
			228	192
			228	193
			228	194
			228	195
			228	196
			228	197
			227	198
			227	199
			226	199
			226	200
		</glabella>
		<suture type=matrix rownames=FALSE colnames=FALSE nrow=281 ncol=2 as.numeric=TRUE >
			185	22
			186	22
			187	23
			188	23
			189	23
			190	23
			191	23
			191	24
			192	24
			193	24
			194	24
			195	25
			196	25
			197	25
			198	25
			199	26
			200	26
			201	26
			202	26
			203	27
			204	27
			205	27
			206	28
			207	28
			208	28
			209	29
			210	29
			211	29
			212	30
			213	30
			214	30
			215	31
			216	31
			217	31
			218	32
			219	32
			220	32
			221	33
			222	33
			223	34
			224	34
			225	35
			226	35
			227	36
			228	36
			229	37
			230	37
			231	38
			232	38
			233	38
			234	39
			235	39
			236	40
			237	40
			238	41
			239	41
			240	42
			241	43
			242	44
			243	44
			244	45
			245	45
			246	46
			247	47
			248	47
			249	48
			250	49
			251	50
			252	50
			252	51
			253	52
			254	52
			255	53
			256	54
			257	55
			258	56
			259	57
			260	58
			260	59
			261	60
			262	61
			263	62
			263	63
			264	64
			265	65
			266	66
			266	67
			267	68
			267	69
			268	69
			268	70
			268	71
			269	72
			269	73
			270	74
			270	75
			271	76
			271	77
			271	78
			271	79
			272	80
			272	81
			272	82
			273	83
			273	84
			273	85
			273	86
			272	86
			272	87
			271	88
			271	89
			271	90
			270	91
			270	92
			270	93
			269	94
			269	95
			269	96
			269	97
			269	98
			269	99
			269	100
			269	101
			269	102
			270	103
			270	104
			270	105
			271	106
			272	107
			272	108
			273	109
			274	110
			275	111
			276	112
			277	113
			278	114
			279	115
			280	116
			281	116
			282	117
			283	117
			284	118
			285	118
			286	119
			287	119
			287	120
			288	120
			289	121
			290	121
			291	121
			292	122
			293	122
			294	123
			294	124
			294	125
			295	126
			295	127
			296	128
			296	129
			297	130
			297	131
			297	132
			298	133
			298	134
			298	135
			298	136
			299	137
			299	138
			299	139
			299	140
			299	141
			300	142
			300	143
			300	144
			300	145
			300	146
			300	147
			300	148
			299	149
			299	150
			299	151
			299	152
			299	153
			298	153
			298	154
			298	155
			297	156
			297	157
			296	158
			296	159
			295	160
			294	161
			293	162
			292	163
			291	164
			290	165
			289	166
			288	166
			287	167
			286	167
			285	168
			284	168
			283	169
			282	169
			281	170
			280	170
			279	170
			278	171
			277	171
			276	171
			275	172
			274	172
			273	173
			272	173
			271	174
			270	174
			270	175
			269	176
			270	177
			271	177
			272	178
			273	178
			274	178
			275	178
			276	178
			277	178
			278	178
			279	178
			280	178
			281	178
			282	178
			283	178
			284	178
			285	178
			286	178
			287	177
			288	176
			289	176
			290	175
			291	174
			292	173
			293	172
			294	171
			295	171
			296	170
			297	169
			298	169
			299	168
			300	167
			301	167
			302	166
			303	165
			304	165
			305	164
			306	163
			307	163
			308	162
			309	162
			310	162
			311	161
			312	161
			313	160
			314	160
			315	160
			316	159
			317	159
			318	159
			319	159
			319	160
			320	160
			321	161
			322	161
			323	162
			324	163
			325	163
			326	164
			327	164
			328	165
			329	166
			330	166
			331	167
		</suture>
		<anterior type=matrix rownames=FALSE colnames=FALSE nrow=252 ncol=2 as.numeric=TRUE >
			183	11
			184	11
			185	11
			186	12
			187	12
			188	12
			189	12
			190	13
			191	13
			192	13
			193	13
			194	14
			195	14
			196	14
			197	14
			198	15
			199	15
			200	15
			201	16
			202	16
			203	16
			204	17
			205	17
			206	17
			207	17
			208	18
			209	18
			210	18
			211	19
			212	19
			213	19
			214	20
			215	20
			216	20
			217	21
			218	21
			219	22
			220	22
			221	22
			222	23
			223	23
			224	24
			225	24
			226	25
			227	25
			228	26
			229	26
			230	26
			231	27
			232	27
			233	28
			234	28
			235	29
			236	29
			237	30
			238	30
			239	31
			240	31
			241	32
			242	32
			243	33
			244	34
			245	34
			246	35
			247	35
			248	36
			249	37
			250	37
			251	38
			252	38
			253	39
			254	39
			255	40
			255	41
			256	41
			257	42
			258	42
			259	43
			260	44
			261	45
			262	45
			263	46
			264	47
			265	48
			266	48
			267	49
			268	50
			269	51
			270	51
			270	52
			271	53
			272	54
			273	54
			274	55
			275	56
			276	57
			277	58
			278	59
			279	60
			280	61
			281	62
			282	63
			283	64
			284	65
			285	66
			286	67
			287	68
			288	69
			288	70
			289	70
			289	71
			290	72
			291	73
			292	74
			293	75
			293	76
			294	77
			294	78
			295	78
			296	79
			296	80
			297	81
			297	82
			298	83
			299	83
			299	84
			300	85
			300	86
			301	87
			302	88
			302	89
			303	90
			304	91
			304	92
			305	93
			305	94
			306	94
			306	95
			306	96
			307	96
			307	97
			308	98
			308	99
			309	100
			309	101
			310	102
			310	103
			311	104
			311	105
			312	105
			312	106
			312	107
			313	108
			313	109
			314	110
			314	111
			315	112
			315	113
			316	114
			316	115
			317	116
			317	117
			317	118
			318	118
			318	119
			318	120
			319	121
			319	122
			319	123
			320	124
			320	125
			321	126
			321	127
			321	128
			322	129
			322	130
			322	131
			323	132
			323	133
			323	134
			324	135
			324	136
			324	137
			325	138
			325	139
			325	140
			326	141
			326	142
			326	143
			326	144
			327	145
			327	146
			327	147
			328	148
			328	149
			328	150
			328	151
			329	152
			329	153
			329	154
			329	155
			330	156
			330	157
			330	158
			330	159
			330	160
			331	160
			331	161
			331	162
			331	163
			331	164
			332	165
			332	166
			332	167
			332	168
			332	169
			333	170
			333	171
			333	172
			333	173
			333	174
			333	175
			334	176
			334	177
			334	178
			334	179
			334	180
			334	181
			334	182
			335	183
			335	184
			335	185
			335	186
			335	187
			335	188
			335	189
			335	190
			336	191
			336	192
			336	193
			336	194
			336	195
			336	196
			336	197
			336	198
			336	199
			337	200
			337	201
			337	202
			337	203
			337	204
			337	205
		</anterior>
		<posterior type=matrix rownames=FALSE colnames=FALSE nrow=377 ncol=2 as.numeric=TRUE >
			184	205
			185	205
			186	205
			187	206
			188	206
			189	206
			190	206
			191	206
			192	206
			193	206
			194	207
			195	207
			196	207
			197	207
			198	207
			199	207
			200	207
			201	207
			202	207
			203	207
			204	207
			205	207
			206	207
			207	207
			208	207
			209	207
			210	207
			211	206
			212	206
			213	206
			214	206
			215	206
			216	205
			217	205
			218	205
			219	204
			220	204
			221	203
			222	203
			223	203
			224	203
			225	203
			226	203
			227	203
			228	203
			229	202
			230	202
			231	202
			232	202
			233	202
			234	202
			235	202
			236	202
			237	202
			238	202
			239	202
			240	202
			241	202
			242	202
			243	202
			244	202
			245	202
			246	202
			247	202
			248	203
			249	203
			250	203
			251	203
			252	203
			253	203
			254	203
			255	203
			256	203
			257	203
			258	204
			259	204
			260	204
			261	204
			262	204
			263	204
			264	205
			265	205
			266	205
			267	205
			268	205
			269	206
			270	206
			271	206
			272	206
			273	206
			274	207
			275	207
			276	207
			277	208
			278	208
			279	208
			280	209
			281	209
			282	209
			283	210
			284	210
			285	210
			286	211
			287	211
			288	212
			289	212
			290	212
			291	213
			292	213
			293	214
			294	214
			295	215
			296	215
			297	216
			298	216
			299	217
			300	218
			301	218
			302	218
			303	219
			304	220
			305	220
			306	221
			307	221
			308	222
			309	223
			310	224
			311	224
			312	225
			313	226
			313	227
			314	228
			315	229
			315	230
			315	231
			316	232
			316	233
			317	233
			317	234
			318	235
			318	236
			319	237
			319	238
			320	239
			320	240
			320	241
			321	241
			321	242
			322	243
			322	244
			323	245
			323	246
			323	247
			324	248
			324	249
			325	250
			325	251
			325	252
			326	253
			326	254
			326	255
			327	256
			327	257
			327	258
			328	259
			328	260
			329	261
			329	262
			329	263
			330	264
			330	265
			330	266
			331	267
			331	268
			331	269
			331	270
			332	271
			332	272
			332	273
			333	274
			333	275
			333	276
			333	277
			334	278
			334	279
			334	280
			334	281
			335	282
			335	283
			335	284
			335	285
			335	286
			336	287
			336	288
			336	289
			336	290
			336	291
			337	292
			337	293
			337	294
			337	295
			337	296
			338	297
			338	298
			338	299
			338	300
			338	301
			338	302
			339	303
			339	304
			339	305
			339	306
			339	307
			339	308
			339	309
			340	310
			340	311
			340	312
			340	313
			340	314
			340	315
			340	316
			340	317
			340	318
			341	319
			341	320
			341	321
			341	322
			341	323
			341	324
			341	325
			341	326
			341	327
			341	328
			341	329
			342	330
			342	331
			342	332
			342	333
			342	334
			342	335
			342	336
			342	335
			343	334
			343	333
			343	332
			343	331
			344	330
			344	329
			344	328
			344	327
			344	326
			344	325
			345	325
			345	324
			345	323
			345	322
			345	321
			345	320
			345	319
			346	319
			346	318
			346	317
			346	316
			346	315
			346	314
			346	313
			346	312
			347	311
			347	310
			347	309
			347	308
			347	307
			347	306
			347	305
			347	304
			347	303
			347	302
			348	301
			348	300
			348	299
			348	298
			348	297
			348	296
			348	295
			348	294
			348	293
			348	292
			348	291
			348	290
			348	289
			348	288
			348	287
			348	286
			348	285
			348	284
			348	283
			348	282
			348	281
			348	280
			348	279
			348	278
			348	277
			348	276
			348	275
			348	274
			348	273
			348	272
			348	271
			348	270
			348	269
			348	268
			348	267
			348	266
			348	265
			348	264
			348	263
			348	262
			347	261
			347	260
			347	259
			347	258
			347	257
			347	256
			347	255
			347	254
			347	253
			346	252
			346	251
			346	250
			346	249
			346	248
			346	247
			346	246
			345	245
			345	244
			345	243
			345	242
			345	241
			345	240
			344	239
			344	238
			344	237
			344	236
			344	235
			344	234
			343	233
			343	232
			343	231
			343	230
			342	229
			342	228
			342	227
			342	226
			342	225
			341	224
			341	223
			341	222
			341	221
			340	220
			340	219
			340	218
			340	217
			340	216
			339	216
			339	215
			339	214
			339	213
			339	212
			338	211
			338	210
			338	209
			338	208
			338	207
			337	207
			337	206
			337	205
		</posterior>
	</curves.pixel>
	<curves.scaled type=list>
		<glabella type=matrix rownames=FALSE colnames=FALSE nrow=226 ncol=2 as.numeric=TRUE >
			40	-5
			40.2173913043478	-5
			40.4347826086956	-5.21739130434783
			40.6521739130435	-5.21739130434783
			40.8695652173913	-5.21739130434783
			41.0869565217391	-5.21739130434783
			41.304347826087	-5.43478260869565
			41.5217391304348	-5.43478260869565
			41.7391304347826	-5.43478260869565
			41.9565217391304	-5.65217391304348
			42.1739130434783	-5.65217391304348
			42.3913043478261	-5.65217391304348
			42.6086956521739	-5.65217391304348
			42.8260869565217	-5.8695652173913
			43.0434782608696	-5.8695652173913
			43.2608695652174	-5.8695652173913
			43.4782608695652	-6.08695652173913
			43.695652173913	-6.08695652173913
			43.9130434782609	-6.30434782608696
			44.1304347826087	-6.30434782608696
			44.3478260869565	-6.30434782608696
			44.5652173913043	-6.30434782608696
			44.5652173913043	-6.52173913043478
			44.7826086956522	-6.52173913043478
			45	-6.52173913043478
			45.2173913043478	-6.52173913043478
			45.4347826086956	-6.73913043478261
			45.6521739130435	-6.73913043478261
			45.8695652173913	-6.95652173913043
			46.0869565217391	-6.95652173913043
			46.304347826087	-6.95652173913043
			46.5217391304348	-7.17391304347826
			46.7391304347826	-7.17391304347826
			46.9565217391304	-7.39130434782609
			47.1739130434783	-7.39130434782609
			47.3913043478261	-7.39130434782609
			47.6086956521739	-7.60869565217391
			47.8260869565217	-7.60869565217391
			48.0434782608696	-7.60869565217391
			48.2608695652174	-7.82608695652174
			48.4782608695652	-7.82608695652174
			48.695652173913	-8.04347826086956
			48.9130434782609	-8.04347826086956
			49.1304347826087	-8.04347826086956
			49.3478260869565	-8.26086956521739
			49.5652173913043	-8.26086956521739
			49.5652173913043	-8.47826086956522
			49.7826086956522	-8.47826086956522
			50	-8.69565217391304
			50.2173913043478	-8.69565217391304
			50.4347826086956	-8.69565217391304
			50.6521739130435	-8.91304347826087
			50.8695652173913	-8.91304347826087
			50.8695652173913	-9.1304347826087
			51.0869565217391	-9.1304347826087
			51.304347826087	-9.1304347826087
			51.5217391304348	-9.34782608695652
			51.7391304347826	-9.56521739130435
			51.9565217391304	-9.56521739130435
			52.1739130434783	-9.78260869565217
			52.3913043478261	-9.78260869565217
			52.6086956521739	-10
			52.8260869565217	-10
			52.8260869565217	-10.2173913043478
			53.0434782608696	-10.2173913043478
			53.2608695652174	-10.4347826086957
			53.4782608695652	-10.4347826086957
			53.695652173913	-10.6521739130435
			53.9130434782609	-10.8695652173913
			54.1304347826087	-11.0869565217391
			54.3478260869565	-11.0869565217391
			54.5652173913043	-11.304347826087
			54.7826086956522	-11.304347826087
			54.7826086956522	-11.5217391304348
			55	-11.7391304347826
			55.2173913043478	-11.7391304347826
			55.4347826086956	-11.9565217391304
			55.4347826086956	-12.1739130434783
			55.6521739130435	-12.1739130434783
			55.8695652173913	-12.3913043478261
			55.8695652173913	-12.6086956521739
			56.0869565217391	-12.6086956521739
			56.304347826087	-12.8260869565217
			56.304347826087	-13.0434782608696
			56.5217391304348	-13.0434782608696
			56.5217391304348	-13.2608695652174
			56.7391304347826	-13.4782608695652
			56.9565217391304	-13.695652173913
			56.9565217391304	-13.9130434782609
			57.1739130434783	-14.1304347826087
			57.1739130434783	-14.3478260869565
			57.3913043478261	-14.5652173913043
			57.6086956521739	-14.7826086956522
			57.6086956521739	-15
			57.8260869565217	-15.2173913043478
			57.8260869565217	-15.4347826086957
			57.8260869565217	-15.6521739130435
			58.0434782608696	-15.8695652173913
			58.0434782608696	-16.0869565217391
			58.0434782608696	-16.304347826087
			58.0434782608696	-16.5217391304348
			58.0434782608696	-16.7391304347826
			58.2608695652174	-16.9565217391304
			58.2608695652174	-17.1739130434783
			58.2608695652174	-17.3913043478261
			58.2608695652174	-17.6086956521739
			58.2608695652174	-17.8260869565217
			58.0434782608696	-18.0434782608696
			58.0434782608696	-18.2608695652174
			58.0434782608696	-18.4782608695652
			58.0434782608696	-18.695652173913
			58.0434782608696	-18.9130434782609
			58.0434782608696	-19.1304347826087
			57.8260869565217	-19.3478260869565
			57.8260869565217	-19.5652173913043
			57.8260869565217	-19.7826086956522
			57.6086956521739	-20
			57.6086956521739	-20.2173913043478
			57.6086956521739	-20.4347826086957
			57.3913043478261	-20.6521739130435
			57.3913043478261	-20.8695652173913
			57.1739130434783	-21.0869565217391
			57.1739130434783	-21.304347826087
			56.9565217391304	-21.5217391304348
			56.7391304347826	-21.7391304347826
			56.7391304347826	-21.9565217391304
			56.5217391304348	-22.1739130434783
			56.304347826087	-22.3913043478261
			56.304347826087	-22.6086956521739
			56.0869565217391	-22.8260869565217
			56.0869565217391	-23.0434782608696
			55.8695652173913	-23.2608695652174
			55.8695652173913	-23.4782608695652
			55.8695652173913	-23.695652173913
			55.6521739130435	-23.9130434782609
			55.6521739130435	-24.1304347826087
			55.6521739130435	-24.3478260869565
			55.4347826086956	-24.5652173913043
			55.4347826086956	-24.7826086956522
			55.4347826086956	-25
			55.2173913043478	-25.2173913043478
			55.2173913043478	-25.4347826086957
			55.2173913043478	-25.6521739130435
			55	-25.8695652173913
			55	-26.0869565217391
			55	-26.304347826087
			54.7826086956522	-26.5217391304348
			54.7826086956522	-26.7391304347826
			54.7826086956522	-26.9565217391304
			54.5652173913043	-27.1739130434783
			54.5652173913043	-27.3913043478261
			54.3478260869565	-27.6086956521739
			54.3478260869565	-27.8260869565217
			54.3478260869565	-28.0434782608696
			54.1304347826087	-28.2608695652174
			54.1304347826087	-28.4782608695652
			54.1304347826087	-28.695652173913
			53.9130434782609	-28.9130434782609
			53.9130434782609	-29.1304347826087
			53.9130434782609	-29.3478260869565
			53.695652173913	-29.5652173913043
			53.695652173913	-29.7826086956522
			53.4782608695652	-30
			53.4782608695652	-30.2173913043478
			53.4782608695652	-30.4347826086957
			53.2608695652174	-30.6521739130435
			53.2608695652174	-30.8695652173913
			53.2608695652174	-31.0869565217391
			53.0434782608696	-31.304347826087
			53.0434782608696	-31.5217391304348
			52.8260869565217	-31.7391304347826
			52.8260869565217	-31.9565217391304
			52.8260869565217	-32.1739130434783
			52.6086956521739	-32.3913043478261
			52.6086956521739	-32.6086956521739
			52.6086956521739	-32.8260869565217
			52.3913043478261	-33.0434782608696
			52.3913043478261	-33.2608695652174
			52.1739130434783	-33.4782608695652
			52.1739130434783	-33.695652173913
			52.1739130434783	-33.9130434782609
			51.9565217391304	-34.1304347826087
			51.9565217391304	-34.3478260869565
			51.9565217391304	-34.5652173913043
			51.7391304347826	-34.7826086956522
			51.7391304347826	-35
			51.5217391304348	-35.2173913043478
			51.5217391304348	-35.4347826086956
			51.5217391304348	-35.6521739130435
			51.304347826087	-35.8695652173913
			51.304347826087	-36.0869565217391
			51.0869565217391	-36.304347826087
			51.0869565217391	-36.5217391304348
			51.0869565217391	-36.7391304347826
			50.8695652173913	-36.9565217391304
			50.8695652173913	-37.1739130434783
			50.6521739130435	-37.3913043478261
			50.6521739130435	-37.6086956521739
			50.6521739130435	-37.8260869565217
			50.4347826086956	-38.0434782608696
			50.4347826086956	-38.2608695652174
			50.2173913043478	-38.4782608695652
			50.2173913043478	-38.695652173913
			50.2173913043478	-38.9130434782609
			50	-39.1304347826087
			50	-39.3478260869565
			49.7826086956522	-39.5652173913043
			49.7826086956522	-39.7826086956522
			49.7826086956522	-40
			49.5652173913043	-40.2173913043478
			49.5652173913043	-40.4347826086956
			49.3478260869565	-40.6521739130435
			49.3478260869565	-40.8695652173913
			49.3478260869565	-41.0869565217391
			49.5652173913043	-41.304347826087
			49.5652173913043	-41.5217391304348
			49.5652173913043	-41.7391304347826
			49.5652173913043	-41.9565217391304
			49.5652173913043	-42.1739130434783
			49.5652173913043	-42.3913043478261
			49.5652173913043	-42.6086956521739
			49.5652173913043	-42.8260869565217
			49.3478260869565	-43.0434782608696
			49.3478260869565	-43.2608695652174
			49.1304347826087	-43.2608695652174
			49.1304347826087	-43.4782608695652
		</glabella>
		<suture type=matrix rownames=FALSE colnames=FALSE nrow=281 ncol=2 as.numeric=TRUE >
			40.2173913043478	-4.78260869565217
			40.4347826086956	-4.78260869565217
			40.6521739130435	-5
			40.8695652173913	-5
			41.0869565217391	-5
			41.304347826087	-5
			41.5217391304348	-5
			41.5217391304348	-5.21739130434783
			41.7391304347826	-5.21739130434783
			41.9565217391304	-5.21739130434783
			42.1739130434783	-5.21739130434783
			42.3913043478261	-5.43478260869565
			42.6086956521739	-5.43478260869565
			42.8260869565217	-5.43478260869565
			43.0434782608696	-5.43478260869565
			43.2608695652174	-5.65217391304348
			43.4782608695652	-5.65217391304348
			43.695652173913	-5.65217391304348
			43.9130434782609	-5.65217391304348
			44.1304347826087	-5.8695652173913
			44.3478260869565	-5.8695652173913
			44.5652173913043	-5.8695652173913
			44.7826086956522	-6.08695652173913
			45	-6.08695652173913
			45.2173913043478	-6.08695652173913
			45.4347826086956	-6.30434782608696
			45.6521739130435	-6.30434782608696
			45.8695652173913	-6.30434782608696
			46.0869565217391	-6.52173913043478
			46.304347826087	-6.52173913043478
			46.5217391304348	-6.52173913043478
			46.7391304347826	-6.73913043478261
			46.9565217391304	-6.73913043478261
			47.1739130434783	-6.73913043478261
			47.3913043478261	-6.95652173913043
			47.6086956521739	-6.95652173913043
			47.8260869565217	-6.95652173913043
			48.0434782608696	-7.17391304347826
			48.2608695652174	-7.17391304347826
			48.4782608695652	-7.39130434782609
			48.695652173913	-7.39130434782609
			48.9130434782609	-7.60869565217391
			49.1304347826087	-7.60869565217391
			49.3478260869565	-7.82608695652174
			49.5652173913043	-7.82608695652174
			49.7826086956522	-8.04347826086956
			50	-8.04347826086956
			50.2173913043478	-8.26086956521739
			50.4347826086956	-8.26086956521739
			50.6521739130435	-8.26086956521739
			50.8695652173913	-8.47826086956522
			51.0869565217391	-8.47826086956522
			51.304347826087	-8.69565217391304
			51.5217391304348	-8.69565217391304
			51.7391304347826	-8.91304347826087
			51.9565217391304	-8.91304347826087
			52.1739130434783	-9.1304347826087
			52.3913043478261	-9.34782608695652
			52.6086956521739	-9.56521739130435
			52.8260869565217	-9.56521739130435
			53.0434782608696	-9.78260869565217
			53.2608695652174	-9.78260869565217
			53.4782608695652	-10
			53.695652173913	-10.2173913043478
			53.9130434782609	-10.2173913043478
			54.1304347826087	-10.4347826086957
			54.3478260869565	-10.6521739130435
			54.5652173913043	-10.8695652173913
			54.7826086956522	-10.8695652173913
			54.7826086956522	-11.0869565217391
			55	-11.304347826087
			55.2173913043478	-11.304347826087
			55.4347826086956	-11.5217391304348
			55.6521739130435	-11.7391304347826
			55.8695652173913	-11.9565217391304
			56.0869565217391	-12.1739130434783
			56.304347826087	-12.3913043478261
			56.5217391304348	-12.6086956521739
			56.5217391304348	-12.8260869565217
			56.7391304347826	-13.0434782608696
			56.9565217391304	-13.2608695652174
			57.1739130434783	-13.4782608695652
			57.1739130434783	-13.695652173913
			57.3913043478261	-13.9130434782609
			57.6086956521739	-14.1304347826087
			57.8260869565217	-14.3478260869565
			57.8260869565217	-14.5652173913043
			58.0434782608696	-14.7826086956522
			58.0434782608696	-15
			58.2608695652174	-15
			58.2608695652174	-15.2173913043478
			58.2608695652174	-15.4347826086957
			58.4782608695652	-15.6521739130435
			58.4782608695652	-15.8695652173913
			58.695652173913	-16.0869565217391
			58.695652173913	-16.304347826087
			58.9130434782609	-16.5217391304348
			58.9130434782609	-16.7391304347826
			58.9130434782609	-16.9565217391304
			58.9130434782609	-17.1739130434783
			59.1304347826087	-17.3913043478261
			59.1304347826087	-17.6086956521739
			59.1304347826087	-17.8260869565217
			59.3478260869565	-18.0434782608696
			59.3478260869565	-18.2608695652174
			59.3478260869565	-18.4782608695652
			59.3478260869565	-18.695652173913
			59.1304347826087	-18.695652173913
			59.1304347826087	-18.9130434782609
			58.9130434782609	-19.1304347826087
			58.9130434782609	-19.3478260869565
			58.9130434782609	-19.5652173913043
			58.695652173913	-19.7826086956522
			58.695652173913	-20
			58.695652173913	-20.2173913043478
			58.4782608695652	-20.4347826086957
			58.4782608695652	-20.6521739130435
			58.4782608695652	-20.8695652173913
			58.4782608695652	-21.0869565217391
			58.4782608695652	-21.304347826087
			58.4782608695652	-21.5217391304348
			58.4782608695652	-21.7391304347826
			58.4782608695652	-21.9565217391304
			58.4782608695652	-22.1739130434783
			58.695652173913	-22.3913043478261
			58.695652173913	-22.6086956521739
			58.695652173913	-22.8260869565217
			58.9130434782609	-23.0434782608696
			59.1304347826087	-23.2608695652174
			59.1304347826087	-23.4782608695652
			59.3478260869565	-23.695652173913
			59.5652173913043	-23.9130434782609
			59.7826086956522	-24.1304347826087
			60	-24.3478260869565
			60.2173913043478	-24.5652173913043
			60.4347826086956	-24.7826086956522
			60.6521739130435	-25
			60.8695652173913	-25.2173913043478
			61.0869565217391	-25.2173913043478
			61.304347826087	-25.4347826086957
			61.5217391304348	-25.4347826086957
			61.7391304347826	-25.6521739130435
			61.9565217391304	-25.6521739130435
			62.1739130434783	-25.8695652173913
			62.3913043478261	-25.8695652173913
			62.3913043478261	-26.0869565217391
			62.6086956521739	-26.0869565217391
			62.8260869565217	-26.304347826087
			63.0434782608696	-26.304347826087
			63.2608695652174	-26.304347826087
			63.4782608695652	-26.5217391304348
			63.695652173913	-26.5217391304348
			63.9130434782609	-26.7391304347826
			63.9130434782609	-26.9565217391304
			63.9130434782609	-27.1739130434783
			64.1304347826087	-27.3913043478261
			64.1304347826087	-27.6086956521739
			64.3478260869565	-27.8260869565217
			64.3478260869565	-28.0434782608696
			64.5652173913043	-28.2608695652174
			64.5652173913043	-28.4782608695652
			64.5652173913043	-28.695652173913
			64.7826086956522	-28.9130434782609
			64.7826086956522	-29.1304347826087
			64.7826086956522	-29.3478260869565
			64.7826086956522	-29.5652173913043
			65	-29.7826086956522
			65	-30
			65	-30.2173913043478
			65	-30.4347826086957
			65	-30.6521739130435
			65.2173913043478	-30.8695652173913
			65.2173913043478	-31.0869565217391
			65.2173913043478	-31.304347826087
			65.2173913043478	-31.5217391304348
			65.2173913043478	-31.7391304347826
			65.2173913043478	-31.9565217391304
			65.2173913043478	-32.1739130434783
			65	-32.3913043478261
			65	-32.6086956521739
			65	-32.8260869565217
			65	-33.0434782608696
			65	-33.2608695652174
			64.7826086956522	-33.2608695652174
			64.7826086956522	-33.4782608695652
			64.7826086956522	-33.695652173913
			64.5652173913043	-33.9130434782609
			64.5652173913043	-34.1304347826087
			64.3478260869565	-34.3478260869565
			64.3478260869565	-34.5652173913043
			64.1304347826087	-34.7826086956522
			63.9130434782609	-35
			63.695652173913	-35.2173913043478
			63.4782608695652	-35.4347826086956
			63.2608695652174	-35.6521739130435
			63.0434782608696	-35.8695652173913
			62.8260869565217	-36.0869565217391
			62.6086956521739	-36.0869565217391
			62.3913043478261	-36.304347826087
			62.1739130434783	-36.304347826087
			61.9565217391304	-36.5217391304348
			61.7391304347826	-36.5217391304348
			61.5217391304348	-36.7391304347826
			61.304347826087	-36.7391304347826
			61.0869565217391	-36.9565217391304
			60.8695652173913	-36.9565217391304
			60.6521739130435	-36.9565217391304
			60.4347826086956	-37.1739130434783
			60.2173913043478	-37.1739130434783
			60	-37.1739130434783
			59.7826086956522	-37.3913043478261
			59.5652173913043	-37.3913043478261
			59.3478260869565	-37.6086956521739
			59.1304347826087	-37.6086956521739
			58.9130434782609	-37.8260869565217
			58.695652173913	-37.8260869565217
			58.695652173913	-38.0434782608696
			58.4782608695652	-38.2608695652174
			58.695652173913	-38.4782608695652
			58.9130434782609	-38.4782608695652
			59.1304347826087	-38.695652173913
			59.3478260869565	-38.695652173913
			59.5652173913043	-38.695652173913
			59.7826086956522	-38.695652173913
			60	-38.695652173913
			60.2173913043478	-38.695652173913
			60.4347826086956	-38.695652173913
			60.6521739130435	-38.695652173913
			60.8695652173913	-38.695652173913
			61.0869565217391	-38.695652173913
			61.304347826087	-38.695652173913
			61.5217391304348	-38.695652173913
			61.7391304347826	-38.695652173913
			61.9565217391304	-38.695652173913
			62.1739130434783	-38.695652173913
			62.3913043478261	-38.4782608695652
			62.6086956521739	-38.2608695652174
			62.8260869565217	-38.2608695652174
			63.0434782608696	-38.0434782608696
			63.2608695652174	-37.8260869565217
			63.4782608695652	-37.6086956521739
			63.695652173913	-37.3913043478261
			63.9130434782609	-37.1739130434783
			64.1304347826087	-37.1739130434783
			64.3478260869565	-36.9565217391304
			64.5652173913043	-36.7391304347826
			64.7826086956522	-36.7391304347826
			65	-36.5217391304348
			65.2173913043478	-36.304347826087
			65.4347826086957	-36.304347826087
			65.6521739130435	-36.0869565217391
			65.8695652173913	-35.8695652173913
			66.0869565217391	-35.8695652173913
			66.304347826087	-35.6521739130435
			66.5217391304348	-35.4347826086956
			66.7391304347826	-35.4347826086956
			66.9565217391304	-35.2173913043478
			67.1739130434783	-35.2173913043478
			67.3913043478261	-35.2173913043478
			67.6086956521739	-35
			67.8260869565217	-35
			68.0434782608696	-34.7826086956522
			68.2608695652174	-34.7826086956522
			68.4782608695652	-34.7826086956522
			68.695652173913	-34.5652173913043
			68.9130434782609	-34.5652173913043
			69.1304347826087	-34.5652173913043
			69.3478260869565	-34.5652173913043
			69.3478260869565	-34.7826086956522
			69.5652173913043	-34.7826086956522
			69.7826086956522	-35
			70	-35
			70.2173913043478	-35.2173913043478
			70.4347826086957	-35.4347826086956
			70.6521739130435	-35.4347826086956
			70.8695652173913	-35.6521739130435
			71.0869565217391	-35.6521739130435
			71.304347826087	-35.8695652173913
			71.5217391304348	-36.0869565217391
			71.7391304347826	-36.0869565217391
			71.9565217391304	-36.304347826087
		</suture>
		<anterior type=matrix rownames=FALSE colnames=FALSE nrow=252 ncol=2 as.numeric=TRUE >
			39.7826086956522	-2.39130434782609
			40	-2.39130434782609
			40.2173913043478	-2.39130434782609
			40.4347826086956	-2.60869565217391
			40.6521739130435	-2.60869565217391
			40.8695652173913	-2.60869565217391
			41.0869565217391	-2.60869565217391
			41.304347826087	-2.82608695652174
			41.5217391304348	-2.82608695652174
			41.7391304347826	-2.82608695652174
			41.9565217391304	-2.82608695652174
			42.1739130434783	-3.04347826086956
			42.3913043478261	-3.04347826086956
			42.6086956521739	-3.04347826086956
			42.8260869565217	-3.04347826086956
			43.0434782608696	-3.26086956521739
			43.2608695652174	-3.26086956521739
			43.4782608695652	-3.26086956521739
			43.695652173913	-3.47826086956522
			43.9130434782609	-3.47826086956522
			44.1304347826087	-3.47826086956522
			44.3478260869565	-3.69565217391304
			44.5652173913043	-3.69565217391304
			44.7826086956522	-3.69565217391304
			45	-3.69565217391304
			45.2173913043478	-3.91304347826087
			45.4347826086956	-3.91304347826087
			45.6521739130435	-3.91304347826087
			45.8695652173913	-4.1304347826087
			46.0869565217391	-4.1304347826087
			46.304347826087	-4.1304347826087
			46.5217391304348	-4.34782608695652
			46.7391304347826	-4.34782608695652
			46.9565217391304	-4.34782608695652
			47.1739130434783	-4.56521739130435
			47.3913043478261	-4.56521739130435
			47.6086956521739	-4.78260869565217
			47.8260869565217	-4.78260869565217
			48.0434782608696	-4.78260869565217
			48.2608695652174	-5
			48.4782608695652	-5
			48.695652173913	-5.21739130434783
			48.9130434782609	-5.21739130434783
			49.1304347826087	-5.43478260869565
			49.3478260869565	-5.43478260869565
			49.5652173913043	-5.65217391304348
			49.7826086956522	-5.65217391304348
			50	-5.65217391304348
			50.2173913043478	-5.8695652173913
			50.4347826086956	-5.8695652173913
			50.6521739130435	-6.08695652173913
			50.8695652173913	-6.08695652173913
			51.0869565217391	-6.30434782608696
			51.304347826087	-6.30434782608696
			51.5217391304348	-6.52173913043478
			51.7391304347826	-6.52173913043478
			51.9565217391304	-6.73913043478261
			52.1739130434783	-6.73913043478261
			52.3913043478261	-6.95652173913043
			52.6086956521739	-6.95652173913043
			52.8260869565217	-7.17391304347826
			53.0434782608696	-7.39130434782609
			53.2608695652174	-7.39130434782609
			53.4782608695652	-7.60869565217391
			53.695652173913	-7.60869565217391
			53.9130434782609	-7.82608695652174
			54.1304347826087	-8.04347826086956
			54.3478260869565	-8.04347826086956
			54.5652173913043	-8.26086956521739
			54.7826086956522	-8.26086956521739
			55	-8.47826086956522
			55.2173913043478	-8.47826086956522
			55.4347826086956	-8.69565217391304
			55.4347826086956	-8.91304347826087
			55.6521739130435	-8.91304347826087
			55.8695652173913	-9.1304347826087
			56.0869565217391	-9.1304347826087
			56.304347826087	-9.34782608695652
			56.5217391304348	-9.56521739130435
			56.7391304347826	-9.78260869565217
			56.9565217391304	-9.78260869565217
			57.1739130434783	-10
			57.3913043478261	-10.2173913043478
			57.6086956521739	-10.4347826086957
			57.8260869565217	-10.4347826086957
			58.0434782608696	-10.6521739130435
			58.2608695652174	-10.8695652173913
			58.4782608695652	-11.0869565217391
			58.695652173913	-11.0869565217391
			58.695652173913	-11.304347826087
			58.9130434782609	-11.5217391304348
			59.1304347826087	-11.7391304347826
			59.3478260869565	-11.7391304347826
			59.5652173913043	-11.9565217391304
			59.7826086956522	-12.1739130434783
			60	-12.3913043478261
			60.2173913043478	-12.6086956521739
			60.4347826086956	-12.8260869565217
			60.6521739130435	-13.0434782608696
			60.8695652173913	-13.2608695652174
			61.0869565217391	-13.4782608695652
			61.304347826087	-13.695652173913
			61.5217391304348	-13.9130434782609
			61.7391304347826	-14.1304347826087
			61.9565217391304	-14.3478260869565
			62.1739130434783	-14.5652173913043
			62.3913043478261	-14.7826086956522
			62.6086956521739	-15
			62.6086956521739	-15.2173913043478
			62.8260869565217	-15.2173913043478
			62.8260869565217	-15.4347826086957
			63.0434782608696	-15.6521739130435
			63.2608695652174	-15.8695652173913
			63.4782608695652	-16.0869565217391
			63.695652173913	-16.304347826087
			63.695652173913	-16.5217391304348
			63.9130434782609	-16.7391304347826
			63.9130434782609	-16.9565217391304
			64.1304347826087	-16.9565217391304
			64.3478260869565	-17.1739130434783
			64.3478260869565	-17.3913043478261
			64.5652173913043	-17.6086956521739
			64.5652173913043	-17.8260869565217
			64.7826086956522	-18.0434782608696
			65	-18.0434782608696
			65	-18.2608695652174
			65.2173913043478	-18.4782608695652
			65.2173913043478	-18.695652173913
			65.4347826086957	-18.9130434782609
			65.6521739130435	-19.1304347826087
			65.6521739130435	-19.3478260869565
			65.8695652173913	-19.5652173913043
			66.0869565217391	-19.7826086956522
			66.0869565217391	-20
			66.304347826087	-20.2173913043478
			66.304347826087	-20.4347826086957
			66.5217391304348	-20.4347826086957
			66.5217391304348	-20.6521739130435
			66.5217391304348	-20.8695652173913
			66.7391304347826	-20.8695652173913
			66.7391304347826	-21.0869565217391
			66.9565217391304	-21.304347826087
			66.9565217391304	-21.5217391304348
			67.1739130434783	-21.7391304347826
			67.1739130434783	-21.9565217391304
			67.3913043478261	-22.1739130434783
			67.3913043478261	-22.3913043478261
			67.6086956521739	-22.6086956521739
			67.6086956521739	-22.8260869565217
			67.8260869565217	-22.8260869565217
			67.8260869565217	-23.0434782608696
			67.8260869565217	-23.2608695652174
			68.0434782608696	-23.4782608695652
			68.0434782608696	-23.695652173913
			68.2608695652174	-23.9130434782609
			68.2608695652174	-24.1304347826087
			68.4782608695652	-24.3478260869565
			68.4782608695652	-24.5652173913043
			68.695652173913	-24.7826086956522
			68.695652173913	-25
			68.9130434782609	-25.2173913043478
			68.9130434782609	-25.4347826086957
			68.9130434782609	-25.6521739130435
			69.1304347826087	-25.6521739130435
			69.1304347826087	-25.8695652173913
			69.1304347826087	-26.0869565217391
			69.3478260869565	-26.304347826087
			69.3478260869565	-26.5217391304348
			69.3478260869565	-26.7391304347826
			69.5652173913043	-26.9565217391304
			69.5652173913043	-27.1739130434783
			69.7826086956522	-27.3913043478261
			69.7826086956522	-27.6086956521739
			69.7826086956522	-27.8260869565217
			70	-28.0434782608696
			70	-28.2608695652174
			70	-28.4782608695652
			70.2173913043478	-28.695652173913
			70.2173913043478	-28.9130434782609
			70.2173913043478	-29.1304347826087
			70.4347826086957	-29.3478260869565
			70.4347826086957	-29.5652173913043
			70.4347826086957	-29.7826086956522
			70.6521739130435	-30
			70.6521739130435	-30.2173913043478
			70.6521739130435	-30.4347826086957
			70.8695652173913	-30.6521739130435
			70.8695652173913	-30.8695652173913
			70.8695652173913	-31.0869565217391
			70.8695652173913	-31.304347826087
			71.0869565217391	-31.5217391304348
			71.0869565217391	-31.7391304347826
			71.0869565217391	-31.9565217391304
			71.304347826087	-32.1739130434783
			71.304347826087	-32.3913043478261
			71.304347826087	-32.6086956521739
			71.304347826087	-32.8260869565217
			71.5217391304348	-33.0434782608696
			71.5217391304348	-33.2608695652174
			71.5217391304348	-33.4782608695652
			71.5217391304348	-33.695652173913
			71.7391304347826	-33.9130434782609
			71.7391304347826	-34.1304347826087
			71.7391304347826	-34.3478260869565
			71.7391304347826	-34.5652173913043
			71.7391304347826	-34.7826086956522
			71.9565217391304	-34.7826086956522
			71.9565217391304	-35
			71.9565217391304	-35.2173913043478
			71.9565217391304	-35.4347826086956
			71.9565217391304	-35.6521739130435
			72.1739130434783	-35.8695652173913
			72.1739130434783	-36.0869565217391
			72.1739130434783	-36.304347826087
			72.1739130434783	-36.5217391304348
			72.1739130434783	-36.7391304347826
			72.3913043478261	-36.9565217391304
			72.3913043478261	-37.1739130434783
			72.3913043478261	-37.3913043478261
			72.3913043478261	-37.6086956521739
			72.3913043478261	-37.8260869565217
			72.3913043478261	-38.0434782608696
			72.6086956521739	-38.2608695652174
			72.6086956521739	-38.4782608695652
			72.6086956521739	-38.695652173913
			72.6086956521739	-38.9130434782609
			72.6086956521739	-39.1304347826087
			72.6086956521739	-39.3478260869565
			72.6086956521739	-39.5652173913043
			72.8260869565217	-39.7826086956522
			72.8260869565217	-40
			72.8260869565217	-40.2173913043478
			72.8260869565217	-40.4347826086956
			72.8260869565217	-40.6521739130435
			72.8260869565217	-40.8695652173913
			72.8260869565217	-41.0869565217391
			72.8260869565217	-41.304347826087
			73.0434782608696	-41.5217391304348
			73.0434782608696	-41.7391304347826
			73.0434782608696	-41.9565217391304
			73.0434782608696	-42.1739130434783
			73.0434782608696	-42.3913043478261
			73.0434782608696	-42.6086956521739
			73.0434782608696	-42.8260869565217
			73.0434782608696	-43.0434782608696
			73.0434782608696	-43.2608695652174
			73.2608695652174	-43.4782608695652
			73.2608695652174	-43.695652173913
			73.2608695652174	-43.9130434782609
			73.2608695652174	-44.1304347826087
			73.2608695652174	-44.3478260869565
			73.2608695652174	-44.5652173913043
		</anterior>
		<posterior type=matrix rownames=FALSE colnames=FALSE nrow=377 ncol=2 as.numeric=TRUE >
			40	-44.5652173913043
			40.2173913043478	-44.5652173913043
			40.4347826086956	-44.5652173913043
			40.6521739130435	-44.7826086956522
			40.8695652173913	-44.7826086956522
			41.0869565217391	-44.7826086956522
			41.304347826087	-44.7826086956522
			41.5217391304348	-44.7826086956522
			41.7391304347826	-44.7826086956522
			41.9565217391304	-44.7826086956522
			42.1739130434783	-45
			42.3913043478261	-45
			42.6086956521739	-45
			42.8260869565217	-45
			43.0434782608696	-45
			43.2608695652174	-45
			43.4782608695652	-45
			43.695652173913	-45
			43.9130434782609	-45
			44.1304347826087	-45
			44.3478260869565	-45
			44.5652173913043	-45
			44.7826086956522	-45
			45	-45
			45.2173913043478	-45
			45.4347826086956	-45
			45.6521739130435	-45
			45.8695652173913	-44.7826086956522
			46.0869565217391	-44.7826086956522
			46.304347826087	-44.7826086956522
			46.5217391304348	-44.7826086956522
			46.7391304347826	-44.7826086956522
			46.9565217391304	-44.5652173913043
			47.1739130434783	-44.5652173913043
			47.3913043478261	-44.5652173913043
			47.6086956521739	-44.3478260869565
			47.8260869565217	-44.3478260869565
			48.0434782608696	-44.1304347826087
			48.2608695652174	-44.1304347826087
			48.4782608695652	-44.1304347826087
			48.695652173913	-44.1304347826087
			48.9130434782609	-44.1304347826087
			49.1304347826087	-44.1304347826087
			49.3478260869565	-44.1304347826087
			49.5652173913043	-44.1304347826087
			49.7826086956522	-43.9130434782609
			50	-43.9130434782609
			50.2173913043478	-43.9130434782609
			50.4347826086956	-43.9130434782609
			50.6521739130435	-43.9130434782609
			50.8695652173913	-43.9130434782609
			51.0869565217391	-43.9130434782609
			51.304347826087	-43.9130434782609
			51.5217391304348	-43.9130434782609
			51.7391304347826	-43.9130434782609
			51.9565217391304	-43.9130434782609
			52.1739130434783	-43.9130434782609
			52.3913043478261	-43.9130434782609
			52.6086956521739	-43.9130434782609
			52.8260869565217	-43.9130434782609
			53.0434782608696	-43.9130434782609
			53.2608695652174	-43.9130434782609
			53.4782608695652	-43.9130434782609
			53.695652173913	-43.9130434782609
			53.9130434782609	-44.1304347826087
			54.1304347826087	-44.1304347826087
			54.3478260869565	-44.1304347826087
			54.5652173913043	-44.1304347826087
			54.7826086956522	-44.1304347826087
			55	-44.1304347826087
			55.2173913043478	-44.1304347826087
			55.4347826086956	-44.1304347826087
			55.6521739130435	-44.1304347826087
			55.8695652173913	-44.1304347826087
			56.0869565217391	-44.3478260869565
			56.304347826087	-44.3478260869565
			56.5217391304348	-44.3478260869565
			56.7391304347826	-44.3478260869565
			56.9565217391304	-44.3478260869565
			57.1739130434783	-44.3478260869565
			57.3913043478261	-44.5652173913043
			57.6086956521739	-44.5652173913043
			57.8260869565217	-44.5652173913043
			58.0434782608696	-44.5652173913043
			58.2608695652174	-44.5652173913043
			58.4782608695652	-44.7826086956522
			58.695652173913	-44.7826086956522
			58.9130434782609	-44.7826086956522
			59.1304347826087	-44.7826086956522
			59.3478260869565	-44.7826086956522
			59.5652173913043	-45
			59.7826086956522	-45
			60	-45
			60.2173913043478	-45.2173913043478
			60.4347826086956	-45.2173913043478
			60.6521739130435	-45.2173913043478
			60.8695652173913	-45.4347826086956
			61.0869565217391	-45.4347826086956
			61.304347826087	-45.4347826086956
			61.5217391304348	-45.6521739130435
			61.7391304347826	-45.6521739130435
			61.9565217391304	-45.6521739130435
			62.1739130434783	-45.8695652173913
			62.3913043478261	-45.8695652173913
			62.6086956521739	-46.0869565217391
			62.8260869565217	-46.0869565217391
			63.0434782608696	-46.0869565217391
			63.2608695652174	-46.304347826087
			63.4782608695652	-46.304347826087
			63.695652173913	-46.5217391304348
			63.9130434782609	-46.5217391304348
			64.1304347826087	-46.7391304347826
			64.3478260869565	-46.7391304347826
			64.5652173913043	-46.9565217391304
			64.7826086956522	-46.9565217391304
			65	-47.1739130434783
			65.2173913043478	-47.3913043478261
			65.4347826086957	-47.3913043478261
			65.6521739130435	-47.3913043478261
			65.8695652173913	-47.6086956521739
			66.0869565217391	-47.8260869565217
			66.304347826087	-47.8260869565217
			66.5217391304348	-48.0434782608696
			66.7391304347826	-48.0434782608696
			66.9565217391304	-48.2608695652174
			67.1739130434783	-48.4782608695652
			67.3913043478261	-48.695652173913
			67.6086956521739	-48.695652173913
			67.8260869565217	-48.9130434782609
			68.0434782608696	-49.1304347826087
			68.0434782608696	-49.3478260869565
			68.2608695652174	-49.5652173913043
			68.4782608695652	-49.7826086956522
			68.4782608695652	-50
			68.4782608695652	-50.2173913043478
			68.695652173913	-50.4347826086956
			68.695652173913	-50.6521739130435
			68.9130434782609	-50.6521739130435
			68.9130434782609	-50.8695652173913
			69.1304347826087	-51.0869565217391
			69.1304347826087	-51.304347826087
			69.3478260869565	-51.5217391304348
			69.3478260869565	-51.7391304347826
			69.5652173913043	-51.9565217391304
			69.5652173913043	-52.1739130434783
			69.5652173913043	-52.3913043478261
			69.7826086956522	-52.3913043478261
			69.7826086956522	-52.6086956521739
			70	-52.8260869565217
			70	-53.0434782608696
			70.2173913043478	-53.2608695652174
			70.2173913043478	-53.4782608695652
			70.2173913043478	-53.695652173913
			70.4347826086957	-53.9130434782609
			70.4347826086957	-54.1304347826087
			70.6521739130435	-54.3478260869565
			70.6521739130435	-54.5652173913043
			70.6521739130435	-54.7826086956522
			70.8695652173913	-55
			70.8695652173913	-55.2173913043478
			70.8695652173913	-55.4347826086956
			71.0869565217391	-55.6521739130435
			71.0869565217391	-55.8695652173913
			71.0869565217391	-56.0869565217391
			71.304347826087	-56.304347826087
			71.304347826087	-56.5217391304348
			71.5217391304348	-56.7391304347826
			71.5217391304348	-56.9565217391304
			71.5217391304348	-57.1739130434783
			71.7391304347826	-57.3913043478261
			71.7391304347826	-57.6086956521739
			71.7391304347826	-57.8260869565217
			71.9565217391304	-58.0434782608696
			71.9565217391304	-58.2608695652174
			71.9565217391304	-58.4782608695652
			71.9565217391304	-58.695652173913
			72.1739130434783	-58.9130434782609
			72.1739130434783	-59.1304347826087
			72.1739130434783	-59.3478260869565
			72.3913043478261	-59.5652173913043
			72.3913043478261	-59.7826086956522
			72.3913043478261	-60
			72.3913043478261	-60.2173913043478
			72.6086956521739	-60.4347826086956
			72.6086956521739	-60.6521739130435
			72.6086956521739	-60.8695652173913
			72.6086956521739	-61.0869565217391
			72.8260869565217	-61.304347826087
			72.8260869565217	-61.5217391304348
			72.8260869565217	-61.7391304347826
			72.8260869565217	-61.9565217391304
			72.8260869565217	-62.1739130434783
			73.0434782608696	-62.3913043478261
			73.0434782608696	-62.6086956521739
			73.0434782608696	-62.8260869565217
			73.0434782608696	-63.0434782608696
			73.0434782608696	-63.2608695652174
			73.2608695652174	-63.4782608695652
			73.2608695652174	-63.695652173913
			73.2608695652174	-63.9130434782609
			73.2608695652174	-64.1304347826087
			73.2608695652174	-64.3478260869565
			73.4782608695652	-64.5652173913043
			73.4782608695652	-64.7826086956522
			73.4782608695652	-65
			73.4782608695652	-65.2173913043478
			73.4782608695652	-65.4347826086957
			73.4782608695652	-65.6521739130435
			73.695652173913	-65.8695652173913
			73.695652173913	-66.0869565217391
			73.695652173913	-66.304347826087
			73.695652173913	-66.5217391304348
			73.695652173913	-66.7391304347826
			73.695652173913	-66.9565217391304
			73.695652173913	-67.1739130434783
			73.9130434782609	-67.3913043478261
			73.9130434782609	-67.6086956521739
			73.9130434782609	-67.8260869565217
			73.9130434782609	-68.0434782608696
			73.9130434782609	-68.2608695652174
			73.9130434782609	-68.4782608695652
			73.9130434782609	-68.695652173913
			73.9130434782609	-68.9130434782609
			73.9130434782609	-69.1304347826087
			74.1304347826087	-69.3478260869565
			74.1304347826087	-69.5652173913043
			74.1304347826087	-69.7826086956522
			74.1304347826087	-70
			74.1304347826087	-70.2173913043478
			74.1304347826087	-70.4347826086957
			74.1304347826087	-70.6521739130435
			74.1304347826087	-70.8695652173913
			74.1304347826087	-71.0869565217391
			74.1304347826087	-71.304347826087
			74.1304347826087	-71.5217391304348
			74.3478260869565	-71.7391304347826
			74.3478260869565	-71.9565217391304
			74.3478260869565	-72.1739130434783
			74.3478260869565	-72.3913043478261
			74.3478260869565	-72.6086956521739
			74.3478260869565	-72.8260869565217
			74.3478260869565	-73.0434782608696
			74.3478260869565	-72.8260869565217
			74.5652173913043	-72.6086956521739
			74.5652173913043	-72.3913043478261
			74.5652173913043	-72.1739130434783
			74.5652173913043	-71.9565217391304
			74.7826086956522	-71.7391304347826
			74.7826086956522	-71.5217391304348
			74.7826086956522	-71.304347826087
			74.7826086956522	-71.0869565217391
			74.7826086956522	-70.8695652173913
			74.7826086956522	-70.6521739130435
			75	-70.6521739130435
			75	-70.4347826086957
			75	-70.2173913043478
			75	-70
			75	-69.7826086956522
			75	-69.5652173913043
			75	-69.3478260869565
			75.2173913043478	-69.3478260869565
			75.2173913043478	-69.1304347826087
			75.2173913043478	-68.9130434782609
			75.2173913043478	-68.695652173913
			75.2173913043478	-68.4782608695652
			75.2173913043478	-68.2608695652174
			75.2173913043478	-68.0434782608696
			75.2173913043478	-67.8260869565217
			75.4347826086957	-67.6086956521739
			75.4347826086957	-67.3913043478261
			75.4347826086957	-67.1739130434783
			75.4347826086957	-66.9565217391304
			75.4347826086957	-66.7391304347826
			75.4347826086957	-66.5217391304348
			75.4347826086957	-66.304347826087
			75.4347826086957	-66.0869565217391
			75.4347826086957	-65.8695652173913
			75.4347826086957	-65.6521739130435
			75.6521739130435	-65.4347826086957
			75.6521739130435	-65.2173913043478
			75.6521739130435	-65
			75.6521739130435	-64.7826086956522
			75.6521739130435	-64.5652173913043
			75.6521739130435	-64.3478260869565
			75.6521739130435	-64.1304347826087
			75.6521739130435	-63.9130434782609
			75.6521739130435	-63.695652173913
			75.6521739130435	-63.4782608695652
			75.6521739130435	-63.2608695652174
			75.6521739130435	-63.0434782608696
			75.6521739130435	-62.8260869565217
			75.6521739130435	-62.6086956521739
			75.6521739130435	-62.3913043478261
			75.6521739130435	-62.1739130434783
			75.6521739130435	-61.9565217391304
			75.6521739130435	-61.7391304347826
			75.6521739130435	-61.5217391304348
			75.6521739130435	-61.304347826087
			75.6521739130435	-61.0869565217391
			75.6521739130435	-60.8695652173913
			75.6521739130435	-60.6521739130435
			75.6521739130435	-60.4347826086956
			75.6521739130435	-60.2173913043478
			75.6521739130435	-60
			75.6521739130435	-59.7826086956522
			75.6521739130435	-59.5652173913043
			75.6521739130435	-59.3478260869565
			75.6521739130435	-59.1304347826087
			75.6521739130435	-58.9130434782609
			75.6521739130435	-58.695652173913
			75.6521739130435	-58.4782608695652
			75.6521739130435	-58.2608695652174
			75.6521739130435	-58.0434782608696
			75.6521739130435	-57.8260869565217
			75.6521739130435	-57.6086956521739
			75.6521739130435	-57.3913043478261
			75.6521739130435	-57.1739130434783
			75.6521739130435	-56.9565217391304
			75.4347826086957	-56.7391304347826
			75.4347826086957	-56.5217391304348
			75.4347826086957	-56.304347826087
			75.4347826086957	-56.0869565217391
			75.4347826086957	-55.8695652173913
			75.4347826086957	-55.6521739130435
			75.4347826086957	-55.4347826086956
			75.4347826086957	-55.2173913043478
			75.4347826086957	-55
			75.2173913043478	-54.7826086956522
			75.2173913043478	-54.5652173913043
			75.2173913043478	-54.3478260869565
			75.2173913043478	-54.1304347826087
			75.2173913043478	-53.9130434782609
			75.2173913043478	-53.695652173913
			75.2173913043478	-53.4782608695652
			75	-53.2608695652174
			75	-53.0434782608696
			75	-52.8260869565217
			75	-52.6086956521739
			75	-52.3913043478261
			75	-52.1739130434783
			74.7826086956522	-51.9565217391304
			74.7826086956522	-51.7391304347826
			74.7826086956522	-51.5217391304348
			74.7826086956522	-51.304347826087
			74.7826086956522	-51.0869565217391
			74.7826086956522	-50.8695652173913
			74.5652173913043	-50.6521739130435
			74.5652173913043	-50.4347826086956
			74.5652173913043	-50.2173913043478
			74.5652173913043	-50
			74.3478260869565	-49.7826086956522
			74.3478260869565	-49.5652173913043
			74.3478260869565	-49.3478260869565
			74.3478260869565	-49.1304347826087
			74.3478260869565	-48.9130434782609
			74.1304347826087	-48.695652173913
			74.1304347826087	-48.4782608695652
			74.1304347826087	-48.2608695652174
			74.1304347826087	-48.0434782608696
			73.9130434782609	-47.8260869565217
			73.9130434782609	-47.6086956521739
			73.9130434782609	-47.3913043478261
			73.9130434782609	-47.1739130434783
			73.9130434782609	-46.9565217391304
			73.695652173913	-46.9565217391304
			73.695652173913	-46.7391304347826
			73.695652173913	-46.5217391304348
			73.695652173913	-46.304347826087
			73.695652173913	-46.0869565217391
			73.4782608695652	-45.8695652173913
			73.4782608695652	-45.6521739130435
			73.4782608695652	-45.4347826086956
			73.4782608695652	-45.2173913043478
			73.4782608695652	-45
			73.2608695652174	-45
			73.2608695652174	-44.7826086956522
			73.2608695652174	-44.5652173913043
		</posterior>
	</curves.scaled>
	<ruler.points type=matrix rownames=TRUE colnames=FALSE nrow=2 ncol=2 as.numeric=TRUE >
		Ruler point 1	161	320
		Ruler point 2	184	320
	</ruler.points>
</shapes>

