<shapes type=list>
	<ruler.pixel type=vector names=FALSE length=1 as.numeric=TRUE >527</ruler.pixel>
	<ruler.interval type=vector names=FALSE length=1 as.numeric=TRUE >18.4</ruler.interval>
	<scaling.units type=vector names=FALSE length=1 as.numeric=FALSE >mm</scaling.units>
	<scaling type=vector names=FALSE length=1 as.numeric=TRUE >0.0349146110056926</scaling>
	<landmarks.pixel type=matrix rownames=TRUE colnames=FALSE nrow=16 ncol=2 as.numeric=TRUE >
		LM1	287	36
		LM2	289	85
		LM3	278	219
		LM4	277	274
		LM5	359	196
		LM6	352	233
		LM7	360	271
		LM8	357	159
		LM9	363	233
		LM10	288	36
		LM11	390	265
		LM12	445	290
		LM13	287	36
		LM14	403	190
		LM15	524	274
		LM16	521	527
	</landmarks.pixel>
	<landmarks.scaled type=matrix rownames=TRUE colnames=FALSE nrow=16 ncol=2 as.numeric=TRUE >
		LM1	10.0204933586338	-1.25692599620493
		LM2	10.0903225806452	-2.96774193548387
		LM3	9.70626185958254	-7.64629981024668
		LM4	9.67134724857685	-9.56660341555977
		LM5	12.5343453510436	-6.84326375711575
		LM6	12.2899430740038	-8.13510436432638
		LM7	12.5692599620493	-9.46185958254269
		LM8	12.4645161290323	-5.55142314990512
		LM9	12.6740037950664	-8.13510436432638
		LM10	10.0554079696395	-1.25692599620493
		LM11	13.6166982922201	-9.25237191650854
		LM12	15.5370018975332	-10.1252371916509
		LM13	10.0204933586338	-1.25692599620493
		LM14	14.0705882352941	-6.63377609108159
		LM15	18.2952561669829	-9.56660341555977
		LM16	18.1905123339658	-18.4
	</landmarks.scaled>
	<curves.control type=list>
		<glabella type=matrix rownames=FALSE colnames=FALSE nrow=9 ncol=2 as.numeric=TRUE >
			289	85
			320	87
			332	96
			355	119
			349	173
			367	185
			351	232
			360	250
			360	271
		</glabella>
		<suture type=matrix rownames=FALSE colnames=FALSE nrow=13 ncol=2 as.numeric=TRUE >
			288	36
			329	37
			354	50
			384	86
			353	158
			370	142
			387	186
			392	237
			361	234
			366	251
			389	266
			420	277
			445	290
		</suture>
		<anterior type=matrix rownames=FALSE colnames=FALSE nrow=3 ncol=2 as.numeric=TRUE >
			287	36
			467	44
			524	274
		</anterior>
		<posterior type=matrix rownames=FALSE colnames=FALSE nrow=13 ncol=2 as.numeric=TRUE >
			277	274
			313	278
			360	271
			445	289
			478	304
			501	316
			507	341
			522	422
			522	485
			521	506
			519	530
			556	466
			524	274
		</posterior>
	</curves.control>
	<curves.pixel type=list>
		<glabella type=matrix rownames=FALSE colnames=FALSE nrow=228 ncol=2 as.numeric=TRUE >
			289	85
			290	85
			291	85
			292	85
			293	85
			294	85
			295	85
			296	86
			297	86
			298	86
			299	86
			300	86
			301	86
			302	86
			303	86
			304	87
			305	87
			306	87
			307	87
			308	87
			309	87
			310	88
			311	88
			312	88
			313	88
			314	88
			315	89
			316	89
			317	89
			318	89
			318	90
			319	90
			320	90
			321	90
			322	91
			323	91
			324	92
			325	92
			326	92
			327	93
			328	94
			329	94
			330	95
			331	95
			331	96
			332	96
			333	97
			334	98
			335	99
			335	100
			336	101
			337	102
			338	103
			338	104
			339	105
			340	106
			340	107
			341	108
			341	109
			342	110
			342	111
			343	112
			344	113
			344	114
			344	115
			345	116
			345	117
			345	118
			346	119
			346	120
			346	121
			346	122
			347	123
			347	124
			347	125
			347	126
			348	127
			348	128
			348	129
			348	130
			349	131
			349	132
			349	133
			349	134
			349	135
			349	136
			349	137
			350	138
			350	139
			350	140
			350	141
			350	142
			350	143
			350	144
			350	145
			350	146
			350	147
			350	148
			350	149
			350	150
			350	151
			350	152
			350	153
			350	154
			350	155
			350	156
			350	157
			350	158
			350	159
			350	160
			350	161
			350	162
			350	163
			350	164
			350	165
			350	166
			350	167
			349	168
			349	169
			349	170
			349	171
			349	172
			349	173
			350	173
			350	174
			351	174
			351	175
			352	175
			352	176
			353	176
			353	177
			354	178
			355	179
			355	180
			356	181
			356	182
			357	183
			357	184
			357	185
			358	186
			358	187
			358	188
			358	189
			358	190
			358	191
			358	192
			358	193
			359	194
			359	195
			359	196
			359	197
			358	198
			358	199
			358	200
			358	201
			358	202
			358	203
			358	204
			358	205
			358	206
			358	207
			357	207
			357	208
			357	209
			357	210
			357	211
			357	212
			356	213
			356	214
			356	215
			356	216
			356	217
			355	218
			355	219
			355	220
			354	221
			354	222
			354	223
			354	224
			353	225
			353	226
			353	227
			352	228
			352	229
			352	230
			351	231
			351	232
			351	233
			352	233
			352	234
			352	235
			353	236
			353	237
			354	238
			354	239
			355	240
			355	241
			355	242
			356	243
			356	244
			356	245
			357	246
			357	247
			357	248
			357	249
			358	250
			358	251
			358	252
			358	253
			358	254
			359	254
			359	255
			359	256
			359	257
			359	258
			359	259
			359	260
			359	261
			360	262
			360	263
			360	264
			360	265
			360	266
			360	267
			360	268
			360	269
			360	270
			360	271
		</glabella>
		<suture type=matrix rownames=FALSE colnames=FALSE nrow=392 ncol=2 as.numeric=TRUE >
			288	36
			289	36
			290	36
			291	36
			292	36
			293	36
			294	36
			295	36
			296	36
			297	36
			298	36
			299	36
			300	37
			301	37
			302	37
			303	37
			304	37
			305	37
			306	37
			307	37
			308	37
			309	37
			310	38
			311	38
			312	38
			313	38
			314	38
			315	38
			316	38
			317	39
			318	39
			319	39
			320	39
			321	39
			322	39
			323	40
			324	40
			325	40
			326	40
			327	40
			328	41
			329	41
			330	41
			331	41
			332	42
			333	42
			334	42
			335	43
			336	43
			337	43
			338	43
			339	44
			340	44
			341	44
			342	45
			343	45
			344	45
			345	46
			346	46
			347	47
			348	47
			349	48
			350	48
			351	49
			352	49
			353	50
			354	51
			355	51
			356	52
			356	53
			357	54
			358	55
			358	56
			359	57
			359	58
			360	58
			360	59
			361	60
			361	61
			362	62
			362	63
			363	64
			363	65
			364	66
			364	67
			364	68
			365	69
			365	70
			365	71
			366	72
			366	73
			366	74
			367	75
			367	76
			367	77
			367	78
			367	79
			368	80
			368	81
			368	82
			368	83
			368	84
			368	85
			368	86
			368	87
			369	88
			369	89
			369	90
			369	91
			369	92
			369	93
			369	94
			369	95
			369	96
			369	97
			369	98
			369	99
			369	100
			369	101
			368	101
			368	102
			368	103
			368	104
			368	105
			368	106
			368	107
			368	108
			368	109
			368	110
			367	111
			367	112
			367	113
			367	114
			367	115
			366	116
			366	117
			366	118
			366	119
			366	120
			365	121
			365	122
			365	123
			365	124
			365	125
			364	125
			364	126
			364	127
			364	128
			364	129
			363	129
			363	130
			363	131
			363	132
			362	133
			362	134
			362	135
			361	136
			361	137
			361	138
			360	139
			360	140
			360	141
			359	142
			359	143
			359	144
			358	145
			358	146
			357	147
			357	148
			357	149
			356	150
			356	151
			355	152
			355	153
			355	154
			354	155
			354	156
			353	157
			353	158
			354	157
			355	156
			356	156
			357	155
			358	155
			359	154
			360	154
			361	154
			362	154
			363	154
			364	154
			365	154
			366	155
			367	155
			368	156
			369	156
			370	157
			371	157
			371	158
			372	159
			373	160
			374	161
			375	162
			376	163
			376	164
			377	165
			377	166
			378	166
			378	167
			379	168
			379	169
			380	170
			380	171
			381	172
			382	173
			382	174
			382	175
			383	175
			383	176
			383	177
			384	178
			384	179
			385	180
			385	181
			385	182
			386	183
			386	184
			386	185
			387	186
			387	187
			387	188
			387	189
			387	190
			387	191
			388	192
			388	193
			388	194
			388	195
			388	196
			388	197
			388	198
			388	199
			388	200
			388	201
			388	202
			388	203
			388	204
			388	205
			387	205
			387	206
			387	207
			387	208
			387	209
			387	210
			387	211
			387	212
			387	213
			386	213
			386	214
			386	215
			386	216
			386	217
			385	218
			385	219
			385	220
			384	220
			384	221
			384	222
			383	223
			383	224
			382	225
			381	226
			381	227
			380	227
			380	228
			379	229
			378	230
			377	231
			376	231
			375	232
			374	232
			373	233
			372	233
			371	233
			370	234
			369	234
			368	234
			367	234
			366	234
			365	234
			364	234
			363	234
			362	234
			361	234
			361	235
			362	236
			362	237
			362	238
			363	238
			363	239
			363	240
			364	241
			364	242
			365	243
			366	244
			366	245
			367	246
			368	247
			368	248
			369	249
			370	250
			371	251
			372	252
			373	253
			374	254
			374	255
			375	256
			376	257
			377	257
			378	258
			379	259
			380	260
			381	261
			382	261
			383	262
			384	262
			385	263
			386	264
			387	264
			388	265
			389	266
			390	266
			391	267
			392	267
			393	267
			394	268
			395	268
			396	269
			397	269
			398	269
			399	270
			400	270
			401	270
			402	271
			403	271
			404	271
			404	272
			405	272
			406	272
			407	273
			408	273
			409	274
			410	274
			411	274
			412	275
			413	275
			414	276
			415	276
			416	277
			417	277
			418	277
			419	278
			420	278
			421	278
			421	279
			422	279
			423	279
			423	280
			424	280
			425	280
			426	281
			427	281
			428	282
			429	282
			430	282
			430	283
			431	283
			432	283
			432	284
			433	284
			434	284
			434	285
			435	285
			436	285
			437	286
			438	286
			439	287
			440	288
			441	288
			442	288
			443	289
			444	290
			445	290
		</suture>
		<anterior type=matrix rownames=FALSE colnames=FALSE nrow=336 ncol=2 as.numeric=TRUE >
			287	36
			288	36
			289	36
			290	36
			291	36
			292	36
			293	36
			294	36
			295	36
			296	37
			297	37
			298	37
			299	37
			300	37
			301	37
			302	37
			303	37
			304	37
			305	37
			306	38
			307	38
			308	38
			309	38
			310	38
			311	38
			312	38
			313	38
			314	39
			315	39
			316	39
			317	39
			318	39
			319	39
			320	40
			321	40
			322	40
			323	40
			324	40
			325	40
			326	41
			327	41
			328	41
			329	41
			330	42
			331	42
			332	42
			333	42
			334	42
			335	43
			336	43
			337	43
			338	43
			339	44
			340	44
			341	44
			342	44
			343	45
			344	45
			345	45
			346	45
			347	46
			348	46
			349	46
			350	47
			351	47
			352	48
			353	48
			354	48
			355	48
			355	49
			356	49
			357	49
			358	49
			359	50
			360	50
			361	51
			362	51
			363	51
			364	52
			365	52
			366	52
			367	53
			368	53
			369	54
			370	54
			371	54
			371	55
			372	55
			373	56
			374	56
			375	56
			376	57
			377	57
			378	58
			379	58
			380	59
			381	59
			382	60
			383	61
			384	61
			385	62
			386	62
			387	62
			387	63
			388	63
			389	63
			389	64
			390	64
			391	65
			392	65
			393	66
			394	66
			395	67
			396	68
			397	68
			398	69
			399	70
			400	70
			401	71
			402	71
			403	72
			404	73
			405	74
			406	74
			407	75
			408	76
			409	77
			410	77
			411	78
			412	79
			413	79
			414	80
			415	81
			416	82
			417	83
			418	83
			419	84
			420	85
			421	86
			422	87
			423	87
			424	88
			425	89
			426	90
			427	91
			428	91
			429	92
			430	93
			431	94
			432	95
			432	96
			433	97
			434	98
			435	98
			436	99
			437	100
			438	101
			439	102
			440	103
			441	104
			441	105
			442	106
			443	107
			444	108
			445	109
			446	110
			447	111
			448	112
			448	113
			449	114
			450	115
			451	116
			452	117
			453	118
			453	119
			454	120
			455	121
			456	122
			457	123
			458	124
			458	125
			459	126
			460	127
			461	128
			462	129
			462	130
			463	131
			464	132
			464	133
			465	134
			466	135
			466	136
			467	137
			467	138
			468	138
			468	139
			469	140
			469	141
			470	142
			471	143
			472	144
			472	145
			473	146
			474	147
			474	148
			475	149
			476	150
			476	151
			476	152
			477	152
			477	153
			477	154
			478	154
			478	155
			479	156
			479	157
			480	158
			481	159
			481	160
			482	161
			482	162
			482	163
			483	163
			483	164
			484	165
			484	166
			485	167
			485	168
			486	169
			486	170
			487	171
			487	172
			488	173
			488	174
			489	175
			489	176
			490	177
			490	178
			491	179
			491	180
			492	181
			492	182
			493	183
			493	184
			494	185
			494	186
			495	187
			495	188
			495	189
			496	189
			496	190
			496	191
			497	192
			497	193
			498	194
			498	195
			498	196
			499	197
			499	198
			500	199
			500	200
			501	201
			501	202
			501	203
			502	204
			502	205
			502	206
			503	207
			503	208
			504	209
			504	210
			504	211
			505	212
			505	213
			506	214
			506	215
			506	216
			507	217
			507	218
			508	219
			508	220
			508	221
			508	222
			509	223
			509	224
			510	225
			510	226
			510	227
			511	228
			511	229
			511	230
			512	231
			512	232
			512	233
			513	234
			513	235
			513	236
			514	237
			514	238
			514	239
			514	240
			515	241
			515	242
			515	243
			516	244
			516	245
			516	246
			517	246
			517	247
			517	248
			517	249
			518	250
			518	251
			518	252
			518	253
			519	254
			519	255
			519	256
			520	257
			520	258
			520	259
			520	260
			521	261
			521	262
			521	263
			521	264
			522	265
			522	266
			522	267
			522	268
			523	269
			523	270
			523	271
			524	272
			524	273
			524	274
		</anterior>
		<posterior type=matrix rownames=FALSE colnames=FALSE nrow=698 ncol=2 as.numeric=TRUE >
			277	274
			278	274
			279	274
			280	274
			281	274
			282	275
			283	275
			284	275
			285	275
			286	275
			287	275
			288	275
			289	275
			290	275
			291	275
			292	275
			293	275
			294	275
			295	275
			296	275
			297	275
			298	275
			299	275
			300	275
			301	275
			302	275
			303	275
			304	275
			305	275
			306	275
			307	275
			308	275
			309	275
			310	275
			311	275
			312	275
			313	275
			314	275
			315	275
			316	275
			317	275
			318	275
			319	275
			320	275
			321	275
			322	275
			323	275
			324	275
			325	275
			326	275
			327	275
			328	275
			329	275
			330	274
			331	274
			332	274
			333	274
			334	274
			335	274
			336	274
			337	274
			338	274
			339	274
			340	273
			341	273
			342	273
			343	273
			344	273
			345	273
			346	273
			347	273
			348	273
			349	273
			350	272
			351	272
			352	272
			353	272
			354	272
			355	272
			356	272
			357	271
			358	271
			359	271
			360	271
			361	271
			362	271
			363	272
			364	272
			365	272
			366	272
			367	273
			368	273
			369	273
			370	273
			371	273
			372	274
			373	274
			374	274
			375	274
			376	274
			377	275
			378	275
			379	275
			380	275
			381	276
			382	276
			383	276
			384	276
			385	277
			386	277
			387	277
			388	277
			389	277
			390	278
			391	278
			392	278
			393	278
			394	278
			395	279
			396	279
			397	279
			398	280
			399	280
			400	280
			401	280
			402	281
			403	281
			404	281
			405	281
			406	281
			407	282
			408	282
			409	282
			410	282
			411	283
			412	283
			413	283
			414	284
			415	284
			416	284
			417	284
			418	285
			419	285
			420	285
			421	285
			422	286
			423	286
			424	286
			425	286
			426	287
			427	287
			428	287
			429	287
			430	288
			431	288
			432	288
			433	289
			434	289
			435	289
			436	290
			437	290
			438	290
			439	290
			440	291
			441	291
			442	291
			443	291
			444	292
			445	292
			446	292
			447	293
			448	293
			449	293
			450	293
			450	294
			451	294
			452	294
			453	294
			453	295
			454	295
			455	295
			456	295
			457	296
			458	296
			459	297
			460	297
			461	297
			462	298
			463	298
			464	298
			465	299
			466	299
			467	299
			468	300
			469	300
			470	301
			471	301
			472	301
			472	302
			473	302
			474	302
			475	303
			476	303
			477	304
			478	304
			479	304
			479	305
			480	305
			481	305
			481	306
			482	306
			483	307
			484	308
			485	308
			486	309
			487	310
			488	311
			489	312
			490	312
			491	313
			492	314
			493	315
			494	316
			495	317
			496	318
			497	319
			497	320
			498	321
			499	322
			500	323
			500	324
			501	325
			501	326
			502	327
			502	328
			503	329
			503	330
			504	331
			504	332
			505	333
			505	334
			505	335
			506	336
			506	337
			506	338
			507	339
			507	340
			507	341
			507	342
			507	343
			508	344
			508	345
			508	346
			508	347
			508	348
			508	349
			509	350
			509	351
			509	352
			509	353
			509	354
			509	355
			510	356
			510	357
			510	358
			510	359
			510	360
			510	361
			511	361
			511	362
			511	363
			511	364
			511	365
			511	366
			512	367
			512	368
			512	369
			512	370
			512	371
			512	372
			512	373
			513	374
			513	375
			513	376
			513	377
			513	378
			513	379
			513	380
			514	380
			514	381
			514	382
			514	383
			514	384
			514	385
			514	386
			515	387
			515	388
			515	389
			515	390
			515	391
			515	392
			515	393
			515	394
			516	395
			516	396
			516	397
			516	398
			516	399
			516	400
			516	401
			517	402
			517	403
			517	404
			517	405
			517	406
			517	407
			517	408
			517	409
			517	410
			517	411
			518	412
			518	413
			518	414
			518	415
			518	416
			518	417
			518	418
			518	419
			519	420
			519	421
			519	422
			519	423
			519	424
			519	425
			519	426
			519	427
			519	428
			519	429
			519	430
			519	431
			520	431
			520	432
			520	433
			520	434
			520	435
			520	436
			520	437
			520	438
			520	439
			520	440
			520	441
			520	442
			520	443
			521	444
			521	445
			521	446
			521	447
			521	448
			521	449
			521	450
			521	451
			521	452
			521	453
			521	454
			521	455
			521	456
			521	457
			521	458
			521	459
			521	460
			522	461
			522	462
			522	463
			522	464
			522	465
			522	466
			522	467
			522	468
			522	469
			522	470
			522	471
			522	472
			522	473
			522	474
			522	475
			522	476
			522	477
			522	478
			522	479
			522	480
			522	481
			522	482
			522	483
			522	484
			522	485
			522	486
			522	487
			522	488
			522	489
			522	490
			522	491
			522	492
			522	493
			522	494
			521	495
			521	496
			521	497
			521	498
			521	499
			521	500
			521	501
			521	502
			521	503
			521	504
			521	505
			521	506
			521	507
			521	508
			521	509
			521	510
			520	511
			520	512
			520	513
			520	514
			520	515
			520	516
			520	517
			520	518
			520	519
			520	520
			520	521
			520	522
			520	523
			519	524
			519	525
			519	526
			519	527
			519	528
			519	529
			519	530
			520	529
			520	528
			521	527
			521	526
			522	525
			522	524
			523	523
			523	522
			523	521
			524	521
			524	520
			524	519
			525	518
			525	517
			526	516
			526	515
			527	514
			527	513
			527	512
			527	511
			528	510
			528	509
			528	508
			529	507
			529	506
			529	505
			530	504
			530	503
			530	502
			531	501
			531	500
			531	499
			531	498
			532	497
			532	496
			532	495
			532	494
			532	493
			533	492
			533	491
			533	490
			533	489
			534	488
			534	487
			534	486
			534	485
			534	484
			535	483
			535	482
			535	481
			535	480
			535	479
			535	478
			535	477
			536	477
			536	476
			536	475
			536	474
			536	473
			536	472
			536	471
			536	470
			537	469
			537	468
			537	467
			537	466
			537	465
			537	464
			537	463
			537	462
			537	461
			537	460
			538	459
			538	458
			538	457
			538	456
			538	455
			538	454
			538	453
			538	452
			538	451
			538	450
			538	449
			538	448
			538	447
			538	446
			538	445
			538	444
			538	443
			539	442
			539	441
			539	440
			539	439
			539	438
			539	437
			539	436
			539	435
			539	434
			539	433
			539	432
			539	431
			539	430
			539	429
			539	428
			539	427
			539	426
			539	425
			539	424
			539	423
			539	422
			539	421
			539	420
			539	419
			539	418
			539	417
			539	416
			539	415
			539	414
			539	413
			539	412
			539	411
			539	410
			539	409
			539	408
			539	407
			539	406
			538	405
			538	404
			538	403
			538	402
			538	401
			538	400
			538	399
			538	398
			538	397
			538	396
			538	395
			538	394
			538	393
			538	392
			538	391
			538	390
			538	389
			538	388
			538	387
			538	386
			538	385
			537	384
			537	383
			537	382
			537	381
			537	380
			537	379
			537	378
			537	377
			537	376
			537	375
			537	374
			537	373
			537	372
			536	371
			536	370
			536	369
			536	368
			536	367
			536	366
			536	365
			536	364
			536	363
			536	362
			536	361
			535	360
			535	359
			535	358
			535	357
			535	356
			535	355
			535	354
			535	353
			535	352
			535	351
			534	350
			534	349
			534	348
			534	347
			534	346
			534	345
			534	344
			534	343
			534	342
			534	341
			533	340
			533	339
			533	338
			533	337
			533	336
			533	335
			533	334
			533	333
			532	332
			532	331
			532	330
			532	329
			532	328
			532	327
			532	326
			532	325
			531	324
			531	323
			531	322
			531	321
			531	320
			531	319
			531	318
			531	317
			530	316
			530	315
			530	314
			530	313
			530	312
			530	311
			529	310
			529	309
			529	308
			529	307
			529	306
			529	305
			529	304
			529	303
			528	302
			528	301
			528	300
			528	299
			528	298
			528	297
			528	296
			527	295
			527	294
			527	293
			527	292
			527	291
			527	290
			526	289
			526	288
			526	287
			526	286
			526	285
			526	284
			525	283
			525	282
			525	281
			525	280
			525	279
			525	278
			524	277
			524	276
			524	275
			524	274
		</posterior>
	</curves.pixel>
	<curves.scaled type=list>
		<glabella type=matrix rownames=FALSE colnames=FALSE nrow=228 ncol=2 as.numeric=TRUE >
			10.0903225806452	-2.96774193548387
			10.1252371916509	-2.96774193548387
			10.1601518026565	-2.96774193548387
			10.1950664136622	-2.96774193548387
			10.2299810246679	-2.96774193548387
			10.2648956356736	-2.96774193548387
			10.2998102466793	-2.96774193548387
			10.334724857685	-3.00265654648956
			10.3696394686907	-3.00265654648956
			10.4045540796964	-3.00265654648956
			10.4394686907021	-3.00265654648956
			10.4743833017078	-3.00265654648956
			10.5092979127135	-3.00265654648956
			10.5442125237192	-3.00265654648956
			10.5791271347249	-3.00265654648956
			10.6140417457305	-3.03757115749526
			10.6489563567362	-3.03757115749526
			10.6838709677419	-3.03757115749526
			10.7187855787476	-3.03757115749526
			10.7537001897533	-3.03757115749526
			10.788614800759	-3.03757115749526
			10.8235294117647	-3.07248576850095
			10.8584440227704	-3.07248576850095
			10.8933586337761	-3.07248576850095
			10.9282732447818	-3.07248576850095
			10.9631878557875	-3.07248576850095
			10.9981024667932	-3.10740037950664
			11.0330170777989	-3.10740037950664
			11.0679316888046	-3.10740037950664
			11.1028462998102	-3.10740037950664
			11.1028462998102	-3.14231499051233
			11.1377609108159	-3.14231499051233
			11.1726755218216	-3.14231499051233
			11.2075901328273	-3.14231499051233
			11.242504743833	-3.17722960151803
			11.2774193548387	-3.17722960151803
			11.3123339658444	-3.21214421252372
			11.3472485768501	-3.21214421252372
			11.3821631878558	-3.21214421252372
			11.4170777988615	-3.24705882352941
			11.4519924098672	-3.2819734345351
			11.4869070208729	-3.2819734345351
			11.5218216318786	-3.3168880455408
			11.5567362428843	-3.3168880455408
			11.5567362428843	-3.35180265654649
			11.5916508538899	-3.35180265654649
			11.6265654648956	-3.38671726755218
			11.6614800759013	-3.42163187855787
			11.696394686907	-3.45654648956357
			11.696394686907	-3.49146110056926
			11.7313092979127	-3.52637571157495
			11.7662239089184	-3.56129032258064
			11.8011385199241	-3.59620493358634
			11.8011385199241	-3.63111954459203
			11.8360531309298	-3.66603415559772
			11.8709677419355	-3.70094876660342
			11.8709677419355	-3.73586337760911
			11.9058823529412	-3.7707779886148
			11.9058823529412	-3.80569259962049
			11.9407969639469	-3.84060721062619
			11.9407969639469	-3.87552182163188
			11.9757115749526	-3.91043643263757
			12.0106261859583	-3.94535104364326
			12.0106261859583	-3.98026565464896
			12.0106261859583	-4.01518026565465
			12.0455407969639	-4.05009487666034
			12.0455407969639	-4.08500948766603
			12.0455407969639	-4.11992409867173
			12.0804554079696	-4.15483870967742
			12.0804554079696	-4.18975332068311
			12.0804554079696	-4.2246679316888
			12.0804554079696	-4.2595825426945
			12.1153700189753	-4.29449715370019
			12.1153700189753	-4.32941176470588
			12.1153700189753	-4.36432637571157
			12.1153700189753	-4.39924098671727
			12.150284629981	-4.43415559772296
			12.150284629981	-4.46907020872865
			12.150284629981	-4.50398481973435
			12.150284629981	-4.53889943074004
			12.1851992409867	-4.57381404174573
			12.1851992409867	-4.60872865275142
			12.1851992409867	-4.64364326375712
			12.1851992409867	-4.67855787476281
			12.1851992409867	-4.7134724857685
			12.1851992409867	-4.74838709677419
			12.1851992409867	-4.78330170777989
			12.2201138519924	-4.81821631878558
			12.2201138519924	-4.85313092979127
			12.2201138519924	-4.88804554079696
			12.2201138519924	-4.92296015180266
			12.2201138519924	-4.95787476280835
			12.2201138519924	-4.99278937381404
			12.2201138519924	-5.02770398481973
			12.2201138519924	-5.06261859582543
			12.2201138519924	-5.09753320683112
			12.2201138519924	-5.13244781783681
			12.2201138519924	-5.1673624288425
			12.2201138519924	-5.2022770398482
			12.2201138519924	-5.23719165085389
			12.2201138519924	-5.27210626185958
			12.2201138519924	-5.30702087286527
			12.2201138519924	-5.34193548387097
			12.2201138519924	-5.37685009487666
			12.2201138519924	-5.41176470588235
			12.2201138519924	-5.44667931688805
			12.2201138519924	-5.48159392789374
			12.2201138519924	-5.51650853889943
			12.2201138519924	-5.55142314990512
			12.2201138519924	-5.58633776091082
			12.2201138519924	-5.62125237191651
			12.2201138519924	-5.6561669829222
			12.2201138519924	-5.69108159392789
			12.2201138519924	-5.72599620493359
			12.2201138519924	-5.76091081593928
			12.2201138519924	-5.79582542694497
			12.2201138519924	-5.83074003795066
			12.1851992409867	-5.86565464895636
			12.1851992409867	-5.90056925996205
			12.1851992409867	-5.93548387096774
			12.1851992409867	-5.97039848197343
			12.1851992409867	-6.00531309297913
			12.1851992409867	-6.04022770398482
			12.2201138519924	-6.04022770398482
			12.2201138519924	-6.07514231499051
			12.2550284629981	-6.07514231499051
			12.2550284629981	-6.1100569259962
			12.2899430740038	-6.1100569259962
			12.2899430740038	-6.1449715370019
			12.3248576850095	-6.1449715370019
			12.3248576850095	-6.17988614800759
			12.3597722960152	-6.21480075901328
			12.3946869070209	-6.24971537001897
			12.3946869070209	-6.28462998102467
			12.4296015180266	-6.31954459203036
			12.4296015180266	-6.35445920303605
			12.4645161290323	-6.38937381404175
			12.4645161290323	-6.42428842504744
			12.4645161290323	-6.45920303605313
			12.4994307400379	-6.49411764705882
			12.4994307400379	-6.52903225806452
			12.4994307400379	-6.56394686907021
			12.4994307400379	-6.5988614800759
			12.4994307400379	-6.63377609108159
			12.4994307400379	-6.66869070208729
			12.4994307400379	-6.70360531309298
			12.4994307400379	-6.73851992409867
			12.5343453510436	-6.77343453510436
			12.5343453510436	-6.80834914611006
			12.5343453510436	-6.84326375711575
			12.5343453510436	-6.87817836812144
			12.4994307400379	-6.91309297912713
			12.4994307400379	-6.94800759013283
			12.4994307400379	-6.98292220113852
			12.4994307400379	-7.01783681214421
			12.4994307400379	-7.05275142314991
			12.4994307400379	-7.0876660341556
			12.4994307400379	-7.12258064516129
			12.4994307400379	-7.15749525616698
			12.4994307400379	-7.19240986717267
			12.4994307400379	-7.22732447817837
			12.4645161290323	-7.22732447817837
			12.4645161290323	-7.26223908918406
			12.4645161290323	-7.29715370018975
			12.4645161290323	-7.33206831119545
			12.4645161290323	-7.36698292220114
			12.4645161290323	-7.40189753320683
			12.4296015180266	-7.43681214421252
			12.4296015180266	-7.47172675521822
			12.4296015180266	-7.50664136622391
			12.4296015180266	-7.5415559772296
			12.4296015180266	-7.57647058823529
			12.3946869070209	-7.61138519924099
			12.3946869070209	-7.64629981024668
			12.3946869070209	-7.68121442125237
			12.3597722960152	-7.71612903225806
			12.3597722960152	-7.75104364326376
			12.3597722960152	-7.78595825426945
			12.3597722960152	-7.82087286527514
			12.3248576850095	-7.85578747628083
			12.3248576850095	-7.89070208728653
			12.3248576850095	-7.92561669829222
			12.2899430740038	-7.96053130929791
			12.2899430740038	-7.99544592030361
			12.2899430740038	-8.0303605313093
			12.2550284629981	-8.06527514231499
			12.2550284629981	-8.10018975332068
			12.2550284629981	-8.13510436432638
			12.2899430740038	-8.13510436432638
			12.2899430740038	-8.17001897533207
			12.2899430740038	-8.20493358633776
			12.3248576850095	-8.23984819734345
			12.3248576850095	-8.27476280834914
			12.3597722960152	-8.30967741935484
			12.3597722960152	-8.34459203036053
			12.3946869070209	-8.37950664136622
			12.3946869070209	-8.41442125237192
			12.3946869070209	-8.44933586337761
			12.4296015180266	-8.4842504743833
			12.4296015180266	-8.51916508538899
			12.4296015180266	-8.55407969639469
			12.4645161290323	-8.58899430740038
			12.4645161290323	-8.62390891840607
			12.4645161290323	-8.65882352941176
			12.4645161290323	-8.69373814041746
			12.4994307400379	-8.72865275142315
			12.4994307400379	-8.76356736242884
			12.4994307400379	-8.79848197343453
			12.4994307400379	-8.83339658444023
			12.4994307400379	-8.86831119544592
			12.5343453510436	-8.86831119544592
			12.5343453510436	-8.90322580645161
			12.5343453510436	-8.9381404174573
			12.5343453510436	-8.973055028463
			12.5343453510436	-9.00796963946869
			12.5343453510436	-9.04288425047438
			12.5343453510436	-9.07779886148008
			12.5343453510436	-9.11271347248577
			12.5692599620493	-9.14762808349146
			12.5692599620493	-9.18254269449715
			12.5692599620493	-9.21745730550285
			12.5692599620493	-9.25237191650854
			12.5692599620493	-9.28728652751423
			12.5692599620493	-9.32220113851992
			12.5692599620493	-9.35711574952562
			12.5692599620493	-9.39203036053131
			12.5692599620493	-9.426944971537
			12.5692599620493	-9.46185958254269
		</glabella>
		<suture type=matrix rownames=FALSE colnames=FALSE nrow=392 ncol=2 as.numeric=TRUE >
			10.0554079696395	-1.25692599620493
			10.0903225806452	-1.25692599620493
			10.1252371916509	-1.25692599620493
			10.1601518026565	-1.25692599620493
			10.1950664136622	-1.25692599620493
			10.2299810246679	-1.25692599620493
			10.2648956356736	-1.25692599620493
			10.2998102466793	-1.25692599620493
			10.334724857685	-1.25692599620493
			10.3696394686907	-1.25692599620493
			10.4045540796964	-1.25692599620493
			10.4394686907021	-1.25692599620493
			10.4743833017078	-1.29184060721063
			10.5092979127135	-1.29184060721063
			10.5442125237192	-1.29184060721063
			10.5791271347249	-1.29184060721063
			10.6140417457305	-1.29184060721063
			10.6489563567362	-1.29184060721063
			10.6838709677419	-1.29184060721063
			10.7187855787476	-1.29184060721063
			10.7537001897533	-1.29184060721063
			10.788614800759	-1.29184060721063
			10.8235294117647	-1.32675521821632
			10.8584440227704	-1.32675521821632
			10.8933586337761	-1.32675521821632
			10.9282732447818	-1.32675521821632
			10.9631878557875	-1.32675521821632
			10.9981024667932	-1.32675521821632
			11.0330170777989	-1.32675521821632
			11.0679316888046	-1.36166982922201
			11.1028462998102	-1.36166982922201
			11.1377609108159	-1.36166982922201
			11.1726755218216	-1.36166982922201
			11.2075901328273	-1.36166982922201
			11.242504743833	-1.36166982922201
			11.2774193548387	-1.3965844402277
			11.3123339658444	-1.3965844402277
			11.3472485768501	-1.3965844402277
			11.3821631878558	-1.3965844402277
			11.4170777988615	-1.3965844402277
			11.4519924098672	-1.4314990512334
			11.4869070208729	-1.4314990512334
			11.5218216318786	-1.4314990512334
			11.5567362428843	-1.4314990512334
			11.5916508538899	-1.46641366223909
			11.6265654648956	-1.46641366223909
			11.6614800759013	-1.46641366223909
			11.696394686907	-1.50132827324478
			11.7313092979127	-1.50132827324478
			11.7662239089184	-1.50132827324478
			11.8011385199241	-1.50132827324478
			11.8360531309298	-1.53624288425047
			11.8709677419355	-1.53624288425047
			11.9058823529412	-1.53624288425047
			11.9407969639469	-1.57115749525617
			11.9757115749526	-1.57115749525617
			12.0106261859583	-1.57115749525617
			12.0455407969639	-1.60607210626186
			12.0804554079696	-1.60607210626186
			12.1153700189753	-1.64098671726755
			12.150284629981	-1.64098671726755
			12.1851992409867	-1.67590132827324
			12.2201138519924	-1.67590132827324
			12.2550284629981	-1.71081593927894
			12.2899430740038	-1.71081593927894
			12.3248576850095	-1.74573055028463
			12.3597722960152	-1.78064516129032
			12.3946869070209	-1.78064516129032
			12.4296015180266	-1.81555977229602
			12.4296015180266	-1.85047438330171
			12.4645161290323	-1.8853889943074
			12.4994307400379	-1.92030360531309
			12.4994307400379	-1.95521821631879
			12.5343453510436	-1.99013282732448
			12.5343453510436	-2.02504743833017
			12.5692599620493	-2.02504743833017
			12.5692599620493	-2.05996204933586
			12.604174573055	-2.09487666034156
			12.604174573055	-2.12979127134725
			12.6390891840607	-2.16470588235294
			12.6390891840607	-2.19962049335863
			12.6740037950664	-2.23453510436433
			12.6740037950664	-2.26944971537002
			12.7089184060721	-2.30436432637571
			12.7089184060721	-2.3392789373814
			12.7089184060721	-2.3741935483871
			12.7438330170778	-2.40910815939279
			12.7438330170778	-2.44402277039848
			12.7438330170778	-2.47893738140417
			12.7787476280835	-2.51385199240987
			12.7787476280835	-2.54876660341556
			12.7787476280835	-2.58368121442125
			12.8136622390892	-2.61859582542694
			12.8136622390892	-2.65351043643264
			12.8136622390892	-2.68842504743833
			12.8136622390892	-2.72333965844402
			12.8136622390892	-2.75825426944971
			12.8485768500949	-2.79316888045541
			12.8485768500949	-2.8280834914611
			12.8485768500949	-2.86299810246679
			12.8485768500949	-2.89791271347249
			12.8485768500949	-2.93282732447818
			12.8485768500949	-2.96774193548387
			12.8485768500949	-3.00265654648956
			12.8485768500949	-3.03757115749526
			12.8834914611006	-3.07248576850095
			12.8834914611006	-3.10740037950664
			12.8834914611006	-3.14231499051233
			12.8834914611006	-3.17722960151803
			12.8834914611006	-3.21214421252372
			12.8834914611006	-3.24705882352941
			12.8834914611006	-3.2819734345351
			12.8834914611006	-3.3168880455408
			12.8834914611006	-3.35180265654649
			12.8834914611006	-3.38671726755218
			12.8834914611006	-3.42163187855787
			12.8834914611006	-3.45654648956357
			12.8834914611006	-3.49146110056926
			12.8834914611006	-3.52637571157495
			12.8485768500949	-3.52637571157495
			12.8485768500949	-3.56129032258064
			12.8485768500949	-3.59620493358634
			12.8485768500949	-3.63111954459203
			12.8485768500949	-3.66603415559772
			12.8485768500949	-3.70094876660342
			12.8485768500949	-3.73586337760911
			12.8485768500949	-3.7707779886148
			12.8485768500949	-3.80569259962049
			12.8485768500949	-3.84060721062619
			12.8136622390892	-3.87552182163188
			12.8136622390892	-3.91043643263757
			12.8136622390892	-3.94535104364326
			12.8136622390892	-3.98026565464896
			12.8136622390892	-4.01518026565465
			12.7787476280835	-4.05009487666034
			12.7787476280835	-4.08500948766603
			12.7787476280835	-4.11992409867173
			12.7787476280835	-4.15483870967742
			12.7787476280835	-4.18975332068311
			12.7438330170778	-4.2246679316888
			12.7438330170778	-4.2595825426945
			12.7438330170778	-4.29449715370019
			12.7438330170778	-4.32941176470588
			12.7438330170778	-4.36432637571157
			12.7089184060721	-4.36432637571157
			12.7089184060721	-4.39924098671727
			12.7089184060721	-4.43415559772296
			12.7089184060721	-4.46907020872865
			12.7089184060721	-4.50398481973435
			12.6740037950664	-4.50398481973435
			12.6740037950664	-4.53889943074004
			12.6740037950664	-4.57381404174573
			12.6740037950664	-4.60872865275142
			12.6390891840607	-4.64364326375712
			12.6390891840607	-4.67855787476281
			12.6390891840607	-4.7134724857685
			12.604174573055	-4.74838709677419
			12.604174573055	-4.78330170777989
			12.604174573055	-4.81821631878558
			12.5692599620493	-4.85313092979127
			12.5692599620493	-4.88804554079696
			12.5692599620493	-4.92296015180266
			12.5343453510436	-4.95787476280835
			12.5343453510436	-4.99278937381404
			12.5343453510436	-5.02770398481973
			12.4994307400379	-5.06261859582543
			12.4994307400379	-5.09753320683112
			12.4645161290323	-5.13244781783681
			12.4645161290323	-5.1673624288425
			12.4645161290323	-5.2022770398482
			12.4296015180266	-5.23719165085389
			12.4296015180266	-5.27210626185958
			12.3946869070209	-5.30702087286527
			12.3946869070209	-5.34193548387097
			12.3946869070209	-5.37685009487666
			12.3597722960152	-5.41176470588235
			12.3597722960152	-5.44667931688805
			12.3248576850095	-5.48159392789374
			12.3248576850095	-5.51650853889943
			12.3597722960152	-5.48159392789374
			12.3946869070209	-5.44667931688805
			12.4296015180266	-5.44667931688805
			12.4645161290323	-5.41176470588235
			12.4994307400379	-5.41176470588235
			12.5343453510436	-5.37685009487666
			12.5692599620493	-5.37685009487666
			12.604174573055	-5.37685009487666
			12.6390891840607	-5.37685009487666
			12.6740037950664	-5.37685009487666
			12.7089184060721	-5.37685009487666
			12.7438330170778	-5.37685009487666
			12.7787476280835	-5.41176470588235
			12.8136622390892	-5.41176470588235
			12.8485768500949	-5.44667931688805
			12.8834914611006	-5.44667931688805
			12.9184060721063	-5.48159392789374
			12.953320683112	-5.48159392789374
			12.953320683112	-5.51650853889943
			12.9882352941176	-5.55142314990512
			13.0231499051233	-5.58633776091082
			13.058064516129	-5.62125237191651
			13.0929791271347	-5.6561669829222
			13.1278937381404	-5.69108159392789
			13.1278937381404	-5.72599620493359
			13.1628083491461	-5.76091081593928
			13.1628083491461	-5.79582542694497
			13.1977229601518	-5.79582542694497
			13.1977229601518	-5.83074003795066
			13.2326375711575	-5.86565464895636
			13.2326375711575	-5.90056925996205
			13.2675521821632	-5.93548387096774
			13.2675521821632	-5.97039848197343
			13.3024667931689	-6.00531309297913
			13.3373814041746	-6.04022770398482
			13.3373814041746	-6.07514231499051
			13.3373814041746	-6.1100569259962
			13.3722960151803	-6.1100569259962
			13.3722960151803	-6.1449715370019
			13.3722960151803	-6.17988614800759
			13.407210626186	-6.21480075901328
			13.407210626186	-6.24971537001897
			13.4421252371917	-6.28462998102467
			13.4421252371917	-6.31954459203036
			13.4421252371917	-6.35445920303605
			13.4770398481973	-6.38937381404175
			13.4770398481973	-6.42428842504744
			13.4770398481973	-6.45920303605313
			13.511954459203	-6.49411764705882
			13.511954459203	-6.52903225806452
			13.511954459203	-6.56394686907021
			13.511954459203	-6.5988614800759
			13.511954459203	-6.63377609108159
			13.511954459203	-6.66869070208729
			13.5468690702087	-6.70360531309298
			13.5468690702087	-6.73851992409867
			13.5468690702087	-6.77343453510436
			13.5468690702087	-6.80834914611006
			13.5468690702087	-6.84326375711575
			13.5468690702087	-6.87817836812144
			13.5468690702087	-6.91309297912713
			13.5468690702087	-6.94800759013283
			13.5468690702087	-6.98292220113852
			13.5468690702087	-7.01783681214421
			13.5468690702087	-7.05275142314991
			13.5468690702087	-7.0876660341556
			13.5468690702087	-7.12258064516129
			13.5468690702087	-7.15749525616698
			13.511954459203	-7.15749525616698
			13.511954459203	-7.19240986717267
			13.511954459203	-7.22732447817837
			13.511954459203	-7.26223908918406
			13.511954459203	-7.29715370018975
			13.511954459203	-7.33206831119545
			13.511954459203	-7.36698292220114
			13.511954459203	-7.40189753320683
			13.511954459203	-7.43681214421252
			13.4770398481973	-7.43681214421252
			13.4770398481973	-7.47172675521822
			13.4770398481973	-7.50664136622391
			13.4770398481973	-7.5415559772296
			13.4770398481973	-7.57647058823529
			13.4421252371917	-7.61138519924099
			13.4421252371917	-7.64629981024668
			13.4421252371917	-7.68121442125237
			13.407210626186	-7.68121442125237
			13.407210626186	-7.71612903225806
			13.407210626186	-7.75104364326376
			13.3722960151803	-7.78595825426945
			13.3722960151803	-7.82087286527514
			13.3373814041746	-7.85578747628083
			13.3024667931689	-7.89070208728653
			13.3024667931689	-7.92561669829222
			13.2675521821632	-7.92561669829222
			13.2675521821632	-7.96053130929791
			13.2326375711575	-7.99544592030361
			13.1977229601518	-8.0303605313093
			13.1628083491461	-8.06527514231499
			13.1278937381404	-8.06527514231499
			13.0929791271347	-8.10018975332068
			13.058064516129	-8.10018975332068
			13.0231499051233	-8.13510436432638
			12.9882352941176	-8.13510436432638
			12.953320683112	-8.13510436432638
			12.9184060721063	-8.17001897533207
			12.8834914611006	-8.17001897533207
			12.8485768500949	-8.17001897533207
			12.8136622390892	-8.17001897533207
			12.7787476280835	-8.17001897533207
			12.7438330170778	-8.17001897533207
			12.7089184060721	-8.17001897533207
			12.6740037950664	-8.17001897533207
			12.6390891840607	-8.17001897533207
			12.604174573055	-8.17001897533207
			12.604174573055	-8.20493358633776
			12.6390891840607	-8.23984819734345
			12.6390891840607	-8.27476280834914
			12.6390891840607	-8.30967741935484
			12.6740037950664	-8.30967741935484
			12.6740037950664	-8.34459203036053
			12.6740037950664	-8.37950664136622
			12.7089184060721	-8.41442125237192
			12.7089184060721	-8.44933586337761
			12.7438330170778	-8.4842504743833
			12.7787476280835	-8.51916508538899
			12.7787476280835	-8.55407969639469
			12.8136622390892	-8.58899430740038
			12.8485768500949	-8.62390891840607
			12.8485768500949	-8.65882352941176
			12.8834914611006	-8.69373814041746
			12.9184060721063	-8.72865275142315
			12.953320683112	-8.76356736242884
			12.9882352941176	-8.79848197343453
			13.0231499051233	-8.83339658444023
			13.058064516129	-8.86831119544592
			13.058064516129	-8.90322580645161
			13.0929791271347	-8.9381404174573
			13.1278937381404	-8.973055028463
			13.1628083491461	-8.973055028463
			13.1977229601518	-9.00796963946869
			13.2326375711575	-9.04288425047438
			13.2675521821632	-9.07779886148008
			13.3024667931689	-9.11271347248577
			13.3373814041746	-9.11271347248577
			13.3722960151803	-9.14762808349146
			13.407210626186	-9.14762808349146
			13.4421252371917	-9.18254269449715
			13.4770398481973	-9.21745730550285
			13.511954459203	-9.21745730550285
			13.5468690702087	-9.25237191650854
			13.5817836812144	-9.28728652751423
			13.6166982922201	-9.28728652751423
			13.6516129032258	-9.32220113851992
			13.6865275142315	-9.32220113851992
			13.7214421252372	-9.32220113851992
			13.7563567362429	-9.35711574952562
			13.7912713472486	-9.35711574952562
			13.8261859582543	-9.39203036053131
			13.86110056926	-9.39203036053131
			13.8960151802657	-9.39203036053131
			13.9309297912713	-9.426944971537
			13.965844402277	-9.426944971537
			14.0007590132827	-9.426944971537
			14.0356736242884	-9.46185958254269
			14.0705882352941	-9.46185958254269
			14.1055028462998	-9.46185958254269
			14.1055028462998	-9.49677419354839
			14.1404174573055	-9.49677419354839
			14.1753320683112	-9.49677419354839
			14.2102466793169	-9.53168880455408
			14.2451612903226	-9.53168880455408
			14.2800759013283	-9.56660341555977
			14.314990512334	-9.56660341555977
			14.3499051233397	-9.56660341555977
			14.3848197343453	-9.60151802656546
			14.419734345351	-9.60151802656546
			14.4546489563567	-9.63643263757116
			14.4895635673624	-9.63643263757116
			14.5244781783681	-9.67134724857685
			14.5593927893738	-9.67134724857685
			14.5943074003795	-9.67134724857685
			14.6292220113852	-9.70626185958254
			14.6641366223909	-9.70626185958254
			14.6990512333966	-9.70626185958254
			14.6990512333966	-9.74117647058823
			14.7339658444023	-9.74117647058823
			14.768880455408	-9.74117647058823
			14.768880455408	-9.77609108159393
			14.8037950664137	-9.77609108159393
			14.8387096774194	-9.77609108159393
			14.873624288425	-9.81100569259962
			14.9085388994307	-9.81100569259962
			14.9434535104364	-9.84592030360531
			14.9783681214421	-9.84592030360531
			15.0132827324478	-9.84592030360531
			15.0132827324478	-9.88083491461101
			15.0481973434535	-9.88083491461101
			15.0831119544592	-9.88083491461101
			15.0831119544592	-9.9157495256167
			15.1180265654649	-9.9157495256167
			15.1529411764706	-9.9157495256167
			15.1529411764706	-9.95066413662239
			15.1878557874763	-9.95066413662239
			15.222770398482	-9.95066413662239
			15.2576850094877	-9.98557874762808
			15.2925996204934	-9.98557874762808
			15.3275142314991	-10.0204933586338
			15.3624288425047	-10.0554079696395
			15.3973434535104	-10.0554079696395
			15.4322580645161	-10.0554079696395
			15.4671726755218	-10.0903225806452
			15.5020872865275	-10.1252371916509
			15.5370018975332	-10.1252371916509
		</suture>
		<anterior type=matrix rownames=FALSE colnames=FALSE nrow=336 ncol=2 as.numeric=TRUE >
			10.0204933586338	-1.25692599620493
			10.0554079696395	-1.25692599620493
			10.0903225806452	-1.25692599620493
			10.1252371916509	-1.25692599620493
			10.1601518026565	-1.25692599620493
			10.1950664136622	-1.25692599620493
			10.2299810246679	-1.25692599620493
			10.2648956356736	-1.25692599620493
			10.2998102466793	-1.25692599620493
			10.334724857685	-1.29184060721063
			10.3696394686907	-1.29184060721063
			10.4045540796964	-1.29184060721063
			10.4394686907021	-1.29184060721063
			10.4743833017078	-1.29184060721063
			10.5092979127135	-1.29184060721063
			10.5442125237192	-1.29184060721063
			10.5791271347249	-1.29184060721063
			10.6140417457305	-1.29184060721063
			10.6489563567362	-1.29184060721063
			10.6838709677419	-1.32675521821632
			10.7187855787476	-1.32675521821632
			10.7537001897533	-1.32675521821632
			10.788614800759	-1.32675521821632
			10.8235294117647	-1.32675521821632
			10.8584440227704	-1.32675521821632
			10.8933586337761	-1.32675521821632
			10.9282732447818	-1.32675521821632
			10.9631878557875	-1.36166982922201
			10.9981024667932	-1.36166982922201
			11.0330170777989	-1.36166982922201
			11.0679316888046	-1.36166982922201
			11.1028462998102	-1.36166982922201
			11.1377609108159	-1.36166982922201
			11.1726755218216	-1.3965844402277
			11.2075901328273	-1.3965844402277
			11.242504743833	-1.3965844402277
			11.2774193548387	-1.3965844402277
			11.3123339658444	-1.3965844402277
			11.3472485768501	-1.3965844402277
			11.3821631878558	-1.4314990512334
			11.4170777988615	-1.4314990512334
			11.4519924098672	-1.4314990512334
			11.4869070208729	-1.4314990512334
			11.5218216318786	-1.46641366223909
			11.5567362428843	-1.46641366223909
			11.5916508538899	-1.46641366223909
			11.6265654648956	-1.46641366223909
			11.6614800759013	-1.46641366223909
			11.696394686907	-1.50132827324478
			11.7313092979127	-1.50132827324478
			11.7662239089184	-1.50132827324478
			11.8011385199241	-1.50132827324478
			11.8360531309298	-1.53624288425047
			11.8709677419355	-1.53624288425047
			11.9058823529412	-1.53624288425047
			11.9407969639469	-1.53624288425047
			11.9757115749526	-1.57115749525617
			12.0106261859583	-1.57115749525617
			12.0455407969639	-1.57115749525617
			12.0804554079696	-1.57115749525617
			12.1153700189753	-1.60607210626186
			12.150284629981	-1.60607210626186
			12.1851992409867	-1.60607210626186
			12.2201138519924	-1.64098671726755
			12.2550284629981	-1.64098671726755
			12.2899430740038	-1.67590132827324
			12.3248576850095	-1.67590132827324
			12.3597722960152	-1.67590132827324
			12.3946869070209	-1.67590132827324
			12.3946869070209	-1.71081593927894
			12.4296015180266	-1.71081593927894
			12.4645161290323	-1.71081593927894
			12.4994307400379	-1.71081593927894
			12.5343453510436	-1.74573055028463
			12.5692599620493	-1.74573055028463
			12.604174573055	-1.78064516129032
			12.6390891840607	-1.78064516129032
			12.6740037950664	-1.78064516129032
			12.7089184060721	-1.81555977229602
			12.7438330170778	-1.81555977229602
			12.7787476280835	-1.81555977229602
			12.8136622390892	-1.85047438330171
			12.8485768500949	-1.85047438330171
			12.8834914611006	-1.8853889943074
			12.9184060721063	-1.8853889943074
			12.953320683112	-1.8853889943074
			12.953320683112	-1.92030360531309
			12.9882352941176	-1.92030360531309
			13.0231499051233	-1.95521821631879
			13.058064516129	-1.95521821631879
			13.0929791271347	-1.95521821631879
			13.1278937381404	-1.99013282732448
			13.1628083491461	-1.99013282732448
			13.1977229601518	-2.02504743833017
			13.2326375711575	-2.02504743833017
			13.2675521821632	-2.05996204933586
			13.3024667931689	-2.05996204933586
			13.3373814041746	-2.09487666034156
			13.3722960151803	-2.12979127134725
			13.407210626186	-2.12979127134725
			13.4421252371917	-2.16470588235294
			13.4770398481973	-2.16470588235294
			13.511954459203	-2.16470588235294
			13.511954459203	-2.19962049335863
			13.5468690702087	-2.19962049335863
			13.5817836812144	-2.19962049335863
			13.5817836812144	-2.23453510436433
			13.6166982922201	-2.23453510436433
			13.6516129032258	-2.26944971537002
			13.6865275142315	-2.26944971537002
			13.7214421252372	-2.30436432637571
			13.7563567362429	-2.30436432637571
			13.7912713472486	-2.3392789373814
			13.8261859582543	-2.3741935483871
			13.86110056926	-2.3741935483871
			13.8960151802657	-2.40910815939279
			13.9309297912713	-2.44402277039848
			13.965844402277	-2.44402277039848
			14.0007590132827	-2.47893738140417
			14.0356736242884	-2.47893738140417
			14.0705882352941	-2.51385199240987
			14.1055028462998	-2.54876660341556
			14.1404174573055	-2.58368121442125
			14.1753320683112	-2.58368121442125
			14.2102466793169	-2.61859582542694
			14.2451612903226	-2.65351043643264
			14.2800759013283	-2.68842504743833
			14.314990512334	-2.68842504743833
			14.3499051233397	-2.72333965844402
			14.3848197343453	-2.75825426944971
			14.419734345351	-2.75825426944971
			14.4546489563567	-2.79316888045541
			14.4895635673624	-2.8280834914611
			14.5244781783681	-2.86299810246679
			14.5593927893738	-2.89791271347249
			14.5943074003795	-2.89791271347249
			14.6292220113852	-2.93282732447818
			14.6641366223909	-2.96774193548387
			14.6990512333966	-3.00265654648956
			14.7339658444023	-3.03757115749526
			14.768880455408	-3.03757115749526
			14.8037950664137	-3.07248576850095
			14.8387096774194	-3.10740037950664
			14.873624288425	-3.14231499051233
			14.9085388994307	-3.17722960151803
			14.9434535104364	-3.17722960151803
			14.9783681214421	-3.21214421252372
			15.0132827324478	-3.24705882352941
			15.0481973434535	-3.2819734345351
			15.0831119544592	-3.3168880455408
			15.0831119544592	-3.35180265654649
			15.1180265654649	-3.38671726755218
			15.1529411764706	-3.42163187855787
			15.1878557874763	-3.42163187855787
			15.222770398482	-3.45654648956357
			15.2576850094877	-3.49146110056926
			15.2925996204934	-3.52637571157495
			15.3275142314991	-3.56129032258064
			15.3624288425047	-3.59620493358634
			15.3973434535104	-3.63111954459203
			15.3973434535104	-3.66603415559772
			15.4322580645161	-3.70094876660342
			15.4671726755218	-3.73586337760911
			15.5020872865275	-3.7707779886148
			15.5370018975332	-3.80569259962049
			15.5719165085389	-3.84060721062619
			15.6068311195446	-3.87552182163188
			15.6417457305503	-3.91043643263757
			15.6417457305503	-3.94535104364326
			15.676660341556	-3.98026565464896
			15.7115749525617	-4.01518026565465
			15.7464895635674	-4.05009487666034
			15.7814041745731	-4.08500948766603
			15.8163187855787	-4.11992409867173
			15.8163187855787	-4.15483870967742
			15.8512333965844	-4.18975332068311
			15.8861480075901	-4.2246679316888
			15.9210626185958	-4.2595825426945
			15.9559772296015	-4.29449715370019
			15.9908918406072	-4.32941176470588
			15.9908918406072	-4.36432637571157
			16.0258064516129	-4.39924098671727
			16.0607210626186	-4.43415559772296
			16.0956356736243	-4.46907020872865
			16.13055028463	-4.50398481973435
			16.13055028463	-4.53889943074004
			16.1654648956357	-4.57381404174573
			16.2003795066414	-4.60872865275142
			16.2003795066414	-4.64364326375712
			16.2352941176471	-4.67855787476281
			16.2702087286528	-4.7134724857685
			16.2702087286528	-4.74838709677419
			16.3051233396584	-4.78330170777989
			16.3051233396584	-4.81821631878558
			16.3400379506641	-4.81821631878558
			16.3400379506641	-4.85313092979127
			16.3749525616698	-4.88804554079696
			16.3749525616698	-4.92296015180266
			16.4098671726755	-4.95787476280835
			16.4447817836812	-4.99278937381404
			16.4796963946869	-5.02770398481973
			16.4796963946869	-5.06261859582543
			16.5146110056926	-5.09753320683112
			16.5495256166983	-5.13244781783681
			16.5495256166983	-5.1673624288425
			16.584440227704	-5.2022770398482
			16.6193548387097	-5.23719165085389
			16.6193548387097	-5.27210626185958
			16.6193548387097	-5.30702087286527
			16.6542694497154	-5.30702087286527
			16.6542694497154	-5.34193548387097
			16.6542694497154	-5.37685009487666
			16.6891840607211	-5.37685009487666
			16.6891840607211	-5.41176470588235
			16.7240986717268	-5.44667931688805
			16.7240986717268	-5.48159392789374
			16.7590132827324	-5.51650853889943
			16.7939278937381	-5.55142314990512
			16.7939278937381	-5.58633776091082
			16.8288425047438	-5.62125237191651
			16.8288425047438	-5.6561669829222
			16.8288425047438	-5.69108159392789
			16.8637571157495	-5.69108159392789
			16.8637571157495	-5.72599620493359
			16.8986717267552	-5.76091081593928
			16.8986717267552	-5.79582542694497
			16.9335863377609	-5.83074003795066
			16.9335863377609	-5.86565464895636
			16.9685009487666	-5.90056925996205
			16.9685009487666	-5.93548387096774
			17.0034155597723	-5.97039848197343
			17.0034155597723	-6.00531309297913
			17.038330170778	-6.04022770398482
			17.038330170778	-6.07514231499051
			17.0732447817837	-6.1100569259962
			17.0732447817837	-6.1449715370019
			17.1081593927894	-6.17988614800759
			17.1081593927894	-6.21480075901328
			17.1430740037951	-6.24971537001897
			17.1430740037951	-6.28462998102467
			17.1779886148008	-6.31954459203036
			17.1779886148008	-6.35445920303605
			17.2129032258064	-6.38937381404175
			17.2129032258064	-6.42428842504744
			17.2478178368121	-6.45920303605313
			17.2478178368121	-6.49411764705882
			17.2827324478178	-6.52903225806452
			17.2827324478178	-6.56394686907021
			17.2827324478178	-6.5988614800759
			17.3176470588235	-6.5988614800759
			17.3176470588235	-6.63377609108159
			17.3176470588235	-6.66869070208729
			17.3525616698292	-6.70360531309298
			17.3525616698292	-6.73851992409867
			17.3874762808349	-6.77343453510436
			17.3874762808349	-6.80834914611006
			17.3874762808349	-6.84326375711575
			17.4223908918406	-6.87817836812144
			17.4223908918406	-6.91309297912713
			17.4573055028463	-6.94800759013283
			17.4573055028463	-6.98292220113852
			17.492220113852	-7.01783681214421
			17.492220113852	-7.05275142314991
			17.492220113852	-7.0876660341556
			17.5271347248577	-7.12258064516129
			17.5271347248577	-7.15749525616698
			17.5271347248577	-7.19240986717267
			17.5620493358634	-7.22732447817837
			17.5620493358634	-7.26223908918406
			17.5969639468691	-7.29715370018975
			17.5969639468691	-7.33206831119545
			17.5969639468691	-7.36698292220114
			17.6318785578748	-7.40189753320683
			17.6318785578748	-7.43681214421252
			17.6667931688805	-7.47172675521822
			17.6667931688805	-7.50664136622391
			17.6667931688805	-7.5415559772296
			17.7017077798861	-7.57647058823529
			17.7017077798861	-7.61138519924099
			17.7366223908918	-7.64629981024668
			17.7366223908918	-7.68121442125237
			17.7366223908918	-7.71612903225806
			17.7366223908918	-7.75104364326376
			17.7715370018975	-7.78595825426945
			17.7715370018975	-7.82087286527514
			17.8064516129032	-7.85578747628083
			17.8064516129032	-7.89070208728653
			17.8064516129032	-7.92561669829222
			17.8413662239089	-7.96053130929791
			17.8413662239089	-7.99544592030361
			17.8413662239089	-8.0303605313093
			17.8762808349146	-8.06527514231499
			17.8762808349146	-8.10018975332068
			17.8762808349146	-8.13510436432638
			17.9111954459203	-8.17001897533207
			17.9111954459203	-8.20493358633776
			17.9111954459203	-8.23984819734345
			17.946110056926	-8.27476280834914
			17.946110056926	-8.30967741935484
			17.946110056926	-8.34459203036053
			17.946110056926	-8.37950664136622
			17.9810246679317	-8.41442125237192
			17.9810246679317	-8.44933586337761
			17.9810246679317	-8.4842504743833
			18.0159392789374	-8.51916508538899
			18.0159392789374	-8.55407969639469
			18.0159392789374	-8.58899430740038
			18.0508538899431	-8.58899430740038
			18.0508538899431	-8.62390891840607
			18.0508538899431	-8.65882352941176
			18.0508538899431	-8.69373814041746
			18.0857685009488	-8.72865275142315
			18.0857685009488	-8.76356736242884
			18.0857685009488	-8.79848197343453
			18.0857685009488	-8.83339658444023
			18.1206831119545	-8.86831119544592
			18.1206831119545	-8.90322580645161
			18.1206831119545	-8.9381404174573
			18.1555977229602	-8.973055028463
			18.1555977229602	-9.00796963946869
			18.1555977229602	-9.04288425047438
			18.1555977229602	-9.07779886148008
			18.1905123339658	-9.11271347248577
			18.1905123339658	-9.14762808349146
			18.1905123339658	-9.18254269449715
			18.1905123339658	-9.21745730550285
			18.2254269449715	-9.25237191650854
			18.2254269449715	-9.28728652751423
			18.2254269449715	-9.32220113851992
			18.2254269449715	-9.35711574952562
			18.2603415559772	-9.39203036053131
			18.2603415559772	-9.426944971537
			18.2603415559772	-9.46185958254269
			18.2952561669829	-9.49677419354839
			18.2952561669829	-9.53168880455408
			18.2952561669829	-9.56660341555977
		</anterior>
		<posterior type=matrix rownames=FALSE colnames=FALSE nrow=698 ncol=2 as.numeric=TRUE >
			9.67134724857685	-9.56660341555977
			9.70626185958254	-9.56660341555977
			9.74117647058823	-9.56660341555977
			9.77609108159393	-9.56660341555977
			9.81100569259962	-9.56660341555977
			9.84592030360531	-9.60151802656546
			9.88083491461101	-9.60151802656546
			9.9157495256167	-9.60151802656546
			9.95066413662239	-9.60151802656546
			9.98557874762808	-9.60151802656546
			10.0204933586338	-9.60151802656546
			10.0554079696395	-9.60151802656546
			10.0903225806452	-9.60151802656546
			10.1252371916509	-9.60151802656546
			10.1601518026565	-9.60151802656546
			10.1950664136622	-9.60151802656546
			10.2299810246679	-9.60151802656546
			10.2648956356736	-9.60151802656546
			10.2998102466793	-9.60151802656546
			10.334724857685	-9.60151802656546
			10.3696394686907	-9.60151802656546
			10.4045540796964	-9.60151802656546
			10.4394686907021	-9.60151802656546
			10.4743833017078	-9.60151802656546
			10.5092979127135	-9.60151802656546
			10.5442125237192	-9.60151802656546
			10.5791271347249	-9.60151802656546
			10.6140417457305	-9.60151802656546
			10.6489563567362	-9.60151802656546
			10.6838709677419	-9.60151802656546
			10.7187855787476	-9.60151802656546
			10.7537001897533	-9.60151802656546
			10.788614800759	-9.60151802656546
			10.8235294117647	-9.60151802656546
			10.8584440227704	-9.60151802656546
			10.8933586337761	-9.60151802656546
			10.9282732447818	-9.60151802656546
			10.9631878557875	-9.60151802656546
			10.9981024667932	-9.60151802656546
			11.0330170777989	-9.60151802656546
			11.0679316888046	-9.60151802656546
			11.1028462998102	-9.60151802656546
			11.1377609108159	-9.60151802656546
			11.1726755218216	-9.60151802656546
			11.2075901328273	-9.60151802656546
			11.242504743833	-9.60151802656546
			11.2774193548387	-9.60151802656546
			11.3123339658444	-9.60151802656546
			11.3472485768501	-9.60151802656546
			11.3821631878558	-9.60151802656546
			11.4170777988615	-9.60151802656546
			11.4519924098672	-9.60151802656546
			11.4869070208729	-9.60151802656546
			11.5218216318786	-9.56660341555977
			11.5567362428843	-9.56660341555977
			11.5916508538899	-9.56660341555977
			11.6265654648956	-9.56660341555977
			11.6614800759013	-9.56660341555977
			11.696394686907	-9.56660341555977
			11.7313092979127	-9.56660341555977
			11.7662239089184	-9.56660341555977
			11.8011385199241	-9.56660341555977
			11.8360531309298	-9.56660341555977
			11.8709677419355	-9.53168880455408
			11.9058823529412	-9.53168880455408
			11.9407969639469	-9.53168880455408
			11.9757115749526	-9.53168880455408
			12.0106261859583	-9.53168880455408
			12.0455407969639	-9.53168880455408
			12.0804554079696	-9.53168880455408
			12.1153700189753	-9.53168880455408
			12.150284629981	-9.53168880455408
			12.1851992409867	-9.53168880455408
			12.2201138519924	-9.49677419354839
			12.2550284629981	-9.49677419354839
			12.2899430740038	-9.49677419354839
			12.3248576850095	-9.49677419354839
			12.3597722960152	-9.49677419354839
			12.3946869070209	-9.49677419354839
			12.4296015180266	-9.49677419354839
			12.4645161290323	-9.46185958254269
			12.4994307400379	-9.46185958254269
			12.5343453510436	-9.46185958254269
			12.5692599620493	-9.46185958254269
			12.604174573055	-9.46185958254269
			12.6390891840607	-9.46185958254269
			12.6740037950664	-9.49677419354839
			12.7089184060721	-9.49677419354839
			12.7438330170778	-9.49677419354839
			12.7787476280835	-9.49677419354839
			12.8136622390892	-9.53168880455408
			12.8485768500949	-9.53168880455408
			12.8834914611006	-9.53168880455408
			12.9184060721063	-9.53168880455408
			12.953320683112	-9.53168880455408
			12.9882352941176	-9.56660341555977
			13.0231499051233	-9.56660341555977
			13.058064516129	-9.56660341555977
			13.0929791271347	-9.56660341555977
			13.1278937381404	-9.56660341555977
			13.1628083491461	-9.60151802656546
			13.1977229601518	-9.60151802656546
			13.2326375711575	-9.60151802656546
			13.2675521821632	-9.60151802656546
			13.3024667931689	-9.63643263757116
			13.3373814041746	-9.63643263757116
			13.3722960151803	-9.63643263757116
			13.407210626186	-9.63643263757116
			13.4421252371917	-9.67134724857685
			13.4770398481973	-9.67134724857685
			13.511954459203	-9.67134724857685
			13.5468690702087	-9.67134724857685
			13.5817836812144	-9.67134724857685
			13.6166982922201	-9.70626185958254
			13.6516129032258	-9.70626185958254
			13.6865275142315	-9.70626185958254
			13.7214421252372	-9.70626185958254
			13.7563567362429	-9.70626185958254
			13.7912713472486	-9.74117647058823
			13.8261859582543	-9.74117647058823
			13.86110056926	-9.74117647058823
			13.8960151802657	-9.77609108159393
			13.9309297912713	-9.77609108159393
			13.965844402277	-9.77609108159393
			14.0007590132827	-9.77609108159393
			14.0356736242884	-9.81100569259962
			14.0705882352941	-9.81100569259962
			14.1055028462998	-9.81100569259962
			14.1404174573055	-9.81100569259962
			14.1753320683112	-9.81100569259962
			14.2102466793169	-9.84592030360531
			14.2451612903226	-9.84592030360531
			14.2800759013283	-9.84592030360531
			14.314990512334	-9.84592030360531
			14.3499051233397	-9.88083491461101
			14.3848197343453	-9.88083491461101
			14.419734345351	-9.88083491461101
			14.4546489563567	-9.9157495256167
			14.4895635673624	-9.9157495256167
			14.5244781783681	-9.9157495256167
			14.5593927893738	-9.9157495256167
			14.5943074003795	-9.95066413662239
			14.6292220113852	-9.95066413662239
			14.6641366223909	-9.95066413662239
			14.6990512333966	-9.95066413662239
			14.7339658444023	-9.98557874762808
			14.768880455408	-9.98557874762808
			14.8037950664137	-9.98557874762808
			14.8387096774194	-9.98557874762808
			14.873624288425	-10.0204933586338
			14.9085388994307	-10.0204933586338
			14.9434535104364	-10.0204933586338
			14.9783681214421	-10.0204933586338
			15.0132827324478	-10.0554079696395
			15.0481973434535	-10.0554079696395
			15.0831119544592	-10.0554079696395
			15.1180265654649	-10.0903225806452
			15.1529411764706	-10.0903225806452
			15.1878557874763	-10.0903225806452
			15.222770398482	-10.1252371916509
			15.2576850094877	-10.1252371916509
			15.2925996204934	-10.1252371916509
			15.3275142314991	-10.1252371916509
			15.3624288425047	-10.1601518026565
			15.3973434535104	-10.1601518026565
			15.4322580645161	-10.1601518026565
			15.4671726755218	-10.1601518026565
			15.5020872865275	-10.1950664136622
			15.5370018975332	-10.1950664136622
			15.5719165085389	-10.1950664136622
			15.6068311195446	-10.2299810246679
			15.6417457305503	-10.2299810246679
			15.676660341556	-10.2299810246679
			15.7115749525617	-10.2299810246679
			15.7115749525617	-10.2648956356736
			15.7464895635674	-10.2648956356736
			15.7814041745731	-10.2648956356736
			15.8163187855787	-10.2648956356736
			15.8163187855787	-10.2998102466793
			15.8512333965844	-10.2998102466793
			15.8861480075901	-10.2998102466793
			15.9210626185958	-10.2998102466793
			15.9559772296015	-10.334724857685
			15.9908918406072	-10.334724857685
			16.0258064516129	-10.3696394686907
			16.0607210626186	-10.3696394686907
			16.0956356736243	-10.3696394686907
			16.13055028463	-10.4045540796964
			16.1654648956357	-10.4045540796964
			16.2003795066414	-10.4045540796964
			16.2352941176471	-10.4394686907021
			16.2702087286528	-10.4394686907021
			16.3051233396584	-10.4394686907021
			16.3400379506641	-10.4743833017078
			16.3749525616698	-10.4743833017078
			16.4098671726755	-10.5092979127135
			16.4447817836812	-10.5092979127135
			16.4796963946869	-10.5092979127135
			16.4796963946869	-10.5442125237192
			16.5146110056926	-10.5442125237192
			16.5495256166983	-10.5442125237192
			16.584440227704	-10.5791271347249
			16.6193548387097	-10.5791271347249
			16.6542694497154	-10.6140417457305
			16.6891840607211	-10.6140417457305
			16.7240986717268	-10.6140417457305
			16.7240986717268	-10.6489563567362
			16.7590132827324	-10.6489563567362
			16.7939278937381	-10.6489563567362
			16.7939278937381	-10.6838709677419
			16.8288425047438	-10.6838709677419
			16.8637571157495	-10.7187855787476
			16.8986717267552	-10.7537001897533
			16.9335863377609	-10.7537001897533
			16.9685009487666	-10.788614800759
			17.0034155597723	-10.8235294117647
			17.038330170778	-10.8584440227704
			17.0732447817837	-10.8933586337761
			17.1081593927894	-10.8933586337761
			17.1430740037951	-10.9282732447818
			17.1779886148008	-10.9631878557875
			17.2129032258064	-10.9981024667932
			17.2478178368121	-11.0330170777989
			17.2827324478178	-11.0679316888046
			17.3176470588235	-11.1028462998102
			17.3525616698292	-11.1377609108159
			17.3525616698292	-11.1726755218216
			17.3874762808349	-11.2075901328273
			17.4223908918406	-11.242504743833
			17.4573055028463	-11.2774193548387
			17.4573055028463	-11.3123339658444
			17.492220113852	-11.3472485768501
			17.492220113852	-11.3821631878558
			17.5271347248577	-11.4170777988615
			17.5271347248577	-11.4519924098672
			17.5620493358634	-11.4869070208729
			17.5620493358634	-11.5218216318786
			17.5969639468691	-11.5567362428843
			17.5969639468691	-11.5916508538899
			17.6318785578748	-11.6265654648956
			17.6318785578748	-11.6614800759013
			17.6318785578748	-11.696394686907
			17.6667931688805	-11.7313092979127
			17.6667931688805	-11.7662239089184
			17.6667931688805	-11.8011385199241
			17.7017077798861	-11.8360531309298
			17.7017077798861	-11.8709677419355
			17.7017077798861	-11.9058823529412
			17.7017077798861	-11.9407969639469
			17.7017077798861	-11.9757115749526
			17.7366223908918	-12.0106261859583
			17.7366223908918	-12.0455407969639
			17.7366223908918	-12.0804554079696
			17.7366223908918	-12.1153700189753
			17.7366223908918	-12.150284629981
			17.7366223908918	-12.1851992409867
			17.7715370018975	-12.2201138519924
			17.7715370018975	-12.2550284629981
			17.7715370018975	-12.2899430740038
			17.7715370018975	-12.3248576850095
			17.7715370018975	-12.3597722960152
			17.7715370018975	-12.3946869070209
			17.8064516129032	-12.4296015180266
			17.8064516129032	-12.4645161290323
			17.8064516129032	-12.4994307400379
			17.8064516129032	-12.5343453510436
			17.8064516129032	-12.5692599620493
			17.8064516129032	-12.604174573055
			17.8413662239089	-12.604174573055
			17.8413662239089	-12.6390891840607
			17.8413662239089	-12.6740037950664
			17.8413662239089	-12.7089184060721
			17.8413662239089	-12.7438330170778
			17.8413662239089	-12.7787476280835
			17.8762808349146	-12.8136622390892
			17.8762808349146	-12.8485768500949
			17.8762808349146	-12.8834914611006
			17.8762808349146	-12.9184060721063
			17.8762808349146	-12.953320683112
			17.8762808349146	-12.9882352941176
			17.8762808349146	-13.0231499051233
			17.9111954459203	-13.058064516129
			17.9111954459203	-13.0929791271347
			17.9111954459203	-13.1278937381404
			17.9111954459203	-13.1628083491461
			17.9111954459203	-13.1977229601518
			17.9111954459203	-13.2326375711575
			17.9111954459203	-13.2675521821632
			17.946110056926	-13.2675521821632
			17.946110056926	-13.3024667931689
			17.946110056926	-13.3373814041746
			17.946110056926	-13.3722960151803
			17.946110056926	-13.407210626186
			17.946110056926	-13.4421252371917
			17.946110056926	-13.4770398481973
			17.9810246679317	-13.511954459203
			17.9810246679317	-13.5468690702087
			17.9810246679317	-13.5817836812144
			17.9810246679317	-13.6166982922201
			17.9810246679317	-13.6516129032258
			17.9810246679317	-13.6865275142315
			17.9810246679317	-13.7214421252372
			17.9810246679317	-13.7563567362429
			18.0159392789374	-13.7912713472486
			18.0159392789374	-13.8261859582543
			18.0159392789374	-13.86110056926
			18.0159392789374	-13.8960151802657
			18.0159392789374	-13.9309297912713
			18.0159392789374	-13.965844402277
			18.0159392789374	-14.0007590132827
			18.0508538899431	-14.0356736242884
			18.0508538899431	-14.0705882352941
			18.0508538899431	-14.1055028462998
			18.0508538899431	-14.1404174573055
			18.0508538899431	-14.1753320683112
			18.0508538899431	-14.2102466793169
			18.0508538899431	-14.2451612903226
			18.0508538899431	-14.2800759013283
			18.0508538899431	-14.314990512334
			18.0508538899431	-14.3499051233397
			18.0857685009488	-14.3848197343453
			18.0857685009488	-14.419734345351
			18.0857685009488	-14.4546489563567
			18.0857685009488	-14.4895635673624
			18.0857685009488	-14.5244781783681
			18.0857685009488	-14.5593927893738
			18.0857685009488	-14.5943074003795
			18.0857685009488	-14.6292220113852
			18.1206831119545	-14.6641366223909
			18.1206831119545	-14.6990512333966
			18.1206831119545	-14.7339658444023
			18.1206831119545	-14.768880455408
			18.1206831119545	-14.8037950664137
			18.1206831119545	-14.8387096774194
			18.1206831119545	-14.873624288425
			18.1206831119545	-14.9085388994307
			18.1206831119545	-14.9434535104364
			18.1206831119545	-14.9783681214421
			18.1206831119545	-15.0132827324478
			18.1206831119545	-15.0481973434535
			18.1555977229602	-15.0481973434535
			18.1555977229602	-15.0831119544592
			18.1555977229602	-15.1180265654649
			18.1555977229602	-15.1529411764706
			18.1555977229602	-15.1878557874763
			18.1555977229602	-15.222770398482
			18.1555977229602	-15.2576850094877
			18.1555977229602	-15.2925996204934
			18.1555977229602	-15.3275142314991
			18.1555977229602	-15.3624288425047
			18.1555977229602	-15.3973434535104
			18.1555977229602	-15.4322580645161
			18.1555977229602	-15.4671726755218
			18.1905123339658	-15.5020872865275
			18.1905123339658	-15.5370018975332
			18.1905123339658	-15.5719165085389
			18.1905123339658	-15.6068311195446
			18.1905123339658	-15.6417457305503
			18.1905123339658	-15.676660341556
			18.1905123339658	-15.7115749525617
			18.1905123339658	-15.7464895635674
			18.1905123339658	-15.7814041745731
			18.1905123339658	-15.8163187855787
			18.1905123339658	-15.8512333965844
			18.1905123339658	-15.8861480075901
			18.1905123339658	-15.9210626185958
			18.1905123339658	-15.9559772296015
			18.1905123339658	-15.9908918406072
			18.1905123339658	-16.0258064516129
			18.1905123339658	-16.0607210626186
			18.2254269449715	-16.0956356736243
			18.2254269449715	-16.13055028463
			18.2254269449715	-16.1654648956357
			18.2254269449715	-16.2003795066414
			18.2254269449715	-16.2352941176471
			18.2254269449715	-16.2702087286528
			18.2254269449715	-16.3051233396584
			18.2254269449715	-16.3400379506641
			18.2254269449715	-16.3749525616698
			18.2254269449715	-16.4098671726755
			18.2254269449715	-16.4447817836812
			18.2254269449715	-16.4796963946869
			18.2254269449715	-16.5146110056926
			18.2254269449715	-16.5495256166983
			18.2254269449715	-16.584440227704
			18.2254269449715	-16.6193548387097
			18.2254269449715	-16.6542694497154
			18.2254269449715	-16.6891840607211
			18.2254269449715	-16.7240986717268
			18.2254269449715	-16.7590132827324
			18.2254269449715	-16.7939278937381
			18.2254269449715	-16.8288425047438
			18.2254269449715	-16.8637571157495
			18.2254269449715	-16.8986717267552
			18.2254269449715	-16.9335863377609
			18.2254269449715	-16.9685009487666
			18.2254269449715	-17.0034155597723
			18.2254269449715	-17.038330170778
			18.2254269449715	-17.0732447817837
			18.2254269449715	-17.1081593927894
			18.2254269449715	-17.1430740037951
			18.2254269449715	-17.1779886148008
			18.2254269449715	-17.2129032258064
			18.2254269449715	-17.2478178368121
			18.1905123339658	-17.2827324478178
			18.1905123339658	-17.3176470588235
			18.1905123339658	-17.3525616698292
			18.1905123339658	-17.3874762808349
			18.1905123339658	-17.4223908918406
			18.1905123339658	-17.4573055028463
			18.1905123339658	-17.492220113852
			18.1905123339658	-17.5271347248577
			18.1905123339658	-17.5620493358634
			18.1905123339658	-17.5969639468691
			18.1905123339658	-17.6318785578748
			18.1905123339658	-17.6667931688805
			18.1905123339658	-17.7017077798861
			18.1905123339658	-17.7366223908918
			18.1905123339658	-17.7715370018975
			18.1905123339658	-17.8064516129032
			18.1555977229602	-17.8413662239089
			18.1555977229602	-17.8762808349146
			18.1555977229602	-17.9111954459203
			18.1555977229602	-17.946110056926
			18.1555977229602	-17.9810246679317
			18.1555977229602	-18.0159392789374
			18.1555977229602	-18.0508538899431
			18.1555977229602	-18.0857685009488
			18.1555977229602	-18.1206831119545
			18.1555977229602	-18.1555977229602
			18.1555977229602	-18.1905123339658
			18.1555977229602	-18.2254269449715
			18.1555977229602	-18.2603415559772
			18.1206831119545	-18.2952561669829
			18.1206831119545	-18.3301707779886
			18.1206831119545	-18.3650853889943
			18.1206831119545	-18.4
			18.1206831119545	-18.4349146110057
			18.1206831119545	-18.4698292220114
			18.1206831119545	-18.5047438330171
			18.1555977229602	-18.4698292220114
			18.1555977229602	-18.4349146110057
			18.1905123339658	-18.4
			18.1905123339658	-18.3650853889943
			18.2254269449715	-18.3301707779886
			18.2254269449715	-18.2952561669829
			18.2603415559772	-18.2603415559772
			18.2603415559772	-18.2254269449715
			18.2603415559772	-18.1905123339658
			18.2952561669829	-18.1905123339658
			18.2952561669829	-18.1555977229602
			18.2952561669829	-18.1206831119545
			18.3301707779886	-18.0857685009488
			18.3301707779886	-18.0508538899431
			18.3650853889943	-18.0159392789374
			18.3650853889943	-17.9810246679317
			18.4	-17.946110056926
			18.4	-17.9111954459203
			18.4	-17.8762808349146
			18.4	-17.8413662239089
			18.4349146110057	-17.8064516129032
			18.4349146110057	-17.7715370018975
			18.4349146110057	-17.7366223908918
			18.4698292220114	-17.7017077798861
			18.4698292220114	-17.6667931688805
			18.4698292220114	-17.6318785578748
			18.5047438330171	-17.5969639468691
			18.5047438330171	-17.5620493358634
			18.5047438330171	-17.5271347248577
			18.5396584440228	-17.492220113852
			18.5396584440228	-17.4573055028463
			18.5396584440228	-17.4223908918406
			18.5396584440228	-17.3874762808349
			18.5745730550285	-17.3525616698292
			18.5745730550285	-17.3176470588235
			18.5745730550285	-17.2827324478178
			18.5745730550285	-17.2478178368121
			18.5745730550285	-17.2129032258064
			18.6094876660342	-17.1779886148008
			18.6094876660342	-17.1430740037951
			18.6094876660342	-17.1081593927894
			18.6094876660342	-17.0732447817837
			18.6444022770398	-17.038330170778
			18.6444022770398	-17.0034155597723
			18.6444022770398	-16.9685009487666
			18.6444022770398	-16.9335863377609
			18.6444022770398	-16.8986717267552
			18.6793168880455	-16.8637571157495
			18.6793168880455	-16.8288425047438
			18.6793168880455	-16.7939278937381
			18.6793168880455	-16.7590132827324
			18.6793168880455	-16.7240986717268
			18.6793168880455	-16.6891840607211
			18.6793168880455	-16.6542694497154
			18.7142314990512	-16.6542694497154
			18.7142314990512	-16.6193548387097
			18.7142314990512	-16.584440227704
			18.7142314990512	-16.5495256166983
			18.7142314990512	-16.5146110056926
			18.7142314990512	-16.4796963946869
			18.7142314990512	-16.4447817836812
			18.7142314990512	-16.4098671726755
			18.7491461100569	-16.3749525616698
			18.7491461100569	-16.3400379506641
			18.7491461100569	-16.3051233396584
			18.7491461100569	-16.2702087286528
			18.7491461100569	-16.2352941176471
			18.7491461100569	-16.2003795066414
			18.7491461100569	-16.1654648956357
			18.7491461100569	-16.13055028463
			18.7491461100569	-16.0956356736243
			18.7491461100569	-16.0607210626186
			18.7840607210626	-16.0258064516129
			18.7840607210626	-15.9908918406072
			18.7840607210626	-15.9559772296015
			18.7840607210626	-15.9210626185958
			18.7840607210626	-15.8861480075901
			18.7840607210626	-15.8512333965844
			18.7840607210626	-15.8163187855787
			18.7840607210626	-15.7814041745731
			18.7840607210626	-15.7464895635674
			18.7840607210626	-15.7115749525617
			18.7840607210626	-15.676660341556
			18.7840607210626	-15.6417457305503
			18.7840607210626	-15.6068311195446
			18.7840607210626	-15.5719165085389
			18.7840607210626	-15.5370018975332
			18.7840607210626	-15.5020872865275
			18.7840607210626	-15.4671726755218
			18.8189753320683	-15.4322580645161
			18.8189753320683	-15.3973434535104
			18.8189753320683	-15.3624288425047
			18.8189753320683	-15.3275142314991
			18.8189753320683	-15.2925996204934
			18.8189753320683	-15.2576850094877
			18.8189753320683	-15.222770398482
			18.8189753320683	-15.1878557874763
			18.8189753320683	-15.1529411764706
			18.8189753320683	-15.1180265654649
			18.8189753320683	-15.0831119544592
			18.8189753320683	-15.0481973434535
			18.8189753320683	-15.0132827324478
			18.8189753320683	-14.9783681214421
			18.8189753320683	-14.9434535104364
			18.8189753320683	-14.9085388994307
			18.8189753320683	-14.873624288425
			18.8189753320683	-14.8387096774194
			18.8189753320683	-14.8037950664137
			18.8189753320683	-14.768880455408
			18.8189753320683	-14.7339658444023
			18.8189753320683	-14.6990512333966
			18.8189753320683	-14.6641366223909
			18.8189753320683	-14.6292220113852
			18.8189753320683	-14.5943074003795
			18.8189753320683	-14.5593927893738
			18.8189753320683	-14.5244781783681
			18.8189753320683	-14.4895635673624
			18.8189753320683	-14.4546489563567
			18.8189753320683	-14.419734345351
			18.8189753320683	-14.3848197343453
			18.8189753320683	-14.3499051233397
			18.8189753320683	-14.314990512334
			18.8189753320683	-14.2800759013283
			18.8189753320683	-14.2451612903226
			18.8189753320683	-14.2102466793169
			18.8189753320683	-14.1753320683112
			18.7840607210626	-14.1404174573055
			18.7840607210626	-14.1055028462998
			18.7840607210626	-14.0705882352941
			18.7840607210626	-14.0356736242884
			18.7840607210626	-14.0007590132827
			18.7840607210626	-13.965844402277
			18.7840607210626	-13.9309297912713
			18.7840607210626	-13.8960151802657
			18.7840607210626	-13.86110056926
			18.7840607210626	-13.8261859582543
			18.7840607210626	-13.7912713472486
			18.7840607210626	-13.7563567362429
			18.7840607210626	-13.7214421252372
			18.7840607210626	-13.6865275142315
			18.7840607210626	-13.6516129032258
			18.7840607210626	-13.6166982922201
			18.7840607210626	-13.5817836812144
			18.7840607210626	-13.5468690702087
			18.7840607210626	-13.511954459203
			18.7840607210626	-13.4770398481973
			18.7840607210626	-13.4421252371917
			18.7491461100569	-13.407210626186
			18.7491461100569	-13.3722960151803
			18.7491461100569	-13.3373814041746
			18.7491461100569	-13.3024667931689
			18.7491461100569	-13.2675521821632
			18.7491461100569	-13.2326375711575
			18.7491461100569	-13.1977229601518
			18.7491461100569	-13.1628083491461
			18.7491461100569	-13.1278937381404
			18.7491461100569	-13.0929791271347
			18.7491461100569	-13.058064516129
			18.7491461100569	-13.0231499051233
			18.7491461100569	-12.9882352941176
			18.7142314990512	-12.953320683112
			18.7142314990512	-12.9184060721063
			18.7142314990512	-12.8834914611006
			18.7142314990512	-12.8485768500949
			18.7142314990512	-12.8136622390892
			18.7142314990512	-12.7787476280835
			18.7142314990512	-12.7438330170778
			18.7142314990512	-12.7089184060721
			18.7142314990512	-12.6740037950664
			18.7142314990512	-12.6390891840607
			18.7142314990512	-12.604174573055
			18.6793168880455	-12.5692599620493
			18.6793168880455	-12.5343453510436
			18.6793168880455	-12.4994307400379
			18.6793168880455	-12.4645161290323
			18.6793168880455	-12.4296015180266
			18.6793168880455	-12.3946869070209
			18.6793168880455	-12.3597722960152
			18.6793168880455	-12.3248576850095
			18.6793168880455	-12.2899430740038
			18.6793168880455	-12.2550284629981
			18.6444022770398	-12.2201138519924
			18.6444022770398	-12.1851992409867
			18.6444022770398	-12.150284629981
			18.6444022770398	-12.1153700189753
			18.6444022770398	-12.0804554079696
			18.6444022770398	-12.0455407969639
			18.6444022770398	-12.0106261859583
			18.6444022770398	-11.9757115749526
			18.6444022770398	-11.9407969639469
			18.6444022770398	-11.9058823529412
			18.6094876660342	-11.8709677419355
			18.6094876660342	-11.8360531309298
			18.6094876660342	-11.8011385199241
			18.6094876660342	-11.7662239089184
			18.6094876660342	-11.7313092979127
			18.6094876660342	-11.696394686907
			18.6094876660342	-11.6614800759013
			18.6094876660342	-11.6265654648956
			18.5745730550285	-11.5916508538899
			18.5745730550285	-11.5567362428843
			18.5745730550285	-11.5218216318786
			18.5745730550285	-11.4869070208729
			18.5745730550285	-11.4519924098672
			18.5745730550285	-11.4170777988615
			18.5745730550285	-11.3821631878558
			18.5745730550285	-11.3472485768501
			18.5396584440228	-11.3123339658444
			18.5396584440228	-11.2774193548387
			18.5396584440228	-11.242504743833
			18.5396584440228	-11.2075901328273
			18.5396584440228	-11.1726755218216
			18.5396584440228	-11.1377609108159
			18.5396584440228	-11.1028462998102
			18.5396584440228	-11.0679316888046
			18.5047438330171	-11.0330170777989
			18.5047438330171	-10.9981024667932
			18.5047438330171	-10.9631878557875
			18.5047438330171	-10.9282732447818
			18.5047438330171	-10.8933586337761
			18.5047438330171	-10.8584440227704
			18.4698292220114	-10.8235294117647
			18.4698292220114	-10.788614800759
			18.4698292220114	-10.7537001897533
			18.4698292220114	-10.7187855787476
			18.4698292220114	-10.6838709677419
			18.4698292220114	-10.6489563567362
			18.4698292220114	-10.6140417457305
			18.4698292220114	-10.5791271347249
			18.4349146110057	-10.5442125237192
			18.4349146110057	-10.5092979127135
			18.4349146110057	-10.4743833017078
			18.4349146110057	-10.4394686907021
			18.4349146110057	-10.4045540796964
			18.4349146110057	-10.3696394686907
			18.4349146110057	-10.334724857685
			18.4	-10.2998102466793
			18.4	-10.2648956356736
			18.4	-10.2299810246679
			18.4	-10.1950664136622
			18.4	-10.1601518026565
			18.4	-10.1252371916509
			18.3650853889943	-10.0903225806452
			18.3650853889943	-10.0554079696395
			18.3650853889943	-10.0204933586338
			18.3650853889943	-9.98557874762808
			18.3650853889943	-9.95066413662239
			18.3650853889943	-9.9157495256167
			18.3301707779886	-9.88083491461101
			18.3301707779886	-9.84592030360531
			18.3301707779886	-9.81100569259962
			18.3301707779886	-9.77609108159393
			18.3301707779886	-9.74117647058823
			18.3301707779886	-9.70626185958254
			18.2952561669829	-9.67134724857685
			18.2952561669829	-9.63643263757116
			18.2952561669829	-9.60151802656546
			18.2952561669829	-9.56660341555977
		</posterior>
	</curves.scaled>
	<ruler.points type=matrix rownames=TRUE colnames=FALSE nrow=2 ncol=2 as.numeric=TRUE >
		Ruler point 1	562	697
		Ruler point 2	562	170
	</ruler.points>
</shapes>

