<shapes type=list>
	<ruler.pixel type=vector names=FALSE length=1 as.numeric=TRUE >409</ruler.pixel>
	<ruler.interval type=vector names=FALSE length=1 as.numeric=TRUE >5.3</ruler.interval>
	<scaling.units type=vector names=FALSE length=1 as.numeric=FALSE >mm</scaling.units>
	<scaling type=vector names=FALSE length=1 as.numeric=TRUE >0.012958435207824</scaling>
	<landmarks.pixel type=matrix rownames=TRUE colnames=FALSE nrow=16 ncol=2 as.numeric=TRUE >
		LM1	243	24
		LM2	243	46
		LM3	243	260
		LM4	243	275
		LM5	326	227
		LM6	327	238
		LM7	325	255
		LM8	339	115
		LM9	357	160
		LM10	244	24
		LM11	381	244
		LM12	394	278
		LM13	243	24
		LM14	365	138
		LM15	437	275
		LM16	433	405
	</landmarks.pixel>
	<landmarks.scaled type=matrix rownames=TRUE colnames=FALSE nrow=16 ncol=2 as.numeric=TRUE >
		LM1	3.14889975550122	-0.311002444987775
		LM2	3.14889975550122	-0.596088019559902
		LM3	3.14889975550122	-3.36919315403423
		LM4	3.14889975550122	-3.56356968215159
		LM5	4.22444987775061	-2.94156479217604
		LM6	4.23740831295843	-3.0841075794621
		LM7	4.21149144254279	-3.30440097799511
		LM8	4.39290953545232	-1.49022004889976
		LM9	4.62616136919315	-2.07334963325183
		LM10	3.16185819070905	-0.311002444987775
		LM11	4.93716381418093	-3.16185819070905
		LM12	5.10562347188264	-3.60244498777506
		LM13	3.14889975550122	-0.311002444987775
		LM14	4.72982885085575	-1.78826405867971
		LM15	5.66283618581907	-3.56356968215159
		LM16	5.61100244498777	-5.2481662591687
	</landmarks.scaled>
	<curves.control type=list>
		<glabella type=matrix rownames=FALSE colnames=FALSE nrow=7 ncol=2 as.numeric=TRUE >
			243	46
			282	41
			303	108
			325	172
			326	227
			327	245
			325	255
		</glabella>
		<suture type=matrix rownames=FALSE colnames=FALSE nrow=11 ncol=2 as.numeric=TRUE >
			244	24
			338	25
			334	83
			338	98
			338	116
			368	128
			356	160
			382	199
			382	245
			388	260
			394	278
		</suture>
		<anterior type=matrix rownames=FALSE colnames=FALSE nrow=5 ncol=2 as.numeric=TRUE >
			243	24
			299	26
			328	44
			434	87
			437	275
		</anterior>
		<posterior type=matrix rownames=FALSE colnames=FALSE nrow=9 ncol=2 as.numeric=TRUE >
			243	275
			287	276
			324	257
			364	259
			398	286
			414	327
			420	372
			438	485
			437	275
		</posterior>
	</curves.control>
	<curves.pixel type=list>
		<glabella type=matrix rownames=FALSE colnames=FALSE nrow=240 ncol=2 as.numeric=TRUE >
			243	46
			244	46
			245	46
			246	46
			247	46
			248	46
			249	46
			250	46
			251	46
			252	46
			253	46
			254	46
			255	46
			256	46
			256	47
			257	47
			258	47
			259	47
			260	48
			261	48
			262	48
			263	49
			264	49
			265	50
			266	50
			267	51
			268	51
			269	52
			270	52
			271	53
			271	54
			272	54
			273	55
			274	56
			275	56
			275	57
			276	58
			277	58
			278	59
			278	60
			279	61
			280	62
			281	63
			282	64
			283	65
			283	66
			284	66
			284	67
			285	68
			285	69
			286	69
			286	70
			287	71
			287	72
			288	73
			289	74
			289	75
			290	76
			290	77
			291	78
			292	79
			292	80
			292	81
			293	81
			293	82
			293	83
			294	83
			294	84
			294	85
			295	86
			295	87
			296	88
			296	89
			297	90
			297	91
			297	92
			298	93
			298	94
			298	95
			299	96
			299	97
			300	98
			300	99
			300	100
			301	101
			301	102
			301	103
			302	104
			302	105
			302	106
			303	107
			303	108
			303	109
			304	110
			304	111
			304	112
			305	113
			305	114
			305	115
			306	116
			306	117
			306	118
			307	119
			307	120
			307	121
			308	122
			308	123
			308	124
			309	125
			309	126
			309	127
			309	128
			310	129
			310	130
			310	131
			311	132
			311	133
			311	134
			311	135
			312	136
			312	137
			312	138
			313	139
			313	140
			313	141
			313	142
			314	143
			314	144
			314	145
			314	146
			315	147
			315	148
			315	149
			315	150
			316	150
			316	151
			316	152
			316	153
			316	154
			317	155
			317	156
			317	157
			317	158
			318	159
			318	160
			318	161
			318	162
			318	163
			319	164
			319	165
			319	166
			319	167
			319	168
			320	169
			320	170
			320	171
			320	172
			320	173
			321	174
			321	175
			321	176
			321	177
			321	178
			321	179
			322	180
			322	181
			322	182
			322	183
			322	184
			322	185
			323	186
			323	187
			323	188
			323	189
			323	190
			323	191
			323	192
			323	193
			324	194
			324	195
			324	196
			324	197
			324	198
			324	199
			324	200
			324	201
			325	202
			325	203
			325	204
			325	205
			325	206
			325	207
			325	208
			325	209
			325	210
			325	211
			325	212
			325	213
			325	214
			326	215
			326	216
			326	217
			326	218
			326	219
			326	220
			326	221
			326	222
			326	223
			326	224
			326	225
			326	226
			326	227
			326	228
			326	229
			326	230
			326	231
			326	232
			326	233
			326	234
			326	235
			326	236
			326	237
			326	238
			326	239
			326	240
			326	241
			326	242
			326	243
			326	244
			326	245
			326	246
			326	247
			326	248
			326	249
			326	250
			326	251
			325	252
			325	253
			325	254
			325	255
		</glabella>
		<suture type=matrix rownames=FALSE colnames=FALSE nrow=324 ncol=2 as.numeric=TRUE >
			244	24
			245	24
			246	24
			247	24
			248	24
			249	24
			250	24
			251	24
			252	24
			253	24
			254	24
			255	24
			256	24
			257	24
			258	24
			258	25
			259	25
			260	25
			261	25
			262	25
			263	25
			264	25
			265	25
			266	25
			267	25
			268	25
			269	26
			270	26
			271	26
			272	26
			273	26
			274	26
			275	26
			276	26
			277	27
			278	27
			279	27
			280	27
			281	27
			282	27
			283	28
			284	28
			285	28
			286	28
			287	29
			288	29
			289	29
			290	29
			291	30
			292	30
			293	30
			294	31
			295	31
			296	31
			297	31
			298	32
			299	32
			300	32
			301	33
			302	33
			303	34
			304	34
			305	35
			306	35
			307	36
			308	36
			309	37
			310	37
			311	38
			312	38
			313	39
			314	40
			315	40
			316	41
			317	42
			318	43
			319	43
			320	44
			321	45
			321	46
			322	46
			323	47
			324	48
			324	49
			325	50
			326	50
			326	51
			327	52
			327	53
			328	54
			329	55
			329	56
			330	57
			330	58
			330	59
			331	60
			331	61
			332	62
			332	63
			332	64
			333	65
			333	66
			333	67
			333	68
			333	69
			334	70
			334	71
			334	72
			334	73
			334	74
			334	75
			334	76
			334	77
			334	78
			334	79
			334	80
			334	81
			334	82
			334	83
			334	84
			335	85
			335	86
			335	87
			335	88
			335	89
			336	90
			336	91
			336	92
			336	93
			336	94
			337	95
			337	96
			337	97
			337	98
			337	99
			337	100
			337	101
			337	102
			337	103
			338	104
			338	105
			338	106
			338	107
			338	108
			338	109
			338	110
			338	111
			338	112
			338	113
			338	114
			338	115
			338	116
			339	117
			340	117
			341	117
			342	118
			343	118
			344	119
			345	119
			346	120
			347	120
			347	121
			348	121
			349	122
			350	123
			351	124
			352	125
			353	126
			354	127
			355	128
			355	129
			356	129
			356	130
			357	131
			357	132
			357	133
			358	134
			358	135
			358	136
			359	137
			359	138
			359	139
			359	140
			359	141
			359	142
			359	143
			359	144
			359	145
			359	146
			359	147
			359	148
			359	149
			359	150
			359	151
			358	152
			358	153
			358	154
			358	155
			357	156
			357	157
			357	158
			356	159
			356	160
			357	161
			357	162
			358	163
			359	164
			359	165
			360	166
			361	167
			361	168
			362	169
			362	170
			363	171
			364	172
			364	173
			365	174
			365	175
			365	176
			366	176
			366	177
			366	178
			367	178
			367	179
			367	180
			368	181
			368	182
			369	183
			369	184
			370	185
			370	186
			371	187
			371	188
			371	189
			372	190
			372	191
			372	192
			373	193
			373	194
			374	195
			374	196
			374	197
			374	198
			375	198
			375	199
			375	200
			376	201
			376	202
			376	203
			376	204
			377	205
			377	206
			377	207
			378	208
			378	209
			378	210
			378	211
			378	212
			379	213
			379	214
			379	215
			379	216
			380	217
			380	218
			380	219
			380	220
			380	221
			380	222
			380	223
			381	224
			381	225
			381	226
			381	227
			381	228
			381	229
			381	230
			381	231
			381	232
			382	233
			382	234
			382	235
			382	236
			382	237
			382	238
			382	239
			382	240
			382	241
			382	242
			382	243
			382	244
			382	245
			382	246
			383	247
			383	248
			384	249
			384	250
			384	251
			385	252
			385	253
			386	254
			386	255
			386	256
			387	257
			387	258
			387	259
			388	260
			388	261
			388	262
			389	263
			389	264
			390	265
			390	266
			390	267
			391	268
			391	269
			391	270
			392	271
			392	272
			392	273
			393	274
			393	275
			393	276
			394	277
			394	278
		</suture>
		<anterior type=matrix rownames=FALSE colnames=FALSE nrow=344 ncol=2 as.numeric=TRUE >
			243	24
			244	24
			245	24
			246	24
			247	24
			248	24
			249	24
			250	24
			251	24
			252	24
			253	25
			254	25
			255	25
			256	25
			257	25
			258	25
			259	25
			260	25
			261	25
			262	25
			263	25
			264	25
			265	26
			266	26
			267	26
			268	26
			269	26
			270	26
			271	26
			272	26
			273	26
			274	27
			275	27
			276	27
			277	27
			278	27
			279	27
			280	28
			281	28
			282	28
			283	28
			284	28
			285	28
			286	29
			287	29
			288	29
			289	29
			290	30
			291	30
			292	30
			293	30
			294	31
			295	31
			296	31
			297	31
			298	32
			299	32
			300	32
			301	32
			302	33
			303	33
			304	33
			305	34
			306	34
			307	34
			308	34
			309	35
			310	35
			311	36
			312	36
			313	37
			314	37
			315	37
			316	38
			317	38
			318	39
			319	39
			320	40
			321	40
			322	41
			323	41
			324	42
			325	42
			326	43
			327	44
			328	44
			329	44
			330	45
			331	45
			332	46
			333	46
			334	46
			334	47
			335	47
			336	48
			337	48
			338	48
			338	49
			339	49
			340	49
			341	50
			342	51
			343	51
			344	52
			345	52
			346	53
			347	53
			348	54
			349	54
			350	55
			351	56
			352	57
			353	57
			354	58
			355	59
			356	59
			357	60
			358	61
			359	61
			360	62
			361	63
			362	63
			363	64
			364	65
			365	66
			366	66
			367	67
			367	68
			368	69
			369	70
			370	70
			371	71
			372	72
			373	73
			374	74
			375	75
			376	76
			377	77
			378	78
			379	79
			380	80
			380	81
			381	81
			382	82
			382	83
			383	83
			383	84
			384	85
			385	85
			385	86
			386	87
			387	88
			387	89
			388	90
			389	91
			389	92
			390	92
			391	93
			391	94
			392	95
			393	96
			393	97
			394	98
			394	99
			395	100
			396	101
			396	102
			397	102
			397	103
			398	104
			399	105
			399	106
			400	107
			400	108
			401	109
			401	110
			402	111
			403	112
			403	113
			404	114
			404	115
			405	116
			405	117
			406	118
			406	119
			407	120
			407	121
			408	122
			408	123
			409	124
			409	125
			410	126
			410	127
			410	128
			411	128
			411	129
			411	130
			412	131
			412	132
			413	133
			413	134
			413	135
			414	136
			414	137
			415	138
			415	139
			415	140
			416	141
			416	142
			417	143
			417	144
			417	145
			418	146
			418	147
			418	148
			419	149
			419	150
			419	151
			419	152
			420	152
			420	153
			420	154
			420	155
			421	156
			421	157
			421	158
			422	159
			422	160
			422	161
			423	162
			423	163
			423	164
			423	165
			424	166
			424	167
			424	168
			424	169
			425	170
			425	171
			425	172
			425	173
			426	174
			426	175
			426	176
			426	177
			426	178
			427	179
			427	180
			427	181
			427	182
			428	183
			428	184
			428	185
			428	186
			428	187
			429	188
			429	189
			429	190
			429	191
			429	192
			430	193
			430	194
			430	195
			430	196
			430	197
			430	198
			431	199
			431	200
			431	201
			431	202
			431	203
			431	204
			432	204
			432	205
			432	206
			432	207
			432	208
			432	209
			432	210
			432	211
			433	212
			433	213
			433	214
			433	215
			433	216
			433	217
			433	218
			433	219
			434	220
			434	221
			434	222
			434	223
			434	224
			434	225
			434	226
			434	227
			434	228
			435	229
			435	230
			435	231
			435	232
			435	233
			435	234
			435	235
			435	236
			435	237
			435	238
			435	239
			435	240
			436	241
			436	242
			436	243
			436	244
			436	245
			436	246
			436	247
			436	248
			436	249
			436	250
			436	251
			436	252
			436	253
			436	254
			436	255
			436	256
			436	257
			436	258
			437	259
			437	260
			437	261
			437	262
			437	263
			437	264
			437	265
			437	266
			437	267
			437	268
			437	269
			437	270
			437	271
			437	272
			437	273
			437	274
			437	275
		</anterior>
		<posterior type=matrix rownames=FALSE colnames=FALSE nrow=432 ncol=2 as.numeric=TRUE >
			243	275
			244	275
			245	275
			246	275
			247	275
			248	275
			249	275
			250	275
			251	275
			252	275
			253	275
			254	275
			255	275
			256	275
			257	275
			258	275
			259	275
			260	275
			261	275
			262	275
			263	274
			264	274
			265	274
			266	274
			267	274
			268	274
			269	274
			270	274
			271	274
			272	273
			273	273
			274	273
			275	273
			276	273
			277	273
			278	272
			279	272
			280	272
			281	272
			282	272
			283	272
			284	271
			285	271
			286	271
			287	271
			288	270
			289	270
			290	270
			291	270
			292	269
			293	269
			294	269
			295	268
			296	268
			297	268
			298	268
			299	267
			300	267
			301	267
			302	266
			303	266
			304	266
			305	265
			306	265
			307	264
			308	264
			309	264
			310	263
			311	263
			312	262
			313	262
			314	262
			315	261
			316	261
			317	260
			318	260
			319	259
			320	259
			321	259
			322	258
			323	258
			324	257
			325	257
			326	257
			327	257
			328	257
			329	257
			330	257
			331	258
			332	258
			333	258
			334	258
			335	258
			336	258
			337	258
			338	259
			339	259
			340	259
			341	259
			342	259
			343	259
			344	260
			345	260
			346	260
			347	260
			348	261
			349	261
			350	261
			351	261
			352	262
			353	262
			354	262
			355	263
			356	263
			357	263
			358	264
			359	264
			360	264
			361	265
			362	265
			363	265
			364	266
			365	266
			366	267
			367	267
			368	267
			368	268
			369	268
			370	268
			370	269
			371	269
			372	269
			372	270
			373	270
			374	270
			374	271
			375	271
			376	271
			376	272
			377	272
			378	272
			378	273
			379	273
			380	274
			381	274
			382	275
			383	276
			384	276
			385	277
			386	277
			386	278
			387	278
			388	279
			389	279
			389	280
			390	280
			391	281
			392	281
			392	282
			393	282
			394	283
			395	283
			396	284
			396	285
			397	285
			398	286
			398	287
			399	288
			399	289
			400	290
			400	291
			400	292
			401	293
			401	294
			401	295
			402	296
			402	297
			402	298
			403	298
			403	299
			403	300
			403	301
			404	302
			404	303
			405	304
			405	305
			405	306
			405	307
			406	308
			406	309
			406	310
			407	311
			407	312
			407	313
			408	314
			408	315
			408	316
			408	317
			409	318
			409	319
			409	320
			410	321
			410	322
			410	323
			410	324
			411	325
			411	326
			411	327
			411	328
			412	329
			412	330
			412	331
			412	332
			413	333
			413	334
			413	335
			413	336
			414	337
			414	338
			414	339
			414	340
			415	341
			415	342
			415	343
			415	344
			416	345
			416	346
			416	347
			416	348
			416	349
			416	350
			417	351
			417	352
			417	353
			417	354
			417	355
			418	356
			418	357
			418	358
			418	359
			418	360
			418	361
			418	362
			419	362
			419	363
			419	364
			419	365
			419	366
			419	367
			419	368
			420	369
			420	370
			420	371
			420	372
			420	373
			420	374
			421	375
			421	376
			421	377
			421	378
			421	379
			421	380
			421	381
			422	382
			422	383
			422	384
			422	385
			422	386
			423	387
			423	388
			423	389
			423	390
			423	391
			423	392
			424	393
			424	394
			424	395
			424	396
			425	397
			425	398
			425	399
			425	400
			426	401
			426	402
			426	403
			426	404
			427	405
			427	406
			427	407
			428	408
			428	409
			429	410
			429	411
			430	411
			431	411
			432	410
			432	409
			433	408
			433	407
			433	406
			433	405
			433	404
			433	403
			434	402
			434	401
			434	400
			434	399
			434	398
			434	397
			434	396
			434	395
			435	394
			435	393
			435	392
			435	391
			435	390
			435	389
			435	388
			435	387
			435	386
			435	385
			435	384
			435	383
			435	382
			435	381
			436	380
			436	379
			436	378
			436	377
			436	376
			436	375
			436	374
			436	373
			436	372
			436	371
			436	370
			436	369
			436	368
			436	367
			436	366
			436	365
			436	364
			436	363
			436	362
			436	361
			436	360
			436	359
			436	358
			436	357
			436	356
			436	355
			436	354
			436	353
			437	353
			437	352
			437	351
			437	350
			437	349
			437	348
			437	347
			437	346
			437	345
			437	344
			437	343
			437	342
			437	341
			437	340
			437	339
			437	338
			437	337
			437	336
			437	335
			437	334
			437	333
			437	332
			437	331
			437	330
			437	329
			437	328
			437	327
			437	326
			437	325
			437	324
			437	323
			437	322
			437	321
			437	320
			437	319
			437	318
			437	317
			437	316
			437	315
			437	314
			437	313
			437	312
			437	311
			437	310
			437	309
			437	308
			437	307
			437	306
			437	305
			437	304
			437	303
			437	302
			437	301
			437	300
			437	299
			437	298
			437	297
			437	296
			437	295
			437	294
			437	293
			437	292
			437	291
			437	290
			437	289
			437	288
			437	287
			437	286
			437	285
			437	284
			437	283
			437	282
			437	281
			437	280
			437	279
			437	278
			437	277
			437	276
			437	275
		</posterior>
	</curves.pixel>
	<curves.scaled type=list>
		<glabella type=matrix rownames=FALSE colnames=FALSE nrow=240 ncol=2 as.numeric=TRUE >
			3.14889975550122	-0.596088019559902
			3.16185819070905	-0.596088019559902
			3.17481662591687	-0.596088019559902
			3.18777506112469	-0.596088019559902
			3.20073349633252	-0.596088019559902
			3.21369193154034	-0.596088019559902
			3.22665036674817	-0.596088019559902
			3.23960880195599	-0.596088019559902
			3.25256723716381	-0.596088019559902
			3.26552567237164	-0.596088019559902
			3.27848410757946	-0.596088019559902
			3.29144254278729	-0.596088019559902
			3.30440097799511	-0.596088019559902
			3.31735941320293	-0.596088019559902
			3.31735941320293	-0.609046454767726
			3.33031784841076	-0.609046454767726
			3.34327628361858	-0.609046454767726
			3.35623471882641	-0.609046454767726
			3.36919315403423	-0.62200488997555
			3.38215158924205	-0.62200488997555
			3.39511002444988	-0.62200488997555
			3.4080684596577	-0.634963325183374
			3.42102689486553	-0.634963325183374
			3.43398533007335	-0.647921760391198
			3.44694376528117	-0.647921760391198
			3.459902200489	-0.660880195599022
			3.47286063569682	-0.660880195599022
			3.48581907090465	-0.673838630806846
			3.49877750611247	-0.673838630806846
			3.51173594132029	-0.68679706601467
			3.51173594132029	-0.699755501222494
			3.52469437652812	-0.699755501222494
			3.53765281173594	-0.712713936430318
			3.55061124694376	-0.725672371638142
			3.56356968215159	-0.725672371638142
			3.56356968215159	-0.738630806845966
			3.57652811735941	-0.75158924205379
			3.58948655256724	-0.75158924205379
			3.60244498777506	-0.764547677261614
			3.60244498777506	-0.777506112469438
			3.61540342298288	-0.790464547677262
			3.62836185819071	-0.803422982885086
			3.64132029339853	-0.81638141809291
			3.65427872860636	-0.829339853300733
			3.66723716381418	-0.842298288508557
			3.66723716381418	-0.855256723716381
			3.680195599022	-0.855256723716381
			3.680195599022	-0.868215158924205
			3.69315403422983	-0.881173594132029
			3.69315403422983	-0.894132029339853
			3.70611246943765	-0.894132029339853
			3.70611246943765	-0.907090464547677
			3.71907090464548	-0.920048899755501
			3.71907090464548	-0.933007334963325
			3.7320293398533	-0.945965770171149
			3.74498777506112	-0.958924205378973
			3.74498777506112	-0.971882640586797
			3.75794621026895	-0.984841075794621
			3.75794621026895	-0.997799511002445
			3.77090464547677	-1.01075794621027
			3.7838630806846	-1.02371638141809
			3.7838630806846	-1.03667481662592
			3.7838630806846	-1.04963325183374
			3.79682151589242	-1.04963325183374
			3.79682151589242	-1.06259168704156
			3.79682151589242	-1.07555012224939
			3.80977995110024	-1.07555012224939
			3.80977995110024	-1.08850855745721
			3.80977995110024	-1.10146699266504
			3.82273838630807	-1.11442542787286
			3.82273838630807	-1.12738386308068
			3.83569682151589	-1.14034229828851
			3.83569682151589	-1.15330073349633
			3.84865525672372	-1.16625916870416
			3.84865525672372	-1.17921760391198
			3.84865525672372	-1.1921760391198
			3.86161369193154	-1.20513447432763
			3.86161369193154	-1.21809290953545
			3.86161369193154	-1.23105134474328
			3.87457212713936	-1.2440097799511
			3.87457212713936	-1.25696821515892
			3.88753056234719	-1.26992665036675
			3.88753056234719	-1.28288508557457
			3.88753056234719	-1.2958435207824
			3.90048899755501	-1.30880195599022
			3.90048899755501	-1.32176039119804
			3.90048899755501	-1.33471882640587
			3.91344743276284	-1.34767726161369
			3.91344743276284	-1.36063569682152
			3.91344743276284	-1.37359413202934
			3.92640586797066	-1.38655256723716
			3.92640586797066	-1.39951100244499
			3.92640586797066	-1.41246943765281
			3.93936430317848	-1.42542787286064
			3.93936430317848	-1.43838630806846
			3.93936430317848	-1.45134474327628
			3.95232273838631	-1.46430317848411
			3.95232273838631	-1.47726161369193
			3.95232273838631	-1.49022004889976
			3.96528117359413	-1.50317848410758
			3.96528117359413	-1.5161369193154
			3.96528117359413	-1.52909535452323
			3.97823960880196	-1.54205378973105
			3.97823960880196	-1.55501222493888
			3.97823960880196	-1.5679706601467
			3.99119804400978	-1.58092909535452
			3.99119804400978	-1.59388753056235
			3.99119804400978	-1.60684596577017
			4.0041564792176	-1.619804400978
			4.0041564792176	-1.63276283618582
			4.0041564792176	-1.64572127139364
			4.0041564792176	-1.65867970660147
			4.01711491442543	-1.67163814180929
			4.01711491442543	-1.68459657701711
			4.01711491442543	-1.69755501222494
			4.03007334963325	-1.71051344743276
			4.03007334963325	-1.72347188264059
			4.03007334963325	-1.73643031784841
			4.03007334963325	-1.74938875305623
			4.04303178484108	-1.76234718826406
			4.04303178484108	-1.77530562347188
			4.04303178484108	-1.78826405867971
			4.0559902200489	-1.80122249388753
			4.0559902200489	-1.81418092909535
			4.0559902200489	-1.82713936430318
			4.0559902200489	-1.840097799511
			4.06894865525672	-1.85305623471883
			4.06894865525672	-1.86601466992665
			4.06894865525672	-1.87897310513447
			4.06894865525672	-1.8919315403423
			4.08190709046455	-1.90488997555012
			4.08190709046455	-1.91784841075795
			4.08190709046455	-1.93080684596577
			4.08190709046455	-1.94376528117359
			4.09486552567237	-1.94376528117359
			4.09486552567237	-1.95672371638142
			4.09486552567237	-1.96968215158924
			4.09486552567237	-1.98264058679707
			4.09486552567237	-1.99559902200489
			4.1078239608802	-2.00855745721271
			4.1078239608802	-2.02151589242054
			4.1078239608802	-2.03447432762836
			4.1078239608802	-2.04743276283619
			4.12078239608802	-2.06039119804401
			4.12078239608802	-2.07334963325183
			4.12078239608802	-2.08630806845966
			4.12078239608802	-2.09926650366748
			4.12078239608802	-2.11222493887531
			4.13374083129584	-2.12518337408313
			4.13374083129584	-2.13814180929095
			4.13374083129584	-2.15110024449878
			4.13374083129584	-2.1640586797066
			4.13374083129584	-2.17701711491443
			4.14669926650367	-2.18997555012225
			4.14669926650367	-2.20293398533007
			4.14669926650367	-2.2158924205379
			4.14669926650367	-2.22885085574572
			4.14669926650367	-2.24180929095355
			4.15965770171149	-2.25476772616137
			4.15965770171149	-2.26772616136919
			4.15965770171149	-2.28068459657702
			4.15965770171149	-2.29364303178484
			4.15965770171149	-2.30660146699267
			4.15965770171149	-2.31955990220049
			4.17261613691932	-2.33251833740831
			4.17261613691932	-2.34547677261614
			4.17261613691932	-2.35843520782396
			4.17261613691932	-2.37139364303178
			4.17261613691932	-2.38435207823961
			4.17261613691932	-2.39731051344743
			4.18557457212714	-2.41026894865526
			4.18557457212714	-2.42322738386308
			4.18557457212714	-2.4361858190709
			4.18557457212714	-2.44914425427873
			4.18557457212714	-2.46210268948655
			4.18557457212714	-2.47506112469438
			4.18557457212714	-2.4880195599022
			4.18557457212714	-2.50097799511002
			4.19853300733496	-2.51393643031785
			4.19853300733496	-2.52689486552567
			4.19853300733496	-2.5398533007335
			4.19853300733496	-2.55281173594132
			4.19853300733496	-2.56577017114914
			4.19853300733496	-2.57872860635697
			4.19853300733496	-2.59168704156479
			4.19853300733496	-2.60464547677262
			4.21149144254279	-2.61760391198044
			4.21149144254279	-2.63056234718826
			4.21149144254279	-2.64352078239609
			4.21149144254279	-2.65647921760391
			4.21149144254279	-2.66943765281174
			4.21149144254279	-2.68239608801956
			4.21149144254279	-2.69535452322738
			4.21149144254279	-2.70831295843521
			4.21149144254279	-2.72127139364303
			4.21149144254279	-2.73422982885086
			4.21149144254279	-2.74718826405868
			4.21149144254279	-2.7601466992665
			4.21149144254279	-2.77310513447433
			4.22444987775061	-2.78606356968215
			4.22444987775061	-2.79902200488998
			4.22444987775061	-2.8119804400978
			4.22444987775061	-2.82493887530562
			4.22444987775061	-2.83789731051345
			4.22444987775061	-2.85085574572127
			4.22444987775061	-2.8638141809291
			4.22444987775061	-2.87677261613692
			4.22444987775061	-2.88973105134474
			4.22444987775061	-2.90268948655257
			4.22444987775061	-2.91564792176039
			4.22444987775061	-2.92860635696821
			4.22444987775061	-2.94156479217604
			4.22444987775061	-2.95452322738386
			4.22444987775061	-2.96748166259169
			4.22444987775061	-2.98044009779951
			4.22444987775061	-2.99339853300733
			4.22444987775061	-3.00635696821516
			4.22444987775061	-3.01931540342298
			4.22444987775061	-3.03227383863081
			4.22444987775061	-3.04523227383863
			4.22444987775061	-3.05819070904645
			4.22444987775061	-3.07114914425428
			4.22444987775061	-3.0841075794621
			4.22444987775061	-3.09706601466993
			4.22444987775061	-3.11002444987775
			4.22444987775061	-3.12298288508557
			4.22444987775061	-3.1359413202934
			4.22444987775061	-3.14889975550122
			4.22444987775061	-3.16185819070905
			4.22444987775061	-3.17481662591687
			4.22444987775061	-3.18777506112469
			4.22444987775061	-3.20073349633252
			4.22444987775061	-3.21369193154034
			4.22444987775061	-3.22665036674817
			4.22444987775061	-3.23960880195599
			4.22444987775061	-3.25256723716381
			4.21149144254279	-3.26552567237164
			4.21149144254279	-3.27848410757946
			4.21149144254279	-3.29144254278729
			4.21149144254279	-3.30440097799511
		</glabella>
		<suture type=matrix rownames=FALSE colnames=FALSE nrow=324 ncol=2 as.numeric=TRUE >
			3.16185819070905	-0.311002444987775
			3.17481662591687	-0.311002444987775
			3.18777506112469	-0.311002444987775
			3.20073349633252	-0.311002444987775
			3.21369193154034	-0.311002444987775
			3.22665036674817	-0.311002444987775
			3.23960880195599	-0.311002444987775
			3.25256723716381	-0.311002444987775
			3.26552567237164	-0.311002444987775
			3.27848410757946	-0.311002444987775
			3.29144254278729	-0.311002444987775
			3.30440097799511	-0.311002444987775
			3.31735941320293	-0.311002444987775
			3.33031784841076	-0.311002444987775
			3.34327628361858	-0.311002444987775
			3.34327628361858	-0.323960880195599
			3.35623471882641	-0.323960880195599
			3.36919315403423	-0.323960880195599
			3.38215158924205	-0.323960880195599
			3.39511002444988	-0.323960880195599
			3.4080684596577	-0.323960880195599
			3.42102689486553	-0.323960880195599
			3.43398533007335	-0.323960880195599
			3.44694376528117	-0.323960880195599
			3.459902200489	-0.323960880195599
			3.47286063569682	-0.323960880195599
			3.48581907090465	-0.336919315403423
			3.49877750611247	-0.336919315403423
			3.51173594132029	-0.336919315403423
			3.52469437652812	-0.336919315403423
			3.53765281173594	-0.336919315403423
			3.55061124694376	-0.336919315403423
			3.56356968215159	-0.336919315403423
			3.57652811735941	-0.336919315403423
			3.58948655256724	-0.349877750611247
			3.60244498777506	-0.349877750611247
			3.61540342298288	-0.349877750611247
			3.62836185819071	-0.349877750611247
			3.64132029339853	-0.349877750611247
			3.65427872860636	-0.349877750611247
			3.66723716381418	-0.362836185819071
			3.680195599022	-0.362836185819071
			3.69315403422983	-0.362836185819071
			3.70611246943765	-0.362836185819071
			3.71907090464548	-0.375794621026895
			3.7320293398533	-0.375794621026895
			3.74498777506112	-0.375794621026895
			3.75794621026895	-0.375794621026895
			3.77090464547677	-0.388753056234719
			3.7838630806846	-0.388753056234719
			3.79682151589242	-0.388753056234719
			3.80977995110024	-0.401711491442543
			3.82273838630807	-0.401711491442543
			3.83569682151589	-0.401711491442543
			3.84865525672372	-0.401711491442543
			3.86161369193154	-0.414669926650367
			3.87457212713936	-0.414669926650367
			3.88753056234719	-0.414669926650367
			3.90048899755501	-0.427628361858191
			3.91344743276284	-0.427628361858191
			3.92640586797066	-0.440586797066015
			3.93936430317848	-0.440586797066015
			3.95232273838631	-0.453545232273839
			3.96528117359413	-0.453545232273839
			3.97823960880196	-0.466503667481663
			3.99119804400978	-0.466503667481663
			4.0041564792176	-0.479462102689487
			4.01711491442543	-0.479462102689487
			4.03007334963325	-0.49242053789731
			4.04303178484108	-0.49242053789731
			4.0559902200489	-0.505378973105134
			4.06894865525672	-0.518337408312958
			4.08190709046455	-0.518337408312958
			4.09486552567237	-0.531295843520782
			4.1078239608802	-0.544254278728606
			4.12078239608802	-0.55721271393643
			4.13374083129584	-0.55721271393643
			4.14669926650367	-0.570171149144254
			4.15965770171149	-0.583129584352078
			4.15965770171149	-0.596088019559902
			4.17261613691932	-0.596088019559902
			4.18557457212714	-0.609046454767726
			4.19853300733496	-0.62200488997555
			4.19853300733496	-0.634963325183374
			4.21149144254279	-0.647921760391198
			4.22444987775061	-0.647921760391198
			4.22444987775061	-0.660880195599022
			4.23740831295843	-0.673838630806846
			4.23740831295843	-0.68679706601467
			4.25036674816626	-0.699755501222494
			4.26332518337408	-0.712713936430318
			4.26332518337408	-0.725672371638142
			4.27628361858191	-0.738630806845966
			4.27628361858191	-0.75158924205379
			4.27628361858191	-0.764547677261614
			4.28924205378973	-0.777506112469438
			4.28924205378973	-0.790464547677262
			4.30220048899755	-0.803422982885086
			4.30220048899755	-0.81638141809291
			4.30220048899755	-0.829339853300733
			4.31515892420538	-0.842298288508557
			4.31515892420538	-0.855256723716381
			4.31515892420538	-0.868215158924205
			4.31515892420538	-0.881173594132029
			4.31515892420538	-0.894132029339853
			4.3281173594132	-0.907090464547677
			4.3281173594132	-0.920048899755501
			4.3281173594132	-0.933007334963325
			4.3281173594132	-0.945965770171149
			4.3281173594132	-0.958924205378973
			4.3281173594132	-0.971882640586797
			4.3281173594132	-0.984841075794621
			4.3281173594132	-0.997799511002445
			4.3281173594132	-1.01075794621027
			4.3281173594132	-1.02371638141809
			4.3281173594132	-1.03667481662592
			4.3281173594132	-1.04963325183374
			4.3281173594132	-1.06259168704156
			4.3281173594132	-1.07555012224939
			4.3281173594132	-1.08850855745721
			4.34107579462103	-1.10146699266504
			4.34107579462103	-1.11442542787286
			4.34107579462103	-1.12738386308068
			4.34107579462103	-1.14034229828851
			4.34107579462103	-1.15330073349633
			4.35403422982885	-1.16625916870416
			4.35403422982885	-1.17921760391198
			4.35403422982885	-1.1921760391198
			4.35403422982885	-1.20513447432763
			4.35403422982885	-1.21809290953545
			4.36699266503667	-1.23105134474328
			4.36699266503667	-1.2440097799511
			4.36699266503667	-1.25696821515892
			4.36699266503667	-1.26992665036675
			4.36699266503667	-1.28288508557457
			4.36699266503667	-1.2958435207824
			4.36699266503667	-1.30880195599022
			4.36699266503667	-1.32176039119804
			4.36699266503667	-1.33471882640587
			4.3799511002445	-1.34767726161369
			4.3799511002445	-1.36063569682152
			4.3799511002445	-1.37359413202934
			4.3799511002445	-1.38655256723716
			4.3799511002445	-1.39951100244499
			4.3799511002445	-1.41246943765281
			4.3799511002445	-1.42542787286064
			4.3799511002445	-1.43838630806846
			4.3799511002445	-1.45134474327628
			4.3799511002445	-1.46430317848411
			4.3799511002445	-1.47726161369193
			4.3799511002445	-1.49022004889976
			4.3799511002445	-1.50317848410758
			4.39290953545232	-1.5161369193154
			4.40586797066015	-1.5161369193154
			4.41882640586797	-1.5161369193154
			4.43178484107579	-1.52909535452323
			4.44474327628362	-1.52909535452323
			4.45770171149144	-1.54205378973105
			4.47066014669927	-1.54205378973105
			4.48361858190709	-1.55501222493888
			4.49657701711491	-1.55501222493888
			4.49657701711491	-1.5679706601467
			4.50953545232274	-1.5679706601467
			4.52249388753056	-1.58092909535452
			4.53545232273839	-1.59388753056235
			4.54841075794621	-1.60684596577017
			4.56136919315403	-1.619804400978
			4.57432762836186	-1.63276283618582
			4.58728606356968	-1.64572127139364
			4.60024449877751	-1.65867970660147
			4.60024449877751	-1.67163814180929
			4.61320293398533	-1.67163814180929
			4.61320293398533	-1.68459657701711
			4.62616136919315	-1.69755501222494
			4.62616136919315	-1.71051344743276
			4.62616136919315	-1.72347188264059
			4.63911980440098	-1.73643031784841
			4.63911980440098	-1.74938875305623
			4.63911980440098	-1.76234718826406
			4.6520782396088	-1.77530562347188
			4.6520782396088	-1.78826405867971
			4.6520782396088	-1.80122249388753
			4.6520782396088	-1.81418092909535
			4.6520782396088	-1.82713936430318
			4.6520782396088	-1.840097799511
			4.6520782396088	-1.85305623471883
			4.6520782396088	-1.86601466992665
			4.6520782396088	-1.87897310513447
			4.6520782396088	-1.8919315403423
			4.6520782396088	-1.90488997555012
			4.6520782396088	-1.91784841075795
			4.6520782396088	-1.93080684596577
			4.6520782396088	-1.94376528117359
			4.6520782396088	-1.95672371638142
			4.63911980440098	-1.96968215158924
			4.63911980440098	-1.98264058679707
			4.63911980440098	-1.99559902200489
			4.63911980440098	-2.00855745721271
			4.62616136919315	-2.02151589242054
			4.62616136919315	-2.03447432762836
			4.62616136919315	-2.04743276283619
			4.61320293398533	-2.06039119804401
			4.61320293398533	-2.07334963325183
			4.62616136919315	-2.08630806845966
			4.62616136919315	-2.09926650366748
			4.63911980440098	-2.11222493887531
			4.6520782396088	-2.12518337408313
			4.6520782396088	-2.13814180929095
			4.66503667481663	-2.15110024449878
			4.67799511002445	-2.1640586797066
			4.67799511002445	-2.17701711491443
			4.69095354523227	-2.18997555012225
			4.69095354523227	-2.20293398533007
			4.7039119804401	-2.2158924205379
			4.71687041564792	-2.22885085574572
			4.71687041564792	-2.24180929095355
			4.72982885085575	-2.25476772616137
			4.72982885085575	-2.26772616136919
			4.72982885085575	-2.28068459657702
			4.74278728606357	-2.28068459657702
			4.74278728606357	-2.29364303178484
			4.74278728606357	-2.30660146699267
			4.75574572127139	-2.30660146699267
			4.75574572127139	-2.31955990220049
			4.75574572127139	-2.33251833740831
			4.76870415647922	-2.34547677261614
			4.76870415647922	-2.35843520782396
			4.78166259168704	-2.37139364303178
			4.78166259168704	-2.38435207823961
			4.79462102689487	-2.39731051344743
			4.79462102689487	-2.41026894865526
			4.80757946210269	-2.42322738386308
			4.80757946210269	-2.4361858190709
			4.80757946210269	-2.44914425427873
			4.82053789731051	-2.46210268948655
			4.82053789731051	-2.47506112469438
			4.82053789731051	-2.4880195599022
			4.83349633251834	-2.50097799511002
			4.83349633251834	-2.51393643031785
			4.84645476772616	-2.52689486552567
			4.84645476772616	-2.5398533007335
			4.84645476772616	-2.55281173594132
			4.84645476772616	-2.56577017114914
			4.85941320293399	-2.56577017114914
			4.85941320293399	-2.57872860635697
			4.85941320293399	-2.59168704156479
			4.87237163814181	-2.60464547677262
			4.87237163814181	-2.61760391198044
			4.87237163814181	-2.63056234718826
			4.87237163814181	-2.64352078239609
			4.88533007334963	-2.65647921760391
			4.88533007334963	-2.66943765281174
			4.88533007334963	-2.68239608801956
			4.89828850855746	-2.69535452322738
			4.89828850855746	-2.70831295843521
			4.89828850855746	-2.72127139364303
			4.89828850855746	-2.73422982885086
			4.89828850855746	-2.74718826405868
			4.91124694376528	-2.7601466992665
			4.91124694376528	-2.77310513447433
			4.91124694376528	-2.78606356968215
			4.91124694376528	-2.79902200488998
			4.92420537897311	-2.8119804400978
			4.92420537897311	-2.82493887530562
			4.92420537897311	-2.83789731051345
			4.92420537897311	-2.85085574572127
			4.92420537897311	-2.8638141809291
			4.92420537897311	-2.87677261613692
			4.92420537897311	-2.88973105134474
			4.93716381418093	-2.90268948655257
			4.93716381418093	-2.91564792176039
			4.93716381418093	-2.92860635696821
			4.93716381418093	-2.94156479217604
			4.93716381418093	-2.95452322738386
			4.93716381418093	-2.96748166259169
			4.93716381418093	-2.98044009779951
			4.93716381418093	-2.99339853300733
			4.93716381418093	-3.00635696821516
			4.95012224938875	-3.01931540342298
			4.95012224938875	-3.03227383863081
			4.95012224938875	-3.04523227383863
			4.95012224938875	-3.05819070904645
			4.95012224938875	-3.07114914425428
			4.95012224938875	-3.0841075794621
			4.95012224938875	-3.09706601466993
			4.95012224938875	-3.11002444987775
			4.95012224938875	-3.12298288508557
			4.95012224938875	-3.1359413202934
			4.95012224938875	-3.14889975550122
			4.95012224938875	-3.16185819070905
			4.95012224938875	-3.17481662591687
			4.95012224938875	-3.18777506112469
			4.96308068459658	-3.20073349633252
			4.96308068459658	-3.21369193154034
			4.9760391198044	-3.22665036674817
			4.9760391198044	-3.23960880195599
			4.9760391198044	-3.25256723716381
			4.98899755501222	-3.26552567237164
			4.98899755501222	-3.27848410757946
			5.00195599022005	-3.29144254278729
			5.00195599022005	-3.30440097799511
			5.00195599022005	-3.31735941320293
			5.01491442542787	-3.33031784841076
			5.01491442542787	-3.34327628361858
			5.01491442542787	-3.35623471882641
			5.0278728606357	-3.36919315403423
			5.0278728606357	-3.38215158924205
			5.0278728606357	-3.39511002444988
			5.04083129584352	-3.4080684596577
			5.04083129584352	-3.42102689486553
			5.05378973105134	-3.43398533007335
			5.05378973105134	-3.44694376528117
			5.05378973105134	-3.459902200489
			5.06674816625917	-3.47286063569682
			5.06674816625917	-3.48581907090465
			5.06674816625917	-3.49877750611247
			5.07970660146699	-3.51173594132029
			5.07970660146699	-3.52469437652812
			5.07970660146699	-3.53765281173594
			5.09266503667482	-3.55061124694376
			5.09266503667482	-3.56356968215159
			5.09266503667482	-3.57652811735941
			5.10562347188264	-3.58948655256724
			5.10562347188264	-3.60244498777506
		</suture>
		<anterior type=matrix rownames=FALSE colnames=FALSE nrow=344 ncol=2 as.numeric=TRUE >
			3.14889975550122	-0.311002444987775
			3.16185819070905	-0.311002444987775
			3.17481662591687	-0.311002444987775
			3.18777506112469	-0.311002444987775
			3.20073349633252	-0.311002444987775
			3.21369193154034	-0.311002444987775
			3.22665036674817	-0.311002444987775
			3.23960880195599	-0.311002444987775
			3.25256723716381	-0.311002444987775
			3.26552567237164	-0.311002444987775
			3.27848410757946	-0.323960880195599
			3.29144254278729	-0.323960880195599
			3.30440097799511	-0.323960880195599
			3.31735941320293	-0.323960880195599
			3.33031784841076	-0.323960880195599
			3.34327628361858	-0.323960880195599
			3.35623471882641	-0.323960880195599
			3.36919315403423	-0.323960880195599
			3.38215158924205	-0.323960880195599
			3.39511002444988	-0.323960880195599
			3.4080684596577	-0.323960880195599
			3.42102689486553	-0.323960880195599
			3.43398533007335	-0.336919315403423
			3.44694376528117	-0.336919315403423
			3.459902200489	-0.336919315403423
			3.47286063569682	-0.336919315403423
			3.48581907090465	-0.336919315403423
			3.49877750611247	-0.336919315403423
			3.51173594132029	-0.336919315403423
			3.52469437652812	-0.336919315403423
			3.53765281173594	-0.336919315403423
			3.55061124694376	-0.349877750611247
			3.56356968215159	-0.349877750611247
			3.57652811735941	-0.349877750611247
			3.58948655256724	-0.349877750611247
			3.60244498777506	-0.349877750611247
			3.61540342298288	-0.349877750611247
			3.62836185819071	-0.362836185819071
			3.64132029339853	-0.362836185819071
			3.65427872860636	-0.362836185819071
			3.66723716381418	-0.362836185819071
			3.680195599022	-0.362836185819071
			3.69315403422983	-0.362836185819071
			3.70611246943765	-0.375794621026895
			3.71907090464548	-0.375794621026895
			3.7320293398533	-0.375794621026895
			3.74498777506112	-0.375794621026895
			3.75794621026895	-0.388753056234719
			3.77090464547677	-0.388753056234719
			3.7838630806846	-0.388753056234719
			3.79682151589242	-0.388753056234719
			3.80977995110024	-0.401711491442543
			3.82273838630807	-0.401711491442543
			3.83569682151589	-0.401711491442543
			3.84865525672372	-0.401711491442543
			3.86161369193154	-0.414669926650367
			3.87457212713936	-0.414669926650367
			3.88753056234719	-0.414669926650367
			3.90048899755501	-0.414669926650367
			3.91344743276284	-0.427628361858191
			3.92640586797066	-0.427628361858191
			3.93936430317848	-0.427628361858191
			3.95232273838631	-0.440586797066015
			3.96528117359413	-0.440586797066015
			3.97823960880196	-0.440586797066015
			3.99119804400978	-0.440586797066015
			4.0041564792176	-0.453545232273839
			4.01711491442543	-0.453545232273839
			4.03007334963325	-0.466503667481663
			4.04303178484108	-0.466503667481663
			4.0559902200489	-0.479462102689487
			4.06894865525672	-0.479462102689487
			4.08190709046455	-0.479462102689487
			4.09486552567237	-0.49242053789731
			4.1078239608802	-0.49242053789731
			4.12078239608802	-0.505378973105134
			4.13374083129584	-0.505378973105134
			4.14669926650367	-0.518337408312958
			4.15965770171149	-0.518337408312958
			4.17261613691932	-0.531295843520782
			4.18557457212714	-0.531295843520782
			4.19853300733496	-0.544254278728606
			4.21149144254279	-0.544254278728606
			4.22444987775061	-0.55721271393643
			4.23740831295843	-0.570171149144254
			4.25036674816626	-0.570171149144254
			4.26332518337408	-0.570171149144254
			4.27628361858191	-0.583129584352078
			4.28924205378973	-0.583129584352078
			4.30220048899755	-0.596088019559902
			4.31515892420538	-0.596088019559902
			4.3281173594132	-0.596088019559902
			4.3281173594132	-0.609046454767726
			4.34107579462103	-0.609046454767726
			4.35403422982885	-0.62200488997555
			4.36699266503667	-0.62200488997555
			4.3799511002445	-0.62200488997555
			4.3799511002445	-0.634963325183374
			4.39290953545232	-0.634963325183374
			4.40586797066015	-0.634963325183374
			4.41882640586797	-0.647921760391198
			4.43178484107579	-0.660880195599022
			4.44474327628362	-0.660880195599022
			4.45770171149144	-0.673838630806846
			4.47066014669927	-0.673838630806846
			4.48361858190709	-0.68679706601467
			4.49657701711491	-0.68679706601467
			4.50953545232274	-0.699755501222494
			4.52249388753056	-0.699755501222494
			4.53545232273839	-0.712713936430318
			4.54841075794621	-0.725672371638142
			4.56136919315403	-0.738630806845966
			4.57432762836186	-0.738630806845966
			4.58728606356968	-0.75158924205379
			4.60024449877751	-0.764547677261614
			4.61320293398533	-0.764547677261614
			4.62616136919315	-0.777506112469438
			4.63911980440098	-0.790464547677262
			4.6520782396088	-0.790464547677262
			4.66503667481663	-0.803422982885086
			4.67799511002445	-0.81638141809291
			4.69095354523227	-0.81638141809291
			4.7039119804401	-0.829339853300733
			4.71687041564792	-0.842298288508557
			4.72982885085575	-0.855256723716381
			4.74278728606357	-0.855256723716381
			4.75574572127139	-0.868215158924205
			4.75574572127139	-0.881173594132029
			4.76870415647922	-0.894132029339853
			4.78166259168704	-0.907090464547677
			4.79462102689487	-0.907090464547677
			4.80757946210269	-0.920048899755501
			4.82053789731051	-0.933007334963325
			4.83349633251834	-0.945965770171149
			4.84645476772616	-0.958924205378973
			4.85941320293399	-0.971882640586797
			4.87237163814181	-0.984841075794621
			4.88533007334963	-0.997799511002445
			4.89828850855746	-1.01075794621027
			4.91124694376528	-1.02371638141809
			4.92420537897311	-1.03667481662592
			4.92420537897311	-1.04963325183374
			4.93716381418093	-1.04963325183374
			4.95012224938875	-1.06259168704156
			4.95012224938875	-1.07555012224939
			4.96308068459658	-1.07555012224939
			4.96308068459658	-1.08850855745721
			4.9760391198044	-1.10146699266504
			4.98899755501222	-1.10146699266504
			4.98899755501222	-1.11442542787286
			5.00195599022005	-1.12738386308068
			5.01491442542787	-1.14034229828851
			5.01491442542787	-1.15330073349633
			5.0278728606357	-1.16625916870416
			5.04083129584352	-1.17921760391198
			5.04083129584352	-1.1921760391198
			5.05378973105134	-1.1921760391198
			5.06674816625917	-1.20513447432763
			5.06674816625917	-1.21809290953545
			5.07970660146699	-1.23105134474328
			5.09266503667482	-1.2440097799511
			5.09266503667482	-1.25696821515892
			5.10562347188264	-1.26992665036675
			5.10562347188264	-1.28288508557457
			5.11858190709046	-1.2958435207824
			5.13154034229829	-1.30880195599022
			5.13154034229829	-1.32176039119804
			5.14449877750611	-1.32176039119804
			5.14449877750611	-1.33471882640587
			5.15745721271394	-1.34767726161369
			5.17041564792176	-1.36063569682152
			5.17041564792176	-1.37359413202934
			5.18337408312958	-1.38655256723716
			5.18337408312958	-1.39951100244499
			5.19633251833741	-1.41246943765281
			5.19633251833741	-1.42542787286064
			5.20929095354523	-1.43838630806846
			5.22224938875306	-1.45134474327628
			5.22224938875306	-1.46430317848411
			5.23520782396088	-1.47726161369193
			5.23520782396088	-1.49022004889976
			5.2481662591687	-1.50317848410758
			5.2481662591687	-1.5161369193154
			5.26112469437653	-1.52909535452323
			5.26112469437653	-1.54205378973105
			5.27408312958435	-1.55501222493888
			5.27408312958435	-1.5679706601467
			5.28704156479218	-1.58092909535452
			5.28704156479218	-1.59388753056235
			5.3	-1.60684596577017
			5.3	-1.619804400978
			5.31295843520782	-1.63276283618582
			5.31295843520782	-1.64572127139364
			5.31295843520782	-1.65867970660147
			5.32591687041565	-1.65867970660147
			5.32591687041565	-1.67163814180929
			5.32591687041565	-1.68459657701711
			5.33887530562347	-1.69755501222494
			5.33887530562347	-1.71051344743276
			5.3518337408313	-1.72347188264059
			5.3518337408313	-1.73643031784841
			5.3518337408313	-1.74938875305623
			5.36479217603912	-1.76234718826406
			5.36479217603912	-1.77530562347188
			5.37775061124694	-1.78826405867971
			5.37775061124694	-1.80122249388753
			5.37775061124694	-1.81418092909535
			5.39070904645477	-1.82713936430318
			5.39070904645477	-1.840097799511
			5.40366748166259	-1.85305623471883
			5.40366748166259	-1.86601466992665
			5.40366748166259	-1.87897310513447
			5.41662591687041	-1.8919315403423
			5.41662591687041	-1.90488997555012
			5.41662591687041	-1.91784841075795
			5.42958435207824	-1.93080684596577
			5.42958435207824	-1.94376528117359
			5.42958435207824	-1.95672371638142
			5.42958435207824	-1.96968215158924
			5.44254278728606	-1.96968215158924
			5.44254278728606	-1.98264058679707
			5.44254278728606	-1.99559902200489
			5.44254278728606	-2.00855745721271
			5.45550122249389	-2.02151589242054
			5.45550122249389	-2.03447432762836
			5.45550122249389	-2.04743276283619
			5.46845965770171	-2.06039119804401
			5.46845965770171	-2.07334963325183
			5.46845965770171	-2.08630806845966
			5.48141809290953	-2.09926650366748
			5.48141809290953	-2.11222493887531
			5.48141809290953	-2.12518337408313
			5.48141809290953	-2.13814180929095
			5.49437652811736	-2.15110024449878
			5.49437652811736	-2.1640586797066
			5.49437652811736	-2.17701711491443
			5.49437652811736	-2.18997555012225
			5.50733496332518	-2.20293398533007
			5.50733496332518	-2.2158924205379
			5.50733496332518	-2.22885085574572
			5.50733496332518	-2.24180929095355
			5.52029339853301	-2.25476772616137
			5.52029339853301	-2.26772616136919
			5.52029339853301	-2.28068459657702
			5.52029339853301	-2.29364303178484
			5.52029339853301	-2.30660146699267
			5.53325183374083	-2.31955990220049
			5.53325183374083	-2.33251833740831
			5.53325183374083	-2.34547677261614
			5.53325183374083	-2.35843520782396
			5.54621026894865	-2.37139364303178
			5.54621026894865	-2.38435207823961
			5.54621026894865	-2.39731051344743
			5.54621026894865	-2.41026894865526
			5.54621026894865	-2.42322738386308
			5.55916870415648	-2.4361858190709
			5.55916870415648	-2.44914425427873
			5.55916870415648	-2.46210268948655
			5.55916870415648	-2.47506112469438
			5.55916870415648	-2.4880195599022
			5.5721271393643	-2.50097799511002
			5.5721271393643	-2.51393643031785
			5.5721271393643	-2.52689486552567
			5.5721271393643	-2.5398533007335
			5.5721271393643	-2.55281173594132
			5.5721271393643	-2.56577017114914
			5.58508557457213	-2.57872860635697
			5.58508557457213	-2.59168704156479
			5.58508557457213	-2.60464547677262
			5.58508557457213	-2.61760391198044
			5.58508557457213	-2.63056234718826
			5.58508557457213	-2.64352078239609
			5.59804400977995	-2.64352078239609
			5.59804400977995	-2.65647921760391
			5.59804400977995	-2.66943765281174
			5.59804400977995	-2.68239608801956
			5.59804400977995	-2.69535452322738
			5.59804400977995	-2.70831295843521
			5.59804400977995	-2.72127139364303
			5.59804400977995	-2.73422982885086
			5.61100244498777	-2.74718826405868
			5.61100244498777	-2.7601466992665
			5.61100244498777	-2.77310513447433
			5.61100244498777	-2.78606356968215
			5.61100244498777	-2.79902200488998
			5.61100244498777	-2.8119804400978
			5.61100244498777	-2.82493887530562
			5.61100244498777	-2.83789731051345
			5.6239608801956	-2.85085574572127
			5.6239608801956	-2.8638141809291
			5.6239608801956	-2.87677261613692
			5.6239608801956	-2.88973105134474
			5.6239608801956	-2.90268948655257
			5.6239608801956	-2.91564792176039
			5.6239608801956	-2.92860635696821
			5.6239608801956	-2.94156479217604
			5.6239608801956	-2.95452322738386
			5.63691931540342	-2.96748166259169
			5.63691931540342	-2.98044009779951
			5.63691931540342	-2.99339853300733
			5.63691931540342	-3.00635696821516
			5.63691931540342	-3.01931540342298
			5.63691931540342	-3.03227383863081
			5.63691931540342	-3.04523227383863
			5.63691931540342	-3.05819070904645
			5.63691931540342	-3.07114914425428
			5.63691931540342	-3.0841075794621
			5.63691931540342	-3.09706601466993
			5.63691931540342	-3.11002444987775
			5.64987775061125	-3.12298288508557
			5.64987775061125	-3.1359413202934
			5.64987775061125	-3.14889975550122
			5.64987775061125	-3.16185819070905
			5.64987775061125	-3.17481662591687
			5.64987775061125	-3.18777506112469
			5.64987775061125	-3.20073349633252
			5.64987775061125	-3.21369193154034
			5.64987775061125	-3.22665036674817
			5.64987775061125	-3.23960880195599
			5.64987775061125	-3.25256723716381
			5.64987775061125	-3.26552567237164
			5.64987775061125	-3.27848410757946
			5.64987775061125	-3.29144254278729
			5.64987775061125	-3.30440097799511
			5.64987775061125	-3.31735941320293
			5.64987775061125	-3.33031784841076
			5.64987775061125	-3.34327628361858
			5.66283618581907	-3.35623471882641
			5.66283618581907	-3.36919315403423
			5.66283618581907	-3.38215158924205
			5.66283618581907	-3.39511002444988
			5.66283618581907	-3.4080684596577
			5.66283618581907	-3.42102689486553
			5.66283618581907	-3.43398533007335
			5.66283618581907	-3.44694376528117
			5.66283618581907	-3.459902200489
			5.66283618581907	-3.47286063569682
			5.66283618581907	-3.48581907090465
			5.66283618581907	-3.49877750611247
			5.66283618581907	-3.51173594132029
			5.66283618581907	-3.52469437652812
			5.66283618581907	-3.53765281173594
			5.66283618581907	-3.55061124694376
			5.66283618581907	-3.56356968215159
		</anterior>
		<posterior type=matrix rownames=FALSE colnames=FALSE nrow=432 ncol=2 as.numeric=TRUE >
			3.14889975550122	-3.56356968215159
			3.16185819070905	-3.56356968215159
			3.17481662591687	-3.56356968215159
			3.18777506112469	-3.56356968215159
			3.20073349633252	-3.56356968215159
			3.21369193154034	-3.56356968215159
			3.22665036674817	-3.56356968215159
			3.23960880195599	-3.56356968215159
			3.25256723716381	-3.56356968215159
			3.26552567237164	-3.56356968215159
			3.27848410757946	-3.56356968215159
			3.29144254278729	-3.56356968215159
			3.30440097799511	-3.56356968215159
			3.31735941320293	-3.56356968215159
			3.33031784841076	-3.56356968215159
			3.34327628361858	-3.56356968215159
			3.35623471882641	-3.56356968215159
			3.36919315403423	-3.56356968215159
			3.38215158924205	-3.56356968215159
			3.39511002444988	-3.56356968215159
			3.4080684596577	-3.55061124694376
			3.42102689486553	-3.55061124694376
			3.43398533007335	-3.55061124694376
			3.44694376528117	-3.55061124694376
			3.459902200489	-3.55061124694376
			3.47286063569682	-3.55061124694376
			3.48581907090465	-3.55061124694376
			3.49877750611247	-3.55061124694376
			3.51173594132029	-3.55061124694376
			3.52469437652812	-3.53765281173594
			3.53765281173594	-3.53765281173594
			3.55061124694376	-3.53765281173594
			3.56356968215159	-3.53765281173594
			3.57652811735941	-3.53765281173594
			3.58948655256724	-3.53765281173594
			3.60244498777506	-3.52469437652812
			3.61540342298288	-3.52469437652812
			3.62836185819071	-3.52469437652812
			3.64132029339853	-3.52469437652812
			3.65427872860636	-3.52469437652812
			3.66723716381418	-3.52469437652812
			3.680195599022	-3.51173594132029
			3.69315403422983	-3.51173594132029
			3.70611246943765	-3.51173594132029
			3.71907090464548	-3.51173594132029
			3.7320293398533	-3.49877750611247
			3.74498777506112	-3.49877750611247
			3.75794621026895	-3.49877750611247
			3.77090464547677	-3.49877750611247
			3.7838630806846	-3.48581907090465
			3.79682151589242	-3.48581907090465
			3.80977995110024	-3.48581907090465
			3.82273838630807	-3.47286063569682
			3.83569682151589	-3.47286063569682
			3.84865525672372	-3.47286063569682
			3.86161369193154	-3.47286063569682
			3.87457212713936	-3.459902200489
			3.88753056234719	-3.459902200489
			3.90048899755501	-3.459902200489
			3.91344743276284	-3.44694376528117
			3.92640586797066	-3.44694376528117
			3.93936430317848	-3.44694376528117
			3.95232273838631	-3.43398533007335
			3.96528117359413	-3.43398533007335
			3.97823960880196	-3.42102689486553
			3.99119804400978	-3.42102689486553
			4.0041564792176	-3.42102689486553
			4.01711491442543	-3.4080684596577
			4.03007334963325	-3.4080684596577
			4.04303178484108	-3.39511002444988
			4.0559902200489	-3.39511002444988
			4.06894865525672	-3.39511002444988
			4.08190709046455	-3.38215158924205
			4.09486552567237	-3.38215158924205
			4.1078239608802	-3.36919315403423
			4.12078239608802	-3.36919315403423
			4.13374083129584	-3.35623471882641
			4.14669926650367	-3.35623471882641
			4.15965770171149	-3.35623471882641
			4.17261613691932	-3.34327628361858
			4.18557457212714	-3.34327628361858
			4.19853300733496	-3.33031784841076
			4.21149144254279	-3.33031784841076
			4.22444987775061	-3.33031784841076
			4.23740831295843	-3.33031784841076
			4.25036674816626	-3.33031784841076
			4.26332518337408	-3.33031784841076
			4.27628361858191	-3.33031784841076
			4.28924205378973	-3.34327628361858
			4.30220048899755	-3.34327628361858
			4.31515892420538	-3.34327628361858
			4.3281173594132	-3.34327628361858
			4.34107579462103	-3.34327628361858
			4.35403422982885	-3.34327628361858
			4.36699266503667	-3.34327628361858
			4.3799511002445	-3.35623471882641
			4.39290953545232	-3.35623471882641
			4.40586797066015	-3.35623471882641
			4.41882640586797	-3.35623471882641
			4.43178484107579	-3.35623471882641
			4.44474327628362	-3.35623471882641
			4.45770171149144	-3.36919315403423
			4.47066014669927	-3.36919315403423
			4.48361858190709	-3.36919315403423
			4.49657701711491	-3.36919315403423
			4.50953545232274	-3.38215158924205
			4.52249388753056	-3.38215158924205
			4.53545232273839	-3.38215158924205
			4.54841075794621	-3.38215158924205
			4.56136919315403	-3.39511002444988
			4.57432762836186	-3.39511002444988
			4.58728606356968	-3.39511002444988
			4.60024449877751	-3.4080684596577
			4.61320293398533	-3.4080684596577
			4.62616136919315	-3.4080684596577
			4.63911980440098	-3.42102689486553
			4.6520782396088	-3.42102689486553
			4.66503667481663	-3.42102689486553
			4.67799511002445	-3.43398533007335
			4.69095354523227	-3.43398533007335
			4.7039119804401	-3.43398533007335
			4.71687041564792	-3.44694376528117
			4.72982885085575	-3.44694376528117
			4.74278728606357	-3.459902200489
			4.75574572127139	-3.459902200489
			4.76870415647922	-3.459902200489
			4.76870415647922	-3.47286063569682
			4.78166259168704	-3.47286063569682
			4.79462102689487	-3.47286063569682
			4.79462102689487	-3.48581907090465
			4.80757946210269	-3.48581907090465
			4.82053789731051	-3.48581907090465
			4.82053789731051	-3.49877750611247
			4.83349633251834	-3.49877750611247
			4.84645476772616	-3.49877750611247
			4.84645476772616	-3.51173594132029
			4.85941320293399	-3.51173594132029
			4.87237163814181	-3.51173594132029
			4.87237163814181	-3.52469437652812
			4.88533007334963	-3.52469437652812
			4.89828850855746	-3.52469437652812
			4.89828850855746	-3.53765281173594
			4.91124694376528	-3.53765281173594
			4.92420537897311	-3.55061124694376
			4.93716381418093	-3.55061124694376
			4.95012224938875	-3.56356968215159
			4.96308068459658	-3.57652811735941
			4.9760391198044	-3.57652811735941
			4.98899755501222	-3.58948655256724
			5.00195599022005	-3.58948655256724
			5.00195599022005	-3.60244498777506
			5.01491442542787	-3.60244498777506
			5.0278728606357	-3.61540342298288
			5.04083129584352	-3.61540342298288
			5.04083129584352	-3.62836185819071
			5.05378973105134	-3.62836185819071
			5.06674816625917	-3.64132029339853
			5.07970660146699	-3.64132029339853
			5.07970660146699	-3.65427872860636
			5.09266503667482	-3.65427872860636
			5.10562347188264	-3.66723716381418
			5.11858190709046	-3.66723716381418
			5.13154034229829	-3.680195599022
			5.13154034229829	-3.69315403422983
			5.14449877750611	-3.69315403422983
			5.15745721271394	-3.70611246943765
			5.15745721271394	-3.71907090464548
			5.17041564792176	-3.7320293398533
			5.17041564792176	-3.74498777506112
			5.18337408312958	-3.75794621026895
			5.18337408312958	-3.77090464547677
			5.18337408312958	-3.7838630806846
			5.19633251833741	-3.79682151589242
			5.19633251833741	-3.80977995110024
			5.19633251833741	-3.82273838630807
			5.20929095354523	-3.83569682151589
			5.20929095354523	-3.84865525672372
			5.20929095354523	-3.86161369193154
			5.22224938875306	-3.86161369193154
			5.22224938875306	-3.87457212713936
			5.22224938875306	-3.88753056234719
			5.22224938875306	-3.90048899755501
			5.23520782396088	-3.91344743276284
			5.23520782396088	-3.92640586797066
			5.2481662591687	-3.93936430317848
			5.2481662591687	-3.95232273838631
			5.2481662591687	-3.96528117359413
			5.2481662591687	-3.97823960880196
			5.26112469437653	-3.99119804400978
			5.26112469437653	-4.0041564792176
			5.26112469437653	-4.01711491442543
			5.27408312958435	-4.03007334963325
			5.27408312958435	-4.04303178484108
			5.27408312958435	-4.0559902200489
			5.28704156479218	-4.06894865525672
			5.28704156479218	-4.08190709046455
			5.28704156479218	-4.09486552567237
			5.28704156479218	-4.1078239608802
			5.3	-4.12078239608802
			5.3	-4.13374083129584
			5.3	-4.14669926650367
			5.31295843520782	-4.15965770171149
			5.31295843520782	-4.17261613691932
			5.31295843520782	-4.18557457212714
			5.31295843520782	-4.19853300733496
			5.32591687041565	-4.21149144254279
			5.32591687041565	-4.22444987775061
			5.32591687041565	-4.23740831295843
			5.32591687041565	-4.25036674816626
			5.33887530562347	-4.26332518337408
			5.33887530562347	-4.27628361858191
			5.33887530562347	-4.28924205378973
			5.33887530562347	-4.30220048899755
			5.3518337408313	-4.31515892420538
			5.3518337408313	-4.3281173594132
			5.3518337408313	-4.34107579462103
			5.3518337408313	-4.35403422982885
			5.36479217603912	-4.36699266503667
			5.36479217603912	-4.3799511002445
			5.36479217603912	-4.39290953545232
			5.36479217603912	-4.40586797066015
			5.37775061124694	-4.41882640586797
			5.37775061124694	-4.43178484107579
			5.37775061124694	-4.44474327628362
			5.37775061124694	-4.45770171149144
			5.39070904645477	-4.47066014669927
			5.39070904645477	-4.48361858190709
			5.39070904645477	-4.49657701711491
			5.39070904645477	-4.50953545232274
			5.39070904645477	-4.52249388753056
			5.39070904645477	-4.53545232273839
			5.40366748166259	-4.54841075794621
			5.40366748166259	-4.56136919315403
			5.40366748166259	-4.57432762836186
			5.40366748166259	-4.58728606356968
			5.40366748166259	-4.60024449877751
			5.41662591687041	-4.61320293398533
			5.41662591687041	-4.62616136919315
			5.41662591687041	-4.63911980440098
			5.41662591687041	-4.6520782396088
			5.41662591687041	-4.66503667481663
			5.41662591687041	-4.67799511002445
			5.41662591687041	-4.69095354523227
			5.42958435207824	-4.69095354523227
			5.42958435207824	-4.7039119804401
			5.42958435207824	-4.71687041564792
			5.42958435207824	-4.72982885085575
			5.42958435207824	-4.74278728606357
			5.42958435207824	-4.75574572127139
			5.42958435207824	-4.76870415647922
			5.44254278728606	-4.78166259168704
			5.44254278728606	-4.79462102689487
			5.44254278728606	-4.80757946210269
			5.44254278728606	-4.82053789731051
			5.44254278728606	-4.83349633251834
			5.44254278728606	-4.84645476772616
			5.45550122249389	-4.85941320293399
			5.45550122249389	-4.87237163814181
			5.45550122249389	-4.88533007334963
			5.45550122249389	-4.89828850855746
			5.45550122249389	-4.91124694376528
			5.45550122249389	-4.92420537897311
			5.45550122249389	-4.93716381418093
			5.46845965770171	-4.95012224938875
			5.46845965770171	-4.96308068459658
			5.46845965770171	-4.9760391198044
			5.46845965770171	-4.98899755501222
			5.46845965770171	-5.00195599022005
			5.48141809290953	-5.01491442542787
			5.48141809290953	-5.0278728606357
			5.48141809290953	-5.04083129584352
			5.48141809290953	-5.05378973105134
			5.48141809290953	-5.06674816625917
			5.48141809290953	-5.07970660146699
			5.49437652811736	-5.09266503667482
			5.49437652811736	-5.10562347188264
			5.49437652811736	-5.11858190709046
			5.49437652811736	-5.13154034229829
			5.50733496332518	-5.14449877750611
			5.50733496332518	-5.15745721271394
			5.50733496332518	-5.17041564792176
			5.50733496332518	-5.18337408312958
			5.52029339853301	-5.19633251833741
			5.52029339853301	-5.20929095354523
			5.52029339853301	-5.22224938875306
			5.52029339853301	-5.23520782396088
			5.53325183374083	-5.2481662591687
			5.53325183374083	-5.26112469437653
			5.53325183374083	-5.27408312958435
			5.54621026894865	-5.28704156479218
			5.54621026894865	-5.3
			5.55916870415648	-5.31295843520782
			5.55916870415648	-5.32591687041565
			5.5721271393643	-5.32591687041565
			5.58508557457213	-5.32591687041565
			5.59804400977995	-5.31295843520782
			5.59804400977995	-5.3
			5.61100244498777	-5.28704156479218
			5.61100244498777	-5.27408312958435
			5.61100244498777	-5.26112469437653
			5.61100244498777	-5.2481662591687
			5.61100244498777	-5.23520782396088
			5.61100244498777	-5.22224938875306
			5.6239608801956	-5.20929095354523
			5.6239608801956	-5.19633251833741
			5.6239608801956	-5.18337408312958
			5.6239608801956	-5.17041564792176
			5.6239608801956	-5.15745721271394
			5.6239608801956	-5.14449877750611
			5.6239608801956	-5.13154034229829
			5.6239608801956	-5.11858190709046
			5.63691931540342	-5.10562347188264
			5.63691931540342	-5.09266503667482
			5.63691931540342	-5.07970660146699
			5.63691931540342	-5.06674816625917
			5.63691931540342	-5.05378973105134
			5.63691931540342	-5.04083129584352
			5.63691931540342	-5.0278728606357
			5.63691931540342	-5.01491442542787
			5.63691931540342	-5.00195599022005
			5.63691931540342	-4.98899755501222
			5.63691931540342	-4.9760391198044
			5.63691931540342	-4.96308068459658
			5.63691931540342	-4.95012224938875
			5.63691931540342	-4.93716381418093
			5.64987775061125	-4.92420537897311
			5.64987775061125	-4.91124694376528
			5.64987775061125	-4.89828850855746
			5.64987775061125	-4.88533007334963
			5.64987775061125	-4.87237163814181
			5.64987775061125	-4.85941320293399
			5.64987775061125	-4.84645476772616
			5.64987775061125	-4.83349633251834
			5.64987775061125	-4.82053789731051
			5.64987775061125	-4.80757946210269
			5.64987775061125	-4.79462102689487
			5.64987775061125	-4.78166259168704
			5.64987775061125	-4.76870415647922
			5.64987775061125	-4.75574572127139
			5.64987775061125	-4.74278728606357
			5.64987775061125	-4.72982885085575
			5.64987775061125	-4.71687041564792
			5.64987775061125	-4.7039119804401
			5.64987775061125	-4.69095354523227
			5.64987775061125	-4.67799511002445
			5.64987775061125	-4.66503667481663
			5.64987775061125	-4.6520782396088
			5.64987775061125	-4.63911980440098
			5.64987775061125	-4.62616136919315
			5.64987775061125	-4.61320293398533
			5.64987775061125	-4.60024449877751
			5.64987775061125	-4.58728606356968
			5.64987775061125	-4.57432762836186
			5.66283618581907	-4.57432762836186
			5.66283618581907	-4.56136919315403
			5.66283618581907	-4.54841075794621
			5.66283618581907	-4.53545232273839
			5.66283618581907	-4.52249388753056
			5.66283618581907	-4.50953545232274
			5.66283618581907	-4.49657701711491
			5.66283618581907	-4.48361858190709
			5.66283618581907	-4.47066014669927
			5.66283618581907	-4.45770171149144
			5.66283618581907	-4.44474327628362
			5.66283618581907	-4.43178484107579
			5.66283618581907	-4.41882640586797
			5.66283618581907	-4.40586797066015
			5.66283618581907	-4.39290953545232
			5.66283618581907	-4.3799511002445
			5.66283618581907	-4.36699266503667
			5.66283618581907	-4.35403422982885
			5.66283618581907	-4.34107579462103
			5.66283618581907	-4.3281173594132
			5.66283618581907	-4.31515892420538
			5.66283618581907	-4.30220048899755
			5.66283618581907	-4.28924205378973
			5.66283618581907	-4.27628361858191
			5.66283618581907	-4.26332518337408
			5.66283618581907	-4.25036674816626
			5.66283618581907	-4.23740831295843
			5.66283618581907	-4.22444987775061
			5.66283618581907	-4.21149144254279
			5.66283618581907	-4.19853300733496
			5.66283618581907	-4.18557457212714
			5.66283618581907	-4.17261613691932
			5.66283618581907	-4.15965770171149
			5.66283618581907	-4.14669926650367
			5.66283618581907	-4.13374083129584
			5.66283618581907	-4.12078239608802
			5.66283618581907	-4.1078239608802
			5.66283618581907	-4.09486552567237
			5.66283618581907	-4.08190709046455
			5.66283618581907	-4.06894865525672
			5.66283618581907	-4.0559902200489
			5.66283618581907	-4.04303178484108
			5.66283618581907	-4.03007334963325
			5.66283618581907	-4.01711491442543
			5.66283618581907	-4.0041564792176
			5.66283618581907	-3.99119804400978
			5.66283618581907	-3.97823960880196
			5.66283618581907	-3.96528117359413
			5.66283618581907	-3.95232273838631
			5.66283618581907	-3.93936430317848
			5.66283618581907	-3.92640586797066
			5.66283618581907	-3.91344743276284
			5.66283618581907	-3.90048899755501
			5.66283618581907	-3.88753056234719
			5.66283618581907	-3.87457212713936
			5.66283618581907	-3.86161369193154
			5.66283618581907	-3.84865525672372
			5.66283618581907	-3.83569682151589
			5.66283618581907	-3.82273838630807
			5.66283618581907	-3.80977995110024
			5.66283618581907	-3.79682151589242
			5.66283618581907	-3.7838630806846
			5.66283618581907	-3.77090464547677
			5.66283618581907	-3.75794621026895
			5.66283618581907	-3.74498777506112
			5.66283618581907	-3.7320293398533
			5.66283618581907	-3.71907090464548
			5.66283618581907	-3.70611246943765
			5.66283618581907	-3.69315403422983
			5.66283618581907	-3.680195599022
			5.66283618581907	-3.66723716381418
			5.66283618581907	-3.65427872860636
			5.66283618581907	-3.64132029339853
			5.66283618581907	-3.62836185819071
			5.66283618581907	-3.61540342298288
			5.66283618581907	-3.60244498777506
			5.66283618581907	-3.58948655256724
			5.66283618581907	-3.57652811735941
			5.66283618581907	-3.56356968215159
		</posterior>
	</curves.scaled>
	<ruler.points type=matrix rownames=TRUE colnames=FALSE nrow=2 ncol=2 as.numeric=TRUE >
		Ruler point 1	20	11
		Ruler point 2	429	11
	</ruler.points>
</shapes>

