<shapes type=list>
	<ruler.pixel type=vector names=FALSE length=1 as.numeric=TRUE >107</ruler.pixel>
	<ruler.interval type=vector names=FALSE length=1 as.numeric=TRUE >5</ruler.interval>
	<scaling.units type=vector names=FALSE length=1 as.numeric=FALSE >mm</scaling.units>
	<scaling type=vector names=FALSE length=1 as.numeric=TRUE >0.0467289719626168</scaling>
	<landmarks.pixel type=matrix rownames=TRUE colnames=FALSE nrow=16 ncol=2 as.numeric=TRUE >
		LM1	126	17
		LM2	126	47
		LM3	126	152
		LM4	126	177
		LM5	186	138
		LM6	177	158
		LM7	178	167
		LM8	202	79
		LM9	195	120
		LM10	126	17
		LM11	262	144
		LM12	271	168
		LM13	126	17
		LM14	221	97
		LM15	271	168
		LM16	271	168
	</landmarks.pixel>
	<landmarks.scaled type=matrix rownames=TRUE colnames=FALSE nrow=16 ncol=2 as.numeric=TRUE >
		LM1	5.88785046728972	-0.794392523364486
		LM2	5.88785046728972	-2.19626168224299
		LM3	5.88785046728972	-7.10280373831776
		LM4	5.88785046728972	-8.27102803738318
		LM5	8.69158878504673	-6.44859813084112
		LM6	8.27102803738318	-7.38317757009346
		LM7	8.31775700934579	-7.80373831775701
		LM8	9.4392523364486	-3.69158878504673
		LM9	9.11214953271028	-5.60747663551402
		LM10	5.88785046728972	-0.794392523364486
		LM11	12.2429906542056	-6.72897196261682
		LM12	12.6635514018692	-7.85046728971963
		LM13	5.88785046728972	-0.794392523364486
		LM14	10.3271028037383	-4.53271028037383
		LM15	12.6635514018692	-7.85046728971963
		LM16	12.6635514018692	-7.85046728971963
	</landmarks.scaled>
	<curves.control type=list>
		<glabella type=matrix rownames=FALSE colnames=FALSE nrow=13 ncol=2 as.numeric=TRUE >
			126	47
			146	44
			160	58
			162	64
			159	74
			173	79
			164	89
			179	99
			171	113
			195	131
			177	157
			179	161
			178	167
		</glabella>
		<suture type=matrix rownames=FALSE colnames=FALSE nrow=15 ncol=2 as.numeric=TRUE >
			126	17
			158	17
			194	39
			199	49
			195	59
			201	66
			203	79
			222	109
			196	120
			198	124
			213	118
			243	108
			262	144
			270	155
			271	168
		</suture>
		<anterior type=matrix rownames=FALSE colnames=FALSE nrow=7 ncol=2 as.numeric=TRUE >
			126	17
			160	16
			202	44
			285	98
			276	160
			273	166
			271	168
		</anterior>
		<posterior type=matrix rownames=FALSE colnames=FALSE nrow=7 ncol=2 as.numeric=TRUE >
			126	177
			165	183
			178	167
			204	169
			220	170
			255	187
			271	168
		</posterior>
	</curves.control>
	<curves.pixel type=list>
		<glabella type=matrix rownames=FALSE colnames=FALSE nrow=154 ncol=2 as.numeric=TRUE >
			126	47
			127	47
			128	47
			129	47
			130	47
			131	47
			132	46
			133	46
			134	46
			135	47
			136	47
			137	47
			138	47
			139	47
			140	47
			141	47
			142	48
			143	48
			144	48
			145	48
			146	49
			147	49
			148	50
			149	50
			150	51
			151	51
			152	52
			153	53
			154	53
			155	54
			156	55
			157	55
			158	56
			159	57
			160	58
			160	59
			160	60
			161	60
			161	61
			161	62
			161	63
			161	64
			161	65
			161	66
			161	67
			160	68
			160	69
			160	70
			160	71
			160	72
			159	72
			159	73
			159	74
			160	74
			161	75
			162	75
			163	76
			164	76
			165	77
			166	78
			167	79
			167	80
			167	81
			168	82
			167	83
			167	84
			167	85
			166	86
			166	87
			165	88
			164	89
			165	90
			166	90
			167	91
			167	92
			168	92
			169	93
			170	94
			170	95
			171	95
			171	96
			172	97
			173	98
			173	99
			173	100
			174	101
			174	102
			174	103
			174	104
			174	105
			174	106
			173	107
			173	108
			173	109
			172	110
			172	111
			171	112
			171	113
			172	114
			173	115
			174	116
			175	117
			176	118
			177	118
			178	119
			179	120
			179	121
			180	122
			181	123
			181	124
			182	125
			182	126
			183	127
			183	128
			184	129
			184	130
			184	131
			184	132
			185	133
			185	134
			185	135
			185	136
			185	137
			185	138
			185	139
			184	140
			184	141
			184	142
			184	143
			184	144
			183	145
			183	146
			182	147
			182	148
			181	149
			181	150
			180	151
			180	152
			179	153
			179	154
			178	155
			178	156
			177	156
			177	157
			177	158
			178	159
			178	160
			178	161
			178	162
			178	163
			178	164
			178	165
			178	166
			178	167
		</glabella>
		<suture type=matrix rownames=FALSE colnames=FALSE nrow=259 ncol=2 as.numeric=TRUE >
			126	17
			127	17
			128	17
			129	17
			130	17
			131	17
			132	17
			133	17
			134	17
			135	17
			136	18
			137	18
			138	18
			139	18
			140	18
			141	18
			142	18
			143	19
			144	19
			145	19
			146	19
			147	19
			148	20
			149	20
			150	20
			151	20
			152	20
			152	21
			153	21
			154	21
			155	21
			156	22
			157	22
			158	22
			159	22
			160	23
			161	23
			162	24
			163	24
			164	24
			165	25
			166	25
			167	25
			168	26
			169	26
			170	26
			170	27
			171	27
			172	28
			173	28
			174	28
			175	29
			176	29
			177	30
			178	30
			179	31
			180	31
			181	32
			182	32
			183	33
			184	33
			185	34
			186	34
			187	35
			188	36
			189	36
			190	37
			191	37
			192	38
			193	39
			194	39
			194	40
			195	40
			195	41
			195	42
			196	43
			196	44
			196	45
			196	46
			197	47
			197	48
			197	49
			197	50
			197	51
			197	52
			197	53
			197	54
			196	54
			196	55
			196	56
			196	57
			195	58
			195	59
			196	60
			197	61
			197	62
			198	63
			198	64
			199	65
			199	66
			200	67
			200	68
			201	69
			201	70
			201	71
			201	72
			202	72
			202	73
			202	74
			202	75
			203	76
			203	77
			203	78
			203	79
			204	80
			204	81
			205	82
			205	83
			206	84
			207	85
			207	86
			207	87
			208	88
			208	89
			209	90
			209	91
			209	92
			210	93
			210	94
			210	95
			211	96
			211	97
			211	98
			211	99
			211	100
			211	101
			211	102
			211	103
			211	104
			211	105
			210	106
			210	107
			210	108
			209	109
			209	110
			208	111
			208	112
			207	112
			206	113
			205	114
			205	115
			204	116
			203	116
			202	117
			201	118
			200	118
			199	119
			198	119
			197	120
			196	120
			197	121
			198	121
			199	122
			200	122
			201	122
			202	121
			203	121
			204	121
			205	121
			206	120
			207	120
			208	120
			209	119
			210	119
			211	119
			212	119
			212	118
			213	118
			214	118
			215	117
			216	117
			217	117
			218	117
			219	117
			219	116
			220	116
			221	116
			222	116
			223	116
			224	116
			225	116
			226	116
			227	116
			228	116
			229	116
			230	116
			231	116
			232	117
			233	117
			234	117
			235	117
			236	118
			237	118
			238	118
			239	119
			240	119
			241	120
			242	120
			243	121
			244	122
			245	123
			246	124
			247	125
			248	125
			249	126
			250	127
			251	128
			252	129
			253	130
			254	131
			254	132
			255	133
			256	134
			256	135
			257	136
			258	137
			258	138
			259	139
			260	140
			260	141
			261	142
			262	143
			262	144
			263	145
			263	146
			264	146
			264	147
			264	148
			265	148
			265	149
			266	150
			266	151
			267	152
			267	153
			268	154
			268	155
			268	156
			269	157
			269	158
			269	159
			270	160
			270	161
			270	162
			270	163
			271	164
			271	165
			271	166
			271	167
			271	168
		</suture>
		<anterior type=matrix rownames=FALSE colnames=FALSE nrow=219 ncol=2 as.numeric=TRUE >
			126	17
			127	17
			128	17
			129	17
			130	17
			131	17
			132	17
			133	17
			134	17
			135	17
			136	17
			137	17
			138	18
			139	18
			140	18
			141	18
			142	18
			143	18
			144	18
			145	19
			146	19
			147	19
			148	19
			149	19
			150	20
			151	20
			152	20
			153	20
			154	21
			155	21
			156	21
			157	21
			158	22
			159	22
			160	22
			161	23
			162	23
			163	23
			164	24
			165	24
			166	25
			167	25
			168	25
			169	26
			170	26
			171	27
			172	27
			173	28
			174	28
			175	28
			176	29
			177	29
			178	30
			179	30
			180	31
			181	32
			182	32
			183	33
			184	33
			185	34
			186	34
			187	35
			188	36
			189	36
			190	37
			191	37
			192	38
			193	38
			194	39
			195	40
			196	40
			197	41
			198	41
			198	42
			199	42
			200	43
			201	43
			201	44
			202	44
			203	45
			204	46
			205	46
			206	47
			207	47
			208	48
			209	49
			210	49
			211	50
			212	50
			212	51
			213	52
			214	52
			215	53
			216	54
			217	54
			218	55
			219	56
			220	57
			221	58
			222	58
			223	59
			224	60
			225	61
			226	61
			227	62
			228	63
			229	64
			230	64
			231	65
			231	66
			232	67
			233	67
			234	68
			235	69
			236	70
			237	70
			237	71
			238	72
			239	73
			240	73
			241	74
			241	75
			242	76
			243	76
			244	77
			244	78
			245	79
			246	80
			247	80
			247	81
			248	82
			249	83
			250	84
			251	85
			252	86
			252	87
			253	88
			254	89
			255	90
			255	91
			256	92
			257	93
			258	94
			259	95
			259	96
			260	97
			261	98
			262	99
			262	100
			263	101
			263	102
			264	103
			264	104
			265	104
			265	105
			266	106
			266	107
			266	108
			267	109
			268	110
			268	111
			269	112
			269	113
			270	114
			270	115
			270	116
			271	117
			271	118
			272	119
			272	120
			272	121
			273	122
			273	123
			273	124
			274	125
			274	126
			274	127
			274	128
			275	129
			275	130
			275	131
			275	132
			276	133
			276	134
			276	135
			276	136
			276	137
			276	138
			276	139
			276	140
			277	141
			277	142
			277	143
			277	144
			277	145
			277	146
			277	147
			277	148
			277	149
			277	150
			277	151
			277	152
			277	153
			277	154
			277	155
			276	156
			276	157
			276	158
			276	159
			276	160
			276	161
			275	161
			275	162
			275	163
			274	164
			273	165
			272	166
			272	167
			271	168
		</anterior>
		<posterior type=matrix rownames=FALSE colnames=FALSE nrow=149 ncol=2 as.numeric=TRUE >
			126	177
			127	177
			128	177
			129	177
			130	178
			131	178
			132	178
			133	178
			134	178
			135	178
			136	178
			137	178
			138	178
			139	178
			140	179
			141	179
			142	179
			143	179
			144	179
			145	179
			146	179
			147	179
			148	179
			149	179
			150	178
			151	178
			152	178
			153	178
			154	178
			155	178
			156	178
			157	178
			158	178
			159	177
			160	177
			161	177
			162	177
			163	176
			164	176
			165	176
			166	175
			167	175
			168	175
			169	174
			170	173
			171	173
			172	172
			173	172
			174	171
			175	171
			175	170
			176	169
			177	168
			178	167
			179	167
			180	167
			181	167
			182	167
			183	167
			184	167
			185	168
			186	168
			187	168
			188	168
			189	168
			190	168
			191	168
			192	168
			193	168
			194	168
			195	168
			196	168
			197	168
			198	168
			199	169
			200	169
			201	169
			202	169
			203	169
			204	169
			205	169
			206	169
			207	169
			208	169
			209	169
			210	169
			211	169
			212	169
			213	170
			214	170
			215	170
			216	170
			217	170
			218	170
			219	170
			220	170
			221	171
			222	171
			223	171
			223	172
			224	172
			225	172
			226	173
			227	173
			228	173
			229	174
			230	174
			231	174
			231	175
			232	175
			233	175
			234	176
			235	176
			236	176
			237	176
			238	177
			239	177
			240	177
			241	177
			242	177
			243	178
			244	178
			245	178
			246	178
			247	178
			248	178
			249	178
			250	178
			251	178
			252	178
			253	178
			254	178
			255	177
			256	177
			257	177
			258	177
			259	176
			260	176
			261	176
			262	175
			263	175
			264	174
			265	174
			266	173
			267	172
			268	171
			269	170
			270	169
			271	168
		</posterior>
	</curves.pixel>
	<curves.scaled type=list>
		<glabella type=matrix rownames=FALSE colnames=FALSE nrow=154 ncol=2 as.numeric=TRUE >
			5.88785046728972	-2.19626168224299
			5.93457943925234	-2.19626168224299
			5.98130841121495	-2.19626168224299
			6.02803738317757	-2.19626168224299
			6.07476635514019	-2.19626168224299
			6.1214953271028	-2.19626168224299
			6.16822429906542	-2.14953271028037
			6.21495327102804	-2.14953271028037
			6.26168224299065	-2.14953271028037
			6.30841121495327	-2.19626168224299
			6.35514018691589	-2.19626168224299
			6.4018691588785	-2.19626168224299
			6.44859813084112	-2.19626168224299
			6.49532710280374	-2.19626168224299
			6.54205607476635	-2.19626168224299
			6.58878504672897	-2.19626168224299
			6.63551401869159	-2.24299065420561
			6.68224299065421	-2.24299065420561
			6.72897196261682	-2.24299065420561
			6.77570093457944	-2.24299065420561
			6.82242990654206	-2.28971962616822
			6.86915887850467	-2.28971962616822
			6.91588785046729	-2.33644859813084
			6.96261682242991	-2.33644859813084
			7.00934579439252	-2.38317757009346
			7.05607476635514	-2.38317757009346
			7.10280373831776	-2.42990654205607
			7.14953271028037	-2.47663551401869
			7.19626168224299	-2.47663551401869
			7.24299065420561	-2.52336448598131
			7.28971962616822	-2.57009345794392
			7.33644859813084	-2.57009345794392
			7.38317757009346	-2.61682242990654
			7.42990654205607	-2.66355140186916
			7.47663551401869	-2.71028037383178
			7.47663551401869	-2.75700934579439
			7.47663551401869	-2.80373831775701
			7.52336448598131	-2.80373831775701
			7.52336448598131	-2.85046728971963
			7.52336448598131	-2.89719626168224
			7.52336448598131	-2.94392523364486
			7.52336448598131	-2.99065420560748
			7.52336448598131	-3.03738317757009
			7.52336448598131	-3.08411214953271
			7.52336448598131	-3.13084112149533
			7.47663551401869	-3.17757009345794
			7.47663551401869	-3.22429906542056
			7.47663551401869	-3.27102803738318
			7.47663551401869	-3.31775700934579
			7.47663551401869	-3.36448598130841
			7.42990654205607	-3.36448598130841
			7.42990654205607	-3.41121495327103
			7.42990654205607	-3.45794392523364
			7.47663551401869	-3.45794392523364
			7.52336448598131	-3.50467289719626
			7.57009345794392	-3.50467289719626
			7.61682242990654	-3.55140186915888
			7.66355140186916	-3.55140186915888
			7.71028037383178	-3.5981308411215
			7.75700934579439	-3.64485981308411
			7.80373831775701	-3.69158878504673
			7.80373831775701	-3.73831775700935
			7.80373831775701	-3.78504672897196
			7.85046728971963	-3.83177570093458
			7.80373831775701	-3.8785046728972
			7.80373831775701	-3.92523364485981
			7.80373831775701	-3.97196261682243
			7.75700934579439	-4.01869158878505
			7.75700934579439	-4.06542056074766
			7.71028037383178	-4.11214953271028
			7.66355140186916	-4.1588785046729
			7.71028037383178	-4.20560747663551
			7.75700934579439	-4.20560747663551
			7.80373831775701	-4.25233644859813
			7.80373831775701	-4.29906542056075
			7.85046728971963	-4.29906542056075
			7.89719626168224	-4.34579439252336
			7.94392523364486	-4.39252336448598
			7.94392523364486	-4.4392523364486
			7.99065420560748	-4.4392523364486
			7.99065420560748	-4.48598130841121
			8.03738317757009	-4.53271028037383
			8.08411214953271	-4.57943925233645
			8.08411214953271	-4.62616822429907
			8.08411214953271	-4.67289719626168
			8.13084112149533	-4.7196261682243
			8.13084112149533	-4.76635514018692
			8.13084112149533	-4.81308411214953
			8.13084112149533	-4.85981308411215
			8.13084112149533	-4.90654205607477
			8.13084112149533	-4.95327102803738
			8.08411214953271	-5
			8.08411214953271	-5.04672897196262
			8.08411214953271	-5.09345794392523
			8.03738317757009	-5.14018691588785
			8.03738317757009	-5.18691588785047
			7.99065420560748	-5.23364485981308
			7.99065420560748	-5.2803738317757
			8.03738317757009	-5.32710280373832
			8.08411214953271	-5.37383177570093
			8.13084112149533	-5.42056074766355
			8.17757009345794	-5.46728971962617
			8.22429906542056	-5.51401869158878
			8.27102803738318	-5.51401869158878
			8.31775700934579	-5.5607476635514
			8.36448598130841	-5.60747663551402
			8.36448598130841	-5.65420560747664
			8.41121495327103	-5.70093457943925
			8.45794392523364	-5.74766355140187
			8.45794392523364	-5.79439252336449
			8.50467289719626	-5.8411214953271
			8.50467289719626	-5.88785046728972
			8.55140186915888	-5.93457943925234
			8.55140186915888	-5.98130841121495
			8.5981308411215	-6.02803738317757
			8.5981308411215	-6.07476635514019
			8.5981308411215	-6.1214953271028
			8.5981308411215	-6.16822429906542
			8.64485981308411	-6.21495327102804
			8.64485981308411	-6.26168224299065
			8.64485981308411	-6.30841121495327
			8.64485981308411	-6.35514018691589
			8.64485981308411	-6.4018691588785
			8.64485981308411	-6.44859813084112
			8.64485981308411	-6.49532710280374
			8.5981308411215	-6.54205607476635
			8.5981308411215	-6.58878504672897
			8.5981308411215	-6.63551401869159
			8.5981308411215	-6.68224299065421
			8.5981308411215	-6.72897196261682
			8.55140186915888	-6.77570093457944
			8.55140186915888	-6.82242990654206
			8.50467289719626	-6.86915887850467
			8.50467289719626	-6.91588785046729
			8.45794392523364	-6.96261682242991
			8.45794392523364	-7.00934579439252
			8.41121495327103	-7.05607476635514
			8.41121495327103	-7.10280373831776
			8.36448598130841	-7.14953271028037
			8.36448598130841	-7.19626168224299
			8.31775700934579	-7.24299065420561
			8.31775700934579	-7.28971962616822
			8.27102803738318	-7.28971962616822
			8.27102803738318	-7.33644859813084
			8.27102803738318	-7.38317757009346
			8.31775700934579	-7.42990654205607
			8.31775700934579	-7.47663551401869
			8.31775700934579	-7.52336448598131
			8.31775700934579	-7.57009345794392
			8.31775700934579	-7.61682242990654
			8.31775700934579	-7.66355140186916
			8.31775700934579	-7.71028037383178
			8.31775700934579	-7.75700934579439
			8.31775700934579	-7.80373831775701
		</glabella>
		<suture type=matrix rownames=FALSE colnames=FALSE nrow=259 ncol=2 as.numeric=TRUE >
			5.88785046728972	-0.794392523364486
			5.93457943925234	-0.794392523364486
			5.98130841121495	-0.794392523364486
			6.02803738317757	-0.794392523364486
			6.07476635514019	-0.794392523364486
			6.1214953271028	-0.794392523364486
			6.16822429906542	-0.794392523364486
			6.21495327102804	-0.794392523364486
			6.26168224299065	-0.794392523364486
			6.30841121495327	-0.794392523364486
			6.35514018691589	-0.841121495327103
			6.4018691588785	-0.841121495327103
			6.44859813084112	-0.841121495327103
			6.49532710280374	-0.841121495327103
			6.54205607476635	-0.841121495327103
			6.58878504672897	-0.841121495327103
			6.63551401869159	-0.841121495327103
			6.68224299065421	-0.88785046728972
			6.72897196261682	-0.88785046728972
			6.77570093457944	-0.88785046728972
			6.82242990654206	-0.88785046728972
			6.86915887850467	-0.88785046728972
			6.91588785046729	-0.934579439252336
			6.96261682242991	-0.934579439252336
			7.00934579439252	-0.934579439252336
			7.05607476635514	-0.934579439252336
			7.10280373831776	-0.934579439252336
			7.10280373831776	-0.981308411214953
			7.14953271028037	-0.981308411214953
			7.19626168224299	-0.981308411214953
			7.24299065420561	-0.981308411214953
			7.28971962616822	-1.02803738317757
			7.33644859813084	-1.02803738317757
			7.38317757009346	-1.02803738317757
			7.42990654205607	-1.02803738317757
			7.47663551401869	-1.07476635514019
			7.52336448598131	-1.07476635514019
			7.57009345794392	-1.1214953271028
			7.61682242990654	-1.1214953271028
			7.66355140186916	-1.1214953271028
			7.71028037383178	-1.16822429906542
			7.75700934579439	-1.16822429906542
			7.80373831775701	-1.16822429906542
			7.85046728971963	-1.21495327102804
			7.89719626168224	-1.21495327102804
			7.94392523364486	-1.21495327102804
			7.94392523364486	-1.26168224299065
			7.99065420560748	-1.26168224299065
			8.03738317757009	-1.30841121495327
			8.08411214953271	-1.30841121495327
			8.13084112149533	-1.30841121495327
			8.17757009345794	-1.35514018691589
			8.22429906542056	-1.35514018691589
			8.27102803738318	-1.4018691588785
			8.31775700934579	-1.4018691588785
			8.36448598130841	-1.44859813084112
			8.41121495327103	-1.44859813084112
			8.45794392523364	-1.49532710280374
			8.50467289719626	-1.49532710280374
			8.55140186915888	-1.54205607476635
			8.5981308411215	-1.54205607476635
			8.64485981308411	-1.58878504672897
			8.69158878504673	-1.58878504672897
			8.73831775700935	-1.63551401869159
			8.78504672897196	-1.68224299065421
			8.83177570093458	-1.68224299065421
			8.8785046728972	-1.72897196261682
			8.92523364485981	-1.72897196261682
			8.97196261682243	-1.77570093457944
			9.01869158878505	-1.82242990654206
			9.06542056074766	-1.82242990654206
			9.06542056074766	-1.86915887850467
			9.11214953271028	-1.86915887850467
			9.11214953271028	-1.91588785046729
			9.11214953271028	-1.96261682242991
			9.1588785046729	-2.00934579439252
			9.1588785046729	-2.05607476635514
			9.1588785046729	-2.10280373831776
			9.1588785046729	-2.14953271028037
			9.20560747663551	-2.19626168224299
			9.20560747663551	-2.24299065420561
			9.20560747663551	-2.28971962616822
			9.20560747663551	-2.33644859813084
			9.20560747663551	-2.38317757009346
			9.20560747663551	-2.42990654205607
			9.20560747663551	-2.47663551401869
			9.20560747663551	-2.52336448598131
			9.1588785046729	-2.52336448598131
			9.1588785046729	-2.57009345794392
			9.1588785046729	-2.61682242990654
			9.1588785046729	-2.66355140186916
			9.11214953271028	-2.71028037383178
			9.11214953271028	-2.75700934579439
			9.1588785046729	-2.80373831775701
			9.20560747663551	-2.85046728971963
			9.20560747663551	-2.89719626168224
			9.25233644859813	-2.94392523364486
			9.25233644859813	-2.99065420560748
			9.29906542056075	-3.03738317757009
			9.29906542056075	-3.08411214953271
			9.34579439252336	-3.13084112149533
			9.34579439252336	-3.17757009345794
			9.39252336448598	-3.22429906542056
			9.39252336448598	-3.27102803738318
			9.39252336448598	-3.31775700934579
			9.39252336448598	-3.36448598130841
			9.4392523364486	-3.36448598130841
			9.4392523364486	-3.41121495327103
			9.4392523364486	-3.45794392523364
			9.4392523364486	-3.50467289719626
			9.48598130841122	-3.55140186915888
			9.48598130841122	-3.5981308411215
			9.48598130841122	-3.64485981308411
			9.48598130841122	-3.69158878504673
			9.53271028037383	-3.73831775700935
			9.53271028037383	-3.78504672897196
			9.57943925233645	-3.83177570093458
			9.57943925233645	-3.8785046728972
			9.62616822429906	-3.92523364485981
			9.67289719626168	-3.97196261682243
			9.67289719626168	-4.01869158878505
			9.67289719626168	-4.06542056074766
			9.7196261682243	-4.11214953271028
			9.7196261682243	-4.1588785046729
			9.76635514018692	-4.20560747663551
			9.76635514018692	-4.25233644859813
			9.76635514018692	-4.29906542056075
			9.81308411214953	-4.34579439252336
			9.81308411214953	-4.39252336448598
			9.81308411214953	-4.4392523364486
			9.85981308411215	-4.48598130841121
			9.85981308411215	-4.53271028037383
			9.85981308411215	-4.57943925233645
			9.85981308411215	-4.62616822429907
			9.85981308411215	-4.67289719626168
			9.85981308411215	-4.7196261682243
			9.85981308411215	-4.76635514018692
			9.85981308411215	-4.81308411214953
			9.85981308411215	-4.85981308411215
			9.85981308411215	-4.90654205607477
			9.81308411214953	-4.95327102803738
			9.81308411214953	-5
			9.81308411214953	-5.04672897196262
			9.76635514018692	-5.09345794392523
			9.76635514018692	-5.14018691588785
			9.7196261682243	-5.18691588785047
			9.7196261682243	-5.23364485981308
			9.67289719626168	-5.23364485981308
			9.62616822429906	-5.2803738317757
			9.57943925233645	-5.32710280373832
			9.57943925233645	-5.37383177570093
			9.53271028037383	-5.42056074766355
			9.48598130841122	-5.42056074766355
			9.4392523364486	-5.46728971962617
			9.39252336448598	-5.51401869158878
			9.34579439252336	-5.51401869158878
			9.29906542056075	-5.5607476635514
			9.25233644859813	-5.5607476635514
			9.20560747663551	-5.60747663551402
			9.1588785046729	-5.60747663551402
			9.20560747663551	-5.65420560747664
			9.25233644859813	-5.65420560747664
			9.29906542056075	-5.70093457943925
			9.34579439252336	-5.70093457943925
			9.39252336448598	-5.70093457943925
			9.4392523364486	-5.65420560747664
			9.48598130841122	-5.65420560747664
			9.53271028037383	-5.65420560747664
			9.57943925233645	-5.65420560747664
			9.62616822429906	-5.60747663551402
			9.67289719626168	-5.60747663551402
			9.7196261682243	-5.60747663551402
			9.76635514018692	-5.5607476635514
			9.81308411214953	-5.5607476635514
			9.85981308411215	-5.5607476635514
			9.90654205607477	-5.5607476635514
			9.90654205607477	-5.51401869158878
			9.95327102803738	-5.51401869158878
			10	-5.51401869158878
			10.0467289719626	-5.46728971962617
			10.0934579439252	-5.46728971962617
			10.1401869158879	-5.46728971962617
			10.1869158878505	-5.46728971962617
			10.2336448598131	-5.46728971962617
			10.2336448598131	-5.42056074766355
			10.2803738317757	-5.42056074766355
			10.3271028037383	-5.42056074766355
			10.3738317757009	-5.42056074766355
			10.4205607476636	-5.42056074766355
			10.4672897196262	-5.42056074766355
			10.5140186915888	-5.42056074766355
			10.5607476635514	-5.42056074766355
			10.607476635514	-5.42056074766355
			10.6542056074766	-5.42056074766355
			10.7009345794393	-5.42056074766355
			10.7476635514019	-5.42056074766355
			10.7943925233645	-5.42056074766355
			10.8411214953271	-5.46728971962617
			10.8878504672897	-5.46728971962617
			10.9345794392523	-5.46728971962617
			10.981308411215	-5.46728971962617
			11.0280373831776	-5.51401869158878
			11.0747663551402	-5.51401869158878
			11.1214953271028	-5.51401869158878
			11.1682242990654	-5.5607476635514
			11.214953271028	-5.5607476635514
			11.2616822429907	-5.60747663551402
			11.3084112149533	-5.60747663551402
			11.3551401869159	-5.65420560747664
			11.4018691588785	-5.70093457943925
			11.4485981308411	-5.74766355140187
			11.4953271028037	-5.79439252336449
			11.5420560747664	-5.8411214953271
			11.588785046729	-5.8411214953271
			11.6355140186916	-5.88785046728972
			11.6822429906542	-5.93457943925234
			11.7289719626168	-5.98130841121495
			11.7757009345794	-6.02803738317757
			11.8224299065421	-6.07476635514019
			11.8691588785047	-6.1214953271028
			11.8691588785047	-6.16822429906542
			11.9158878504673	-6.21495327102804
			11.9626168224299	-6.26168224299065
			11.9626168224299	-6.30841121495327
			12.0093457943925	-6.35514018691589
			12.0560747663551	-6.4018691588785
			12.0560747663551	-6.44859813084112
			12.1028037383178	-6.49532710280374
			12.1495327102804	-6.54205607476635
			12.1495327102804	-6.58878504672897
			12.196261682243	-6.63551401869159
			12.2429906542056	-6.68224299065421
			12.2429906542056	-6.72897196261682
			12.2897196261682	-6.77570093457944
			12.2897196261682	-6.82242990654206
			12.3364485981308	-6.82242990654206
			12.3364485981308	-6.86915887850467
			12.3364485981308	-6.91588785046729
			12.3831775700935	-6.91588785046729
			12.3831775700935	-6.96261682242991
			12.4299065420561	-7.00934579439252
			12.4299065420561	-7.05607476635514
			12.4766355140187	-7.10280373831776
			12.4766355140187	-7.14953271028037
			12.5233644859813	-7.19626168224299
			12.5233644859813	-7.24299065420561
			12.5233644859813	-7.28971962616822
			12.5700934579439	-7.33644859813084
			12.5700934579439	-7.38317757009346
			12.5700934579439	-7.42990654205607
			12.6168224299065	-7.47663551401869
			12.6168224299065	-7.52336448598131
			12.6168224299065	-7.57009345794392
			12.6168224299065	-7.61682242990654
			12.6635514018692	-7.66355140186916
			12.6635514018692	-7.71028037383178
			12.6635514018692	-7.75700934579439
			12.6635514018692	-7.80373831775701
			12.6635514018692	-7.85046728971963
		</suture>
		<anterior type=matrix rownames=FALSE colnames=FALSE nrow=219 ncol=2 as.numeric=TRUE >
			5.88785046728972	-0.794392523364486
			5.93457943925234	-0.794392523364486
			5.98130841121495	-0.794392523364486
			6.02803738317757	-0.794392523364486
			6.07476635514019	-0.794392523364486
			6.1214953271028	-0.794392523364486
			6.16822429906542	-0.794392523364486
			6.21495327102804	-0.794392523364486
			6.26168224299065	-0.794392523364486
			6.30841121495327	-0.794392523364486
			6.35514018691589	-0.794392523364486
			6.4018691588785	-0.794392523364486
			6.44859813084112	-0.841121495327103
			6.49532710280374	-0.841121495327103
			6.54205607476635	-0.841121495327103
			6.58878504672897	-0.841121495327103
			6.63551401869159	-0.841121495327103
			6.68224299065421	-0.841121495327103
			6.72897196261682	-0.841121495327103
			6.77570093457944	-0.88785046728972
			6.82242990654206	-0.88785046728972
			6.86915887850467	-0.88785046728972
			6.91588785046729	-0.88785046728972
			6.96261682242991	-0.88785046728972
			7.00934579439252	-0.934579439252336
			7.05607476635514	-0.934579439252336
			7.10280373831776	-0.934579439252336
			7.14953271028037	-0.934579439252336
			7.19626168224299	-0.981308411214953
			7.24299065420561	-0.981308411214953
			7.28971962616822	-0.981308411214953
			7.33644859813084	-0.981308411214953
			7.38317757009346	-1.02803738317757
			7.42990654205607	-1.02803738317757
			7.47663551401869	-1.02803738317757
			7.52336448598131	-1.07476635514019
			7.57009345794392	-1.07476635514019
			7.61682242990654	-1.07476635514019
			7.66355140186916	-1.1214953271028
			7.71028037383178	-1.1214953271028
			7.75700934579439	-1.16822429906542
			7.80373831775701	-1.16822429906542
			7.85046728971963	-1.16822429906542
			7.89719626168224	-1.21495327102804
			7.94392523364486	-1.21495327102804
			7.99065420560748	-1.26168224299065
			8.03738317757009	-1.26168224299065
			8.08411214953271	-1.30841121495327
			8.13084112149533	-1.30841121495327
			8.17757009345794	-1.30841121495327
			8.22429906542056	-1.35514018691589
			8.27102803738318	-1.35514018691589
			8.31775700934579	-1.4018691588785
			8.36448598130841	-1.4018691588785
			8.41121495327103	-1.44859813084112
			8.45794392523364	-1.49532710280374
			8.50467289719626	-1.49532710280374
			8.55140186915888	-1.54205607476635
			8.5981308411215	-1.54205607476635
			8.64485981308411	-1.58878504672897
			8.69158878504673	-1.58878504672897
			8.73831775700935	-1.63551401869159
			8.78504672897196	-1.68224299065421
			8.83177570093458	-1.68224299065421
			8.8785046728972	-1.72897196261682
			8.92523364485981	-1.72897196261682
			8.97196261682243	-1.77570093457944
			9.01869158878505	-1.77570093457944
			9.06542056074766	-1.82242990654206
			9.11214953271028	-1.86915887850467
			9.1588785046729	-1.86915887850467
			9.20560747663551	-1.91588785046729
			9.25233644859813	-1.91588785046729
			9.25233644859813	-1.96261682242991
			9.29906542056075	-1.96261682242991
			9.34579439252336	-2.00934579439252
			9.39252336448598	-2.00934579439252
			9.39252336448598	-2.05607476635514
			9.4392523364486	-2.05607476635514
			9.48598130841122	-2.10280373831776
			9.53271028037383	-2.14953271028037
			9.57943925233645	-2.14953271028037
			9.62616822429906	-2.19626168224299
			9.67289719626168	-2.19626168224299
			9.7196261682243	-2.24299065420561
			9.76635514018692	-2.28971962616822
			9.81308411214953	-2.28971962616822
			9.85981308411215	-2.33644859813084
			9.90654205607477	-2.33644859813084
			9.90654205607477	-2.38317757009346
			9.95327102803738	-2.42990654205607
			10	-2.42990654205607
			10.0467289719626	-2.47663551401869
			10.0934579439252	-2.52336448598131
			10.1401869158879	-2.52336448598131
			10.1869158878505	-2.57009345794392
			10.2336448598131	-2.61682242990654
			10.2803738317757	-2.66355140186916
			10.3271028037383	-2.71028037383178
			10.3738317757009	-2.71028037383178
			10.4205607476636	-2.75700934579439
			10.4672897196262	-2.80373831775701
			10.5140186915888	-2.85046728971963
			10.5607476635514	-2.85046728971963
			10.607476635514	-2.89719626168224
			10.6542056074766	-2.94392523364486
			10.7009345794393	-2.99065420560748
			10.7476635514019	-2.99065420560748
			10.7943925233645	-3.03738317757009
			10.7943925233645	-3.08411214953271
			10.8411214953271	-3.13084112149533
			10.8878504672897	-3.13084112149533
			10.9345794392523	-3.17757009345794
			10.981308411215	-3.22429906542056
			11.0280373831776	-3.27102803738318
			11.0747663551402	-3.27102803738318
			11.0747663551402	-3.31775700934579
			11.1214953271028	-3.36448598130841
			11.1682242990654	-3.41121495327103
			11.214953271028	-3.41121495327103
			11.2616822429907	-3.45794392523364
			11.2616822429907	-3.50467289719626
			11.3084112149533	-3.55140186915888
			11.3551401869159	-3.55140186915888
			11.4018691588785	-3.5981308411215
			11.4018691588785	-3.64485981308411
			11.4485981308411	-3.69158878504673
			11.4953271028037	-3.73831775700935
			11.5420560747664	-3.73831775700935
			11.5420560747664	-3.78504672897196
			11.588785046729	-3.83177570093458
			11.6355140186916	-3.8785046728972
			11.6822429906542	-3.92523364485981
			11.7289719626168	-3.97196261682243
			11.7757009345794	-4.01869158878505
			11.7757009345794	-4.06542056074766
			11.8224299065421	-4.11214953271028
			11.8691588785047	-4.1588785046729
			11.9158878504673	-4.20560747663551
			11.9158878504673	-4.25233644859813
			11.9626168224299	-4.29906542056075
			12.0093457943925	-4.34579439252336
			12.0560747663551	-4.39252336448598
			12.1028037383178	-4.4392523364486
			12.1028037383178	-4.48598130841121
			12.1495327102804	-4.53271028037383
			12.196261682243	-4.57943925233645
			12.2429906542056	-4.62616822429907
			12.2429906542056	-4.67289719626168
			12.2897196261682	-4.7196261682243
			12.2897196261682	-4.76635514018692
			12.3364485981308	-4.81308411214953
			12.3364485981308	-4.85981308411215
			12.3831775700935	-4.85981308411215
			12.3831775700935	-4.90654205607477
			12.4299065420561	-4.95327102803738
			12.4299065420561	-5
			12.4299065420561	-5.04672897196262
			12.4766355140187	-5.09345794392523
			12.5233644859813	-5.14018691588785
			12.5233644859813	-5.18691588785047
			12.5700934579439	-5.23364485981308
			12.5700934579439	-5.2803738317757
			12.6168224299065	-5.32710280373832
			12.6168224299065	-5.37383177570093
			12.6168224299065	-5.42056074766355
			12.6635514018692	-5.46728971962617
			12.6635514018692	-5.51401869158878
			12.7102803738318	-5.5607476635514
			12.7102803738318	-5.60747663551402
			12.7102803738318	-5.65420560747664
			12.7570093457944	-5.70093457943925
			12.7570093457944	-5.74766355140187
			12.7570093457944	-5.79439252336449
			12.803738317757	-5.8411214953271
			12.803738317757	-5.88785046728972
			12.803738317757	-5.93457943925234
			12.803738317757	-5.98130841121495
			12.8504672897196	-6.02803738317757
			12.8504672897196	-6.07476635514019
			12.8504672897196	-6.1214953271028
			12.8504672897196	-6.16822429906542
			12.8971962616822	-6.21495327102804
			12.8971962616822	-6.26168224299065
			12.8971962616822	-6.30841121495327
			12.8971962616822	-6.35514018691589
			12.8971962616822	-6.4018691588785
			12.8971962616822	-6.44859813084112
			12.8971962616822	-6.49532710280374
			12.8971962616822	-6.54205607476635
			12.9439252336449	-6.58878504672897
			12.9439252336449	-6.63551401869159
			12.9439252336449	-6.68224299065421
			12.9439252336449	-6.72897196261682
			12.9439252336449	-6.77570093457944
			12.9439252336449	-6.82242990654206
			12.9439252336449	-6.86915887850467
			12.9439252336449	-6.91588785046729
			12.9439252336449	-6.96261682242991
			12.9439252336449	-7.00934579439252
			12.9439252336449	-7.05607476635514
			12.9439252336449	-7.10280373831776
			12.9439252336449	-7.14953271028037
			12.9439252336449	-7.19626168224299
			12.9439252336449	-7.24299065420561
			12.8971962616822	-7.28971962616822
			12.8971962616822	-7.33644859813084
			12.8971962616822	-7.38317757009346
			12.8971962616822	-7.42990654205607
			12.8971962616822	-7.47663551401869
			12.8971962616822	-7.52336448598131
			12.8504672897196	-7.52336448598131
			12.8504672897196	-7.57009345794392
			12.8504672897196	-7.61682242990654
			12.803738317757	-7.66355140186916
			12.7570093457944	-7.71028037383178
			12.7102803738318	-7.75700934579439
			12.7102803738318	-7.80373831775701
			12.6635514018692	-7.85046728971963
		</anterior>
		<posterior type=matrix rownames=FALSE colnames=FALSE nrow=149 ncol=2 as.numeric=TRUE >
			5.88785046728972	-8.27102803738318
			5.93457943925234	-8.27102803738318
			5.98130841121495	-8.27102803738318
			6.02803738317757	-8.27102803738318
			6.07476635514019	-8.31775700934579
			6.1214953271028	-8.31775700934579
			6.16822429906542	-8.31775700934579
			6.21495327102804	-8.31775700934579
			6.26168224299065	-8.31775700934579
			6.30841121495327	-8.31775700934579
			6.35514018691589	-8.31775700934579
			6.4018691588785	-8.31775700934579
			6.44859813084112	-8.31775700934579
			6.49532710280374	-8.31775700934579
			6.54205607476635	-8.36448598130841
			6.58878504672897	-8.36448598130841
			6.63551401869159	-8.36448598130841
			6.68224299065421	-8.36448598130841
			6.72897196261682	-8.36448598130841
			6.77570093457944	-8.36448598130841
			6.82242990654206	-8.36448598130841
			6.86915887850467	-8.36448598130841
			6.91588785046729	-8.36448598130841
			6.96261682242991	-8.36448598130841
			7.00934579439252	-8.31775700934579
			7.05607476635514	-8.31775700934579
			7.10280373831776	-8.31775700934579
			7.14953271028037	-8.31775700934579
			7.19626168224299	-8.31775700934579
			7.24299065420561	-8.31775700934579
			7.28971962616822	-8.31775700934579
			7.33644859813084	-8.31775700934579
			7.38317757009346	-8.31775700934579
			7.42990654205607	-8.27102803738318
			7.47663551401869	-8.27102803738318
			7.52336448598131	-8.27102803738318
			7.57009345794392	-8.27102803738318
			7.61682242990654	-8.22429906542056
			7.66355140186916	-8.22429906542056
			7.71028037383178	-8.22429906542056
			7.75700934579439	-8.17757009345794
			7.80373831775701	-8.17757009345794
			7.85046728971963	-8.17757009345794
			7.89719626168224	-8.13084112149533
			7.94392523364486	-8.08411214953271
			7.99065420560748	-8.08411214953271
			8.03738317757009	-8.03738317757009
			8.08411214953271	-8.03738317757009
			8.13084112149533	-7.99065420560748
			8.17757009345794	-7.99065420560748
			8.17757009345794	-7.94392523364486
			8.22429906542056	-7.89719626168224
			8.27102803738318	-7.85046728971963
			8.31775700934579	-7.80373831775701
			8.36448598130841	-7.80373831775701
			8.41121495327103	-7.80373831775701
			8.45794392523364	-7.80373831775701
			8.50467289719626	-7.80373831775701
			8.55140186915888	-7.80373831775701
			8.5981308411215	-7.80373831775701
			8.64485981308411	-7.85046728971963
			8.69158878504673	-7.85046728971963
			8.73831775700935	-7.85046728971963
			8.78504672897196	-7.85046728971963
			8.83177570093458	-7.85046728971963
			8.8785046728972	-7.85046728971963
			8.92523364485981	-7.85046728971963
			8.97196261682243	-7.85046728971963
			9.01869158878505	-7.85046728971963
			9.06542056074766	-7.85046728971963
			9.11214953271028	-7.85046728971963
			9.1588785046729	-7.85046728971963
			9.20560747663551	-7.85046728971963
			9.25233644859813	-7.85046728971963
			9.29906542056075	-7.89719626168224
			9.34579439252336	-7.89719626168224
			9.39252336448598	-7.89719626168224
			9.4392523364486	-7.89719626168224
			9.48598130841122	-7.89719626168224
			9.53271028037383	-7.89719626168224
			9.57943925233645	-7.89719626168224
			9.62616822429906	-7.89719626168224
			9.67289719626168	-7.89719626168224
			9.7196261682243	-7.89719626168224
			9.76635514018692	-7.89719626168224
			9.81308411214953	-7.89719626168224
			9.85981308411215	-7.89719626168224
			9.90654205607477	-7.89719626168224
			9.95327102803738	-7.94392523364486
			10	-7.94392523364486
			10.0467289719626	-7.94392523364486
			10.0934579439252	-7.94392523364486
			10.1401869158879	-7.94392523364486
			10.1869158878505	-7.94392523364486
			10.2336448598131	-7.94392523364486
			10.2803738317757	-7.94392523364486
			10.3271028037383	-7.99065420560748
			10.3738317757009	-7.99065420560748
			10.4205607476636	-7.99065420560748
			10.4205607476636	-8.03738317757009
			10.4672897196262	-8.03738317757009
			10.5140186915888	-8.03738317757009
			10.5607476635514	-8.08411214953271
			10.607476635514	-8.08411214953271
			10.6542056074766	-8.08411214953271
			10.7009345794393	-8.13084112149533
			10.7476635514019	-8.13084112149533
			10.7943925233645	-8.13084112149533
			10.7943925233645	-8.17757009345794
			10.8411214953271	-8.17757009345794
			10.8878504672897	-8.17757009345794
			10.9345794392523	-8.22429906542056
			10.981308411215	-8.22429906542056
			11.0280373831776	-8.22429906542056
			11.0747663551402	-8.22429906542056
			11.1214953271028	-8.27102803738318
			11.1682242990654	-8.27102803738318
			11.214953271028	-8.27102803738318
			11.2616822429907	-8.27102803738318
			11.3084112149533	-8.27102803738318
			11.3551401869159	-8.31775700934579
			11.4018691588785	-8.31775700934579
			11.4485981308411	-8.31775700934579
			11.4953271028037	-8.31775700934579
			11.5420560747664	-8.31775700934579
			11.588785046729	-8.31775700934579
			11.6355140186916	-8.31775700934579
			11.6822429906542	-8.31775700934579
			11.7289719626168	-8.31775700934579
			11.7757009345794	-8.31775700934579
			11.8224299065421	-8.31775700934579
			11.8691588785047	-8.31775700934579
			11.9158878504673	-8.27102803738318
			11.9626168224299	-8.27102803738318
			12.0093457943925	-8.27102803738318
			12.0560747663551	-8.27102803738318
			12.1028037383178	-8.22429906542056
			12.1495327102804	-8.22429906542056
			12.196261682243	-8.22429906542056
			12.2429906542056	-8.17757009345794
			12.2897196261682	-8.17757009345794
			12.3364485981308	-8.13084112149533
			12.3831775700935	-8.13084112149533
			12.4299065420561	-8.08411214953271
			12.4766355140187	-8.03738317757009
			12.5233644859813	-7.99065420560748
			12.5700934579439	-7.94392523364486
			12.6168224299065	-7.89719626168224
			12.6635514018692	-7.85046728971963
		</posterior>
	</curves.scaled>
	<ruler.points type=matrix rownames=TRUE colnames=FALSE nrow=2 ncol=2 as.numeric=TRUE >
		Ruler point 1	129	547
		Ruler point 2	236	547
	</ruler.points>
</shapes>

