<shapes type=list>
	<ruler.pixel type=vector names=FALSE length=1 as.numeric=TRUE >428.094615710125</ruler.pixel>
	<ruler.interval type=vector names=FALSE length=1 as.numeric=TRUE >5.7</ruler.interval>
	<scaling.units type=vector names=FALSE length=1 as.numeric=FALSE >cm</scaling.units>
	<scaling type=vector names=FALSE length=1 as.numeric=TRUE >0.0133148135735013</scaling>
	<landmarks.pixel type=matrix rownames=TRUE colnames=FALSE nrow=16 ncol=2 as.numeric=TRUE >
		LM1	289	8
		LM2	287	18
		LM3	272	176
		LM4	271	202
		LM5	376	89
		LM6	334	198
		LM7	329	216
		LM8	371	108
		LM9	379	168
		LM10	287	14
		LM11	447	166
		LM12	464	165
		LM13	289	9
		LM14	418	128
		LM15	478	202
		LM16	509	333
	</landmarks.pixel>
	<landmarks.scaled type=matrix rownames=TRUE colnames=FALSE nrow=16 ncol=2 as.numeric=TRUE >
		LM1	3.84798112274187	-0.10651850858801
		LM2	3.82135149559487	-0.239666644323023
		LM3	3.62162929199235	-2.34340718893623
		LM4	3.60831447841885	-2.68959234184726
		LM5	5.00636990363649	-1.18501840804162
		LM6	4.44714773354943	-2.63633308755326
		LM7	4.38057366568193	-2.87599973187628
		LM8	4.93979583576898	-1.43799986593814
		LM9	5.04631434435699	-2.23688868034822
		LM10	3.82135149559487	-0.186407390029018
		LM11	5.95172166735508	-2.21025905320122
		LM12	6.1780734981046	-2.19694423962771
		LM13	3.84798112274187	-0.119833322161512
		LM14	5.56559207372354	-1.70429613740817
		LM15	6.36448088813362	-2.68959234184726
		LM16	6.77724010891216	-4.43383291997593
	</landmarks.scaled>
	<curves.control type=list>
		<glabella type=matrix rownames=FALSE colnames=FALSE nrow=7 ncol=2 as.numeric=TRUE >
			287	18
			345	26
			377	86
			360	130
			332	197
			338	209
			329	216
		</glabella>
		<suture type=matrix rownames=FALSE colnames=FALSE nrow=11 ncol=2 as.numeric=TRUE >
			287	14
			366	46
			385	86
			373	108
			392	105
			447	115
			392	166
			359	164
			377	181
			422	187
			464	165
		</suture>
		<anterior type=matrix rownames=FALSE colnames=FALSE nrow=7 ncol=2 as.numeric=TRUE >
			289	9
			305	6
			313	21
			364	51
			409	91
			465	157
			478	202
		</anterior>
		<posterior type=matrix rownames=FALSE colnames=FALSE nrow=15 ncol=2 as.numeric=TRUE >
			271	202
			301	200
			317	212
			369	218
			393	218
			435	238
			464	266
			478	271
			492	288
			499	313
			509	333
			510	274
			496	245
			487	224
			478	202
		</posterior>
	</curves.control>
	<curves.pixel type=list>
		<glabella type=matrix rownames=FALSE colnames=FALSE nrow=238 ncol=2 as.numeric=TRUE >
			287	18
			288	18
			289	18
			290	18
			291	19
			292	19
			293	19
			294	19
			295	19
			296	20
			297	20
			298	20
			299	20
			300	20
			301	21
			302	21
			303	21
			304	22
			305	22
			306	22
			307	23
			308	23
			309	23
			310	23
			310	24
			311	24
			312	24
			313	25
			314	25
			315	26
			316	26
			317	26
			318	27
			319	27
			320	28
			321	28
			322	29
			323	29
			324	30
			325	31
			326	31
			327	32
			328	32
			329	33
			330	33
			331	34
			332	35
			333	35
			334	36
			335	37
			336	37
			337	38
			338	39
			339	39
			340	40
			341	41
			342	42
			343	42
			344	43
			345	44
			345	45
			346	46
			347	46
			348	47
			349	48
			350	49
			351	50
			352	51
			353	52
			354	53
			355	54
			356	55
			356	56
			357	56
			358	57
			358	58
			359	59
			360	60
			361	61
			362	62
			362	63
			363	64
			364	65
			364	66
			365	67
			366	68
			366	69
			367	70
			368	70
			368	71
			369	72
			370	73
			370	74
			371	75
			371	76
			372	77
			373	78
			373	79
			374	80
			374	81
			375	82
			375	83
			376	84
			376	85
			377	86
			377	87
			376	88
			376	89
			375	90
			375	91
			375	92
			374	93
			374	94
			374	95
			373	96
			373	97
			372	98
			372	99
			372	100
			371	101
			371	102
			370	103
			370	104
			369	105
			369	106
			369	107
			368	108
			368	109
			368	110
			367	110
			367	111
			367	112
			366	113
			366	114
			366	115
			365	116
			365	117
			364	118
			364	119
			364	120
			363	121
			363	122
			362	123
			362	124
			362	125
			361	126
			361	127
			360	128
			360	129
			360	130
			359	131
			359	132
			358	133
			358	134
			357	135
			357	136
			357	137
			356	138
			356	139
			355	140
			355	141
			355	142
			354	143
			354	144
			353	145
			353	146
			353	147
			352	148
			352	149
			351	150
			351	151
			351	152
			350	153
			350	154
			349	155
			349	156
			349	157
			348	158
			348	159
			347	160
			347	161
			347	162
			346	163
			346	164
			345	165
			345	166
			345	167
			344	168
			344	169
			343	170
			343	171
			343	172
			342	173
			342	174
			341	175
			341	176
			340	177
			340	178
			340	179
			339	180
			339	181
			338	182
			338	183
			337	184
			337	185
			337	186
			336	187
			336	188
			335	189
			335	190
			334	191
			334	192
			334	193
			333	194
			333	195
			332	196
			332	197
			332	198
			333	199
			333	200
			333	201
			334	201
			334	202
			334	203
			334	204
			334	205
			334	206
			334	207
			334	208
			334	209
			334	210
			333	211
			333	212
			332	213
			331	214
			330	215
			330	216
			329	216
		</glabella>
		<suture type=matrix rownames=FALSE colnames=FALSE nrow=339 ncol=2 as.numeric=TRUE >
			287	14
			288	15
			289	15
			290	15
			291	15
			291	16
			292	16
			293	16
			294	17
			295	17
			296	18
			297	18
			298	19
			299	19
			300	19
			300	20
			301	20
			302	20
			303	21
			304	21
			305	22
			306	22
			307	23
			308	23
			309	24
			310	24
			311	25
			312	25
			313	26
			314	26
			315	27
			316	27
			317	28
			318	28
			319	28
			320	29
			321	29
			322	30
			323	30
			323	31
			324	31
			325	32
			326	32
			327	33
			328	33
			329	34
			330	34
			330	35
			331	35
			332	36
			333	36
			334	37
			335	37
			335	38
			336	38
			337	39
			338	39
			339	40
			340	41
			341	41
			342	42
			343	42
			344	43
			345	44
			346	44
			347	45
			348	46
			349	47
			350	48
			351	48
			352	49
			353	50
			354	50
			355	51
			356	52
			357	53
			358	53
			359	54
			360	55
			361	56
			362	56
			362	57
			363	58
			364	59
			365	59
			366	60
			366	61
			367	62
			368	63
			369	63
			369	64
			370	65
			371	66
			372	66
			372	67
			373	68
			374	69
			375	70
			376	71
			376	72
			377	73
			378	74
			379	75
			379	76
			380	77
			380	78
			381	79
			382	80
			382	81
			383	82
			383	83
			384	84
			384	85
			385	86
			385	87
			384	88
			384	89
			383	90
			383	91
			382	92
			382	93
			381	94
			381	95
			381	96
			381	97
			380	98
			380	99
			380	100
			381	101
			381	102
			382	103
			383	104
			384	105
			385	105
			386	105
			387	105
			388	105
			389	105
			390	105
			391	105
			392	105
			393	105
			394	105
			395	106
			396	106
			397	106
			398	106
			399	106
			400	107
			401	107
			402	108
			403	108
			404	108
			405	109
			406	109
			407	109
			407	110
			408	110
			409	110
			410	111
			411	112
			412	112
			413	113
			414	114
			415	115
			416	116
			417	117
			418	118
			418	119
			419	120
			419	121
			419	122
			419	123
			419	124
			419	125
			419	126
			419	127
			419	128
			419	129
			419	130
			419	131
			418	132
			418	133
			418	134
			417	135
			417	136
			416	137
			416	138
			415	139
			415	140
			414	141
			413	142
			412	143
			412	144
			411	145
			411	146
			410	147
			409	148
			408	149
			407	150
			406	151
			406	152
			405	153
			404	154
			403	155
			402	156
			401	157
			400	158
			399	159
			398	160
			397	161
			396	162
			396	163
			395	163
			394	164
			393	165
			392	166
			391	166
			390	166
			389	166
			388	166
			387	166
			386	166
			385	166
			384	166
			383	166
			382	166
			381	166
			380	166
			379	166
			378	166
			377	166
			377	167
			376	167
			375	167
			374	167
			373	168
			372	168
			372	169
			371	170
			371	171
			371	172
			371	173
			371	174
			372	175
			372	176
			373	177
			374	178
			375	178
			375	179
			376	180
			377	181
			378	181
			379	181
			380	181
			381	182
			382	182
			383	182
			384	182
			385	182
			386	182
			387	182
			388	182
			389	182
			390	182
			391	182
			392	182
			393	182
			394	182
			395	182
			396	182
			397	182
			398	182
			399	182
			400	182
			401	182
			402	182
			403	182
			404	182
			405	182
			406	182
			407	182
			408	182
			409	182
			410	182
			411	181
			412	181
			413	181
			414	181
			415	181
			416	181
			417	181
			418	181
			419	180
			420	180
			421	180
			422	180
			423	180
			424	179
			425	179
			426	179
			427	179
			428	179
			429	178
			430	178
			431	178
			432	178
			433	177
			434	177
			435	177
			436	176
			437	176
			438	176
			439	176
			440	175
			441	175
			442	175
			443	174
			444	174
			445	174
			446	173
			447	173
			448	172
			449	172
			450	172
			451	171
			452	171
			453	170
			454	170
			455	169
			456	169
			457	169
			458	168
			459	168
			460	167
			461	166
			462	166
			463	166
			464	165
		</suture>
		<anterior type=matrix rownames=FALSE colnames=FALSE nrow=247 ncol=2 as.numeric=TRUE >
			289	9
			290	9
			291	9
			292	9
			293	9
			294	9
			295	9
			296	9
			297	9
			298	9
			299	9
			300	9
			301	10
			302	10
			303	11
			304	11
			305	12
			306	12
			306	13
			307	13
			308	14
			309	15
			309	16
			310	17
			311	17
			311	18
			312	19
			312	20
			313	21
			314	22
			315	22
			316	23
			317	23
			318	24
			319	25
			320	25
			321	26
			322	27
			323	27
			324	28
			325	28
			326	29
			327	29
			328	30
			329	31
			330	31
			331	32
			332	33
			333	33
			334	34
			335	34
			336	35
			337	36
			338	36
			338	37
			339	37
			340	38
			341	39
			342	39
			343	40
			344	41
			345	41
			346	42
			347	43
			348	43
			349	44
			350	45
			351	45
			352	46
			353	46
			354	47
			354	48
			355	48
			356	49
			357	50
			358	50
			359	51
			360	52
			361	52
			362	53
			363	54
			364	54
			365	55
			366	56
			367	56
			367	57
			368	58
			369	59
			370	59
			371	60
			372	61
			373	61
			374	62
			375	63
			376	63
			377	64
			377	65
			378	65
			379	66
			380	67
			381	68
			382	68
			383	69
			384	70
			385	70
			386	71
			386	72
			387	73
			388	73
			389	74
			390	75
			391	76
			392	76
			393	77
			394	78
			395	79
			396	80
			397	81
			398	82
			399	82
			400	83
			401	84
			402	85
			403	86
			404	86
			405	87
			405	88
			406	88
			407	89
			408	90
			409	91
			410	92
			411	93
			411	94
			412	95
			413	96
			414	97
			415	98
			416	99
			416	100
			417	101
			418	102
			419	103
			419	104
			420	104
			421	105
			422	106
			422	107
			423	108
			424	109
			425	110
			425	111
			426	112
			427	113
			427	114
			428	114
			429	115
			429	116
			430	117
			431	118
			431	119
			432	120
			433	121
			434	122
			435	123
			436	124
			436	125
			437	126
			437	127
			438	127
			438	128
			439	129
			440	130
			440	131
			441	132
			442	133
			443	134
			443	135
			444	136
			445	137
			445	138
			446	139
			446	140
			447	141
			448	141
			448	142
			449	143
			449	144
			450	145
			450	146
			451	146
			451	147
			452	148
			453	149
			453	150
			454	151
			455	152
			455	153
			456	154
			456	155
			457	156
			458	157
			458	158
			459	159
			459	160
			460	161
			460	162
			461	163
			461	164
			462	165
			462	166
			463	167
			464	168
			464	169
			465	170
			465	171
			466	172
			466	173
			467	174
			467	175
			468	176
			468	177
			469	178
			469	179
			470	180
			470	181
			471	182
			471	183
			471	184
			472	185
			472	186
			473	187
			473	188
			474	189
			474	190
			474	191
			475	192
			475	193
			475	194
			476	195
			476	196
			476	197
			477	198
			477	199
			477	200
			478	201
			478	202
		</anterior>
		<posterior type=matrix rownames=FALSE colnames=FALSE nrow=407 ncol=2 as.numeric=TRUE >
			271	202
			272	202
			273	202
			274	202
			275	202
			276	202
			277	202
			278	202
			279	202
			280	202
			281	202
			282	202
			283	202
			284	202
			285	202
			286	202
			287	202
			288	202
			289	202
			290	202
			291	202
			292	203
			293	203
			294	203
			295	203
			296	203
			297	203
			298	204
			299	204
			300	204
			301	204
			302	205
			303	205
			304	205
			305	206
			306	206
			307	206
			308	207
			309	207
			310	208
			311	208
			312	209
			313	209
			314	210
			315	211
			316	211
			317	212
			318	212
			319	212
			320	212
			321	212
			322	213
			323	213
			324	213
			325	213
			326	213
			327	213
			328	213
			329	213
			330	213
			331	214
			332	214
			333	214
			334	214
			335	214
			336	214
			337	214
			338	214
			339	214
			340	215
			341	215
			342	215
			343	215
			344	215
			345	215
			346	215
			347	215
			348	215
			349	215
			350	215
			351	216
			352	216
			353	216
			354	216
			355	216
			356	216
			357	216
			358	216
			359	216
			360	216
			361	216
			362	216
			362	217
			363	217
			364	217
			365	217
			366	217
			367	217
			368	217
			369	217
			370	217
			371	217
			372	217
			373	217
			374	217
			375	217
			376	217
			377	217
			378	218
			379	218
			380	218
			381	218
			382	218
			383	218
			384	218
			385	218
			386	218
			387	218
			388	218
			389	218
			390	218
			391	218
			392	218
			393	218
			394	219
			395	219
			396	220
			397	220
			398	220
			399	221
			400	221
			401	222
			402	222
			403	223
			404	223
			405	224
			406	224
			407	225
			408	225
			408	226
			409	226
			410	227
			411	227
			412	228
			413	228
			414	229
			415	229
			416	230
			417	230
			418	231
			418	232
			419	232
			420	233
			421	233
			422	234
			423	234
			424	235
			425	235
			425	236
			426	236
			427	237
			428	237
			429	238
			430	239
			431	240
			432	240
			433	241
			434	242
			435	242
			436	243
			437	244
			438	244
			439	245
			440	246
			441	247
			442	247
			443	248
			444	249
			445	249
			446	250
			447	251
			447	252
			448	252
			449	253
			450	254
			451	254
			452	255
			453	256
			454	257
			455	257
			455	258
			456	259
			457	260
			458	260
			459	261
			460	262
			461	263
			461	264
			462	264
			463	265
			464	266
			465	266
			466	267
			467	267
			468	268
			469	268
			470	269
			471	269
			472	270
			473	270
			474	271
			475	272
			476	272
			476	273
			477	274
			478	274
			479	275
			480	276
			481	277
			482	278
			483	278
			484	279
			485	280
			486	281
			487	282
			488	283
			489	284
			490	285
			491	286
			492	287
			492	288
			492	289
			493	290
			493	291
			493	292
			494	293
			494	294
			494	295
			494	296
			495	297
			495	298
			495	299
			496	300
			496	301
			496	302
			497	303
			497	304
			497	305
			498	306
			498	307
			498	308
			499	308
			499	309
			499	310
			500	311
			500	312
			500	313
			501	314
			501	315
			501	316
			502	317
			502	318
			503	319
			503	320
			504	321
			504	322
			505	323
			505	324
			505	325
			506	326
			506	327
			507	328
			507	329
			508	330
			508	331
			509	332
			509	331
			509	330
			509	329
			509	328
			509	327
			509	326
			509	325
			509	324
			509	323
			509	322
			509	321
			509	320
			509	319
			509	318
			509	317
			509	316
			509	315
			509	314
			509	313
			509	312
			509	311
			509	310
			509	309
			509	308
			509	307
			509	306
			509	305
			509	304
			508	303
			508	302
			508	301
			508	300
			508	299
			508	298
			508	297
			508	296
			508	295
			508	294
			508	293
			508	292
			507	291
			507	290
			507	289
			507	288
			507	287
			507	286
			507	285
			507	284
			506	283
			506	282
			506	281
			506	280
			506	279
			506	278
			506	277
			505	276
			505	275
			505	274
			505	273
			505	272
			504	271
			504	270
			504	269
			504	268
			503	267
			503	266
			503	265
			503	264
			503	263
			502	262
			502	261
			502	260
			501	259
			501	258
			501	257
			500	256
			500	255
			500	254
			499	253
			499	252
			499	251
			498	250
			498	249
			497	248
			497	247
			496	246
			496	245
			496	244
			495	243
			495	242
			494	241
			494	240
			493	239
			493	238
			493	237
			492	236
			492	235
			491	234
			491	233
			490	232
			490	231
			490	230
			489	229
			489	228
			488	227
			488	226
			487	225
			487	224
			487	223
			486	222
			486	221
			486	220
			485	220
			485	219
			485	218
			484	217
			484	216
			483	215
			483	214
			483	213
			482	212
			482	211
			481	210
			481	209
			481	208
			480	207
			480	206
			479	205
			479	204
			478	203
			478	202
		</posterior>
	</curves.pixel>
	<curves.scaled type=list>
		<glabella type=matrix rownames=FALSE colnames=FALSE nrow=238 ncol=2 as.numeric=TRUE >
			3.82135149559487	-0.239666644323023
			3.83466630916837	-0.239666644323023
			3.84798112274187	-0.239666644323023
			3.86129593631538	-0.239666644323023
			3.87461074988888	-0.252981457896525
			3.88792556346238	-0.252981457896525
			3.90124037703588	-0.252981457896525
			3.91455519060938	-0.252981457896525
			3.92787000418288	-0.252981457896525
			3.94118481775638	-0.266296271470026
			3.95449963132989	-0.266296271470026
			3.96781444490339	-0.266296271470026
			3.98112925847689	-0.266296271470026
			3.99444407205039	-0.266296271470026
			4.00775888562389	-0.279611085043527
			4.02107369919739	-0.279611085043527
			4.03438851277089	-0.279611085043527
			4.04770332634439	-0.292925898617029
			4.0610181399179	-0.292925898617029
			4.0743329534914	-0.292925898617029
			4.0876477670649	-0.30624071219053
			4.1009625806384	-0.30624071219053
			4.1142773942119	-0.30624071219053
			4.1275922077854	-0.30624071219053
			4.1275922077854	-0.319555525764031
			4.1409070213589	-0.319555525764031
			4.1542218349324	-0.319555525764031
			4.16753664850591	-0.332870339337532
			4.18085146207941	-0.332870339337532
			4.19416627565291	-0.346185152911034
			4.20748108922641	-0.346185152911034
			4.22079590279991	-0.346185152911034
			4.23411071637341	-0.359499966484535
			4.24742552994691	-0.359499966484535
			4.26074034352041	-0.372814780058036
			4.27405515709392	-0.372814780058036
			4.28736997066742	-0.386129593631538
			4.30068478424092	-0.386129593631538
			4.31399959781442	-0.399444407205039
			4.32731441138792	-0.41275922077854
			4.34062922496142	-0.41275922077854
			4.35394403853492	-0.426074034352041
			4.36725885210843	-0.426074034352041
			4.38057366568193	-0.439388847925543
			4.39388847925543	-0.439388847925543
			4.40720329282893	-0.452703661499044
			4.42051810640243	-0.466018475072545
			4.43383291997593	-0.466018475072545
			4.44714773354943	-0.479333288646047
			4.46046254712293	-0.492648102219548
			4.47377736069644	-0.492648102219548
			4.48709217426994	-0.505962915793049
			4.50040698784344	-0.519277729366551
			4.51372180141694	-0.519277729366551
			4.52703661499044	-0.532592542940052
			4.54035142856394	-0.545907356513553
			4.55366624213744	-0.559222170087054
			4.56698105571094	-0.559222170087054
			4.58029586928445	-0.572536983660556
			4.59361068285795	-0.585851797234057
			4.59361068285795	-0.599166610807558
			4.60692549643145	-0.61248142438106
			4.62024031000495	-0.61248142438106
			4.63355512357845	-0.625796237954561
			4.64686993715195	-0.639111051528062
			4.66018475072545	-0.652425865101564
			4.67349956429895	-0.665740678675065
			4.68681437787246	-0.679055492248566
			4.70012919144596	-0.692370305822067
			4.71344400501946	-0.705685119395569
			4.72675881859296	-0.71899993296907
			4.74007363216646	-0.732314746542571
			4.74007363216646	-0.745629560116073
			4.75338844573996	-0.745629560116073
			4.76670325931346	-0.758944373689574
			4.76670325931346	-0.772259187263075
			4.78001807288697	-0.785574000836576
			4.79333288646047	-0.798888814410078
			4.80664770003397	-0.812203627983579
			4.81996251360747	-0.82551844155708
			4.81996251360747	-0.838833255130582
			4.83327732718097	-0.852148068704083
			4.84659214075447	-0.865462882277584
			4.84659214075447	-0.878777695851086
			4.85990695432797	-0.892092509424587
			4.87322176790147	-0.905407322998088
			4.87322176790147	-0.91872213657159
			4.88653658147498	-0.932036950145091
			4.89985139504848	-0.932036950145091
			4.89985139504848	-0.945351763718592
			4.91316620862198	-0.958666577292093
			4.92648102219548	-0.971981390865595
			4.92648102219548	-0.985296204439096
			4.93979583576898	-0.998611018012597
			4.93979583576898	-1.0119258315861
			4.95311064934248	-1.0252406451596
			4.96642546291598	-1.0385554587331
			4.96642546291598	-1.0518702723066
			4.97974027648949	-1.0651850858801
			4.97974027648949	-1.07849989945361
			4.99305509006299	-1.09181471302711
			4.99305509006299	-1.10512952660061
			5.00636990363649	-1.11844434017411
			5.00636990363649	-1.13175915374761
			5.01968471720999	-1.14507396732111
			5.01968471720999	-1.15838878089461
			5.00636990363649	-1.17170359446811
			5.00636990363649	-1.18501840804162
			4.99305509006299	-1.19833322161512
			4.99305509006299	-1.21164803518862
			4.99305509006299	-1.22496284876212
			4.97974027648949	-1.23827766233562
			4.97974027648949	-1.25159247590912
			4.97974027648949	-1.26490728948262
			4.96642546291598	-1.27822210305612
			4.96642546291598	-1.29153691662963
			4.95311064934248	-1.30485173020313
			4.95311064934248	-1.31816654377663
			4.95311064934248	-1.33148135735013
			4.93979583576898	-1.34479617092363
			4.93979583576898	-1.35811098449713
			4.92648102219548	-1.37142579807063
			4.92648102219548	-1.38474061164413
			4.91316620862198	-1.39805542521764
			4.91316620862198	-1.41137023879114
			4.91316620862198	-1.42468505236464
			4.89985139504848	-1.43799986593814
			4.89985139504848	-1.45131467951164
			4.89985139504848	-1.46462949308514
			4.88653658147498	-1.46462949308514
			4.88653658147498	-1.47794430665864
			4.88653658147498	-1.49125912023215
			4.87322176790147	-1.50457393380565
			4.87322176790147	-1.51788874737915
			4.87322176790147	-1.53120356095265
			4.85990695432797	-1.54451837452615
			4.85990695432797	-1.55783318809965
			4.84659214075447	-1.57114800167315
			4.84659214075447	-1.58446281524665
			4.84659214075447	-1.59777762882016
			4.83327732718097	-1.61109244239366
			4.83327732718097	-1.62440725596716
			4.81996251360747	-1.63772206954066
			4.81996251360747	-1.65103688311416
			4.81996251360747	-1.66435169668766
			4.80664770003397	-1.67766651026116
			4.80664770003397	-1.69098132383466
			4.79333288646047	-1.70429613740817
			4.79333288646047	-1.71761095098167
			4.79333288646047	-1.73092576455517
			4.78001807288697	-1.74424057812867
			4.78001807288697	-1.75755539170217
			4.76670325931346	-1.77087020527567
			4.76670325931346	-1.78418501884917
			4.75338844573996	-1.79749983242267
			4.75338844573996	-1.81081464599618
			4.75338844573996	-1.82412945956968
			4.74007363216646	-1.83744427314318
			4.74007363216646	-1.85075908671668
			4.72675881859296	-1.86407390029018
			4.72675881859296	-1.87738871386368
			4.72675881859296	-1.89070352743718
			4.71344400501946	-1.90401834101069
			4.71344400501946	-1.91733315458419
			4.70012919144596	-1.93064796815769
			4.70012919144596	-1.94396278173119
			4.70012919144596	-1.95727759530469
			4.68681437787246	-1.97059240887819
			4.68681437787246	-1.98390722245169
			4.67349956429895	-1.99722203602519
			4.67349956429895	-2.0105368495987
			4.67349956429895	-2.0238516631722
			4.66018475072545	-2.0371664767457
			4.66018475072545	-2.0504812903192
			4.64686993715195	-2.0637961038927
			4.64686993715195	-2.0771109174662
			4.64686993715195	-2.0904257310397
			4.63355512357845	-2.1037405446132
			4.63355512357845	-2.11705535818671
			4.62024031000495	-2.13037017176021
			4.62024031000495	-2.14368498533371
			4.62024031000495	-2.15699979890721
			4.60692549643145	-2.17031461248071
			4.60692549643145	-2.18362942605421
			4.59361068285795	-2.19694423962771
			4.59361068285795	-2.21025905320122
			4.59361068285795	-2.22357386677472
			4.58029586928445	-2.23688868034822
			4.58029586928445	-2.25020349392172
			4.56698105571094	-2.26351830749522
			4.56698105571094	-2.27683312106872
			4.56698105571094	-2.29014793464222
			4.55366624213744	-2.30346274821572
			4.55366624213744	-2.31677756178923
			4.54035142856394	-2.33009237536273
			4.54035142856394	-2.34340718893623
			4.52703661499044	-2.35672200250973
			4.52703661499044	-2.37003681608323
			4.52703661499044	-2.38335162965673
			4.51372180141694	-2.39666644323023
			4.51372180141694	-2.40998125680373
			4.50040698784344	-2.42329607037724
			4.50040698784344	-2.43661088395074
			4.48709217426994	-2.44992569752424
			4.48709217426994	-2.46324051109774
			4.48709217426994	-2.47655532467124
			4.47377736069644	-2.48987013824474
			4.47377736069644	-2.50318495181824
			4.46046254712293	-2.51649976539175
			4.46046254712293	-2.52981457896525
			4.44714773354943	-2.54312939253875
			4.44714773354943	-2.55644420611225
			4.44714773354943	-2.56975901968575
			4.43383291997593	-2.58307383325925
			4.43383291997593	-2.59638864683275
			4.42051810640243	-2.60970346040625
			4.42051810640243	-2.62301827397976
			4.42051810640243	-2.63633308755326
			4.43383291997593	-2.64964790112676
			4.43383291997593	-2.66296271470026
			4.43383291997593	-2.67627752827376
			4.44714773354943	-2.67627752827376
			4.44714773354943	-2.68959234184726
			4.44714773354943	-2.70290715542076
			4.44714773354943	-2.71622196899426
			4.44714773354943	-2.72953678256777
			4.44714773354943	-2.74285159614127
			4.44714773354943	-2.75616640971477
			4.44714773354943	-2.76948122328827
			4.44714773354943	-2.78279603686177
			4.44714773354943	-2.79611085043527
			4.43383291997593	-2.80942566400877
			4.43383291997593	-2.82274047758228
			4.42051810640243	-2.83605529115578
			4.40720329282893	-2.84937010472928
			4.39388847925543	-2.86268491830278
			4.39388847925543	-2.87599973187628
			4.38057366568193	-2.87599973187628
		</glabella>
		<suture type=matrix rownames=FALSE colnames=FALSE nrow=339 ncol=2 as.numeric=TRUE >
			3.82135149559487	-0.186407390029018
			3.83466630916837	-0.199722203602519
			3.84798112274187	-0.199722203602519
			3.86129593631538	-0.199722203602519
			3.87461074988888	-0.199722203602519
			3.87461074988888	-0.213037017176021
			3.88792556346238	-0.213037017176021
			3.90124037703588	-0.213037017176021
			3.91455519060938	-0.226351830749522
			3.92787000418288	-0.226351830749522
			3.94118481775638	-0.239666644323023
			3.95449963132989	-0.239666644323023
			3.96781444490339	-0.252981457896525
			3.98112925847689	-0.252981457896525
			3.99444407205039	-0.252981457896525
			3.99444407205039	-0.266296271470026
			4.00775888562389	-0.266296271470026
			4.02107369919739	-0.266296271470026
			4.03438851277089	-0.279611085043527
			4.04770332634439	-0.279611085043527
			4.0610181399179	-0.292925898617029
			4.0743329534914	-0.292925898617029
			4.0876477670649	-0.30624071219053
			4.1009625806384	-0.30624071219053
			4.1142773942119	-0.319555525764031
			4.1275922077854	-0.319555525764031
			4.1409070213589	-0.332870339337532
			4.1542218349324	-0.332870339337532
			4.16753664850591	-0.346185152911034
			4.18085146207941	-0.346185152911034
			4.19416627565291	-0.359499966484535
			4.20748108922641	-0.359499966484535
			4.22079590279991	-0.372814780058036
			4.23411071637341	-0.372814780058036
			4.24742552994691	-0.372814780058036
			4.26074034352041	-0.386129593631538
			4.27405515709392	-0.386129593631538
			4.28736997066742	-0.399444407205039
			4.30068478424092	-0.399444407205039
			4.30068478424092	-0.41275922077854
			4.31399959781442	-0.41275922077854
			4.32731441138792	-0.426074034352041
			4.34062922496142	-0.426074034352041
			4.35394403853492	-0.439388847925543
			4.36725885210843	-0.439388847925543
			4.38057366568193	-0.452703661499044
			4.39388847925543	-0.452703661499044
			4.39388847925543	-0.466018475072545
			4.40720329282893	-0.466018475072545
			4.42051810640243	-0.479333288646047
			4.43383291997593	-0.479333288646047
			4.44714773354943	-0.492648102219548
			4.46046254712293	-0.492648102219548
			4.46046254712293	-0.505962915793049
			4.47377736069644	-0.505962915793049
			4.48709217426994	-0.519277729366551
			4.50040698784344	-0.519277729366551
			4.51372180141694	-0.532592542940052
			4.52703661499044	-0.545907356513553
			4.54035142856394	-0.545907356513553
			4.55366624213744	-0.559222170087054
			4.56698105571094	-0.559222170087054
			4.58029586928445	-0.572536983660556
			4.59361068285795	-0.585851797234057
			4.60692549643145	-0.585851797234057
			4.62024031000495	-0.599166610807558
			4.63355512357845	-0.61248142438106
			4.64686993715195	-0.625796237954561
			4.66018475072545	-0.639111051528062
			4.67349956429895	-0.639111051528062
			4.68681437787246	-0.652425865101564
			4.70012919144596	-0.665740678675065
			4.71344400501946	-0.665740678675065
			4.72675881859296	-0.679055492248566
			4.74007363216646	-0.692370305822067
			4.75338844573996	-0.705685119395569
			4.76670325931346	-0.705685119395569
			4.78001807288697	-0.71899993296907
			4.79333288646047	-0.732314746542571
			4.80664770003397	-0.745629560116073
			4.81996251360747	-0.745629560116073
			4.81996251360747	-0.758944373689574
			4.83327732718097	-0.772259187263075
			4.84659214075447	-0.785574000836576
			4.85990695432797	-0.785574000836576
			4.87322176790147	-0.798888814410078
			4.87322176790147	-0.812203627983579
			4.88653658147498	-0.82551844155708
			4.89985139504848	-0.838833255130582
			4.91316620862198	-0.838833255130582
			4.91316620862198	-0.852148068704083
			4.92648102219548	-0.865462882277584
			4.93979583576898	-0.878777695851086
			4.95311064934248	-0.878777695851086
			4.95311064934248	-0.892092509424587
			4.96642546291598	-0.905407322998088
			4.97974027648949	-0.91872213657159
			4.99305509006299	-0.932036950145091
			5.00636990363649	-0.945351763718592
			5.00636990363649	-0.958666577292093
			5.01968471720999	-0.971981390865595
			5.03299953078349	-0.985296204439096
			5.04631434435699	-0.998611018012597
			5.04631434435699	-1.0119258315861
			5.05962915793049	-1.0252406451596
			5.05962915793049	-1.0385554587331
			5.07294397150399	-1.0518702723066
			5.0862587850775	-1.0651850858801
			5.0862587850775	-1.07849989945361
			5.099573598651	-1.09181471302711
			5.099573598651	-1.10512952660061
			5.1128884122245	-1.11844434017411
			5.1128884122245	-1.13175915374761
			5.126203225798	-1.14507396732111
			5.126203225798	-1.15838878089461
			5.1128884122245	-1.17170359446811
			5.1128884122245	-1.18501840804162
			5.099573598651	-1.19833322161512
			5.099573598651	-1.21164803518862
			5.0862587850775	-1.22496284876212
			5.0862587850775	-1.23827766233562
			5.07294397150399	-1.25159247590912
			5.07294397150399	-1.26490728948262
			5.07294397150399	-1.27822210305612
			5.07294397150399	-1.29153691662963
			5.05962915793049	-1.30485173020313
			5.05962915793049	-1.31816654377663
			5.05962915793049	-1.33148135735013
			5.07294397150399	-1.34479617092363
			5.07294397150399	-1.35811098449713
			5.0862587850775	-1.37142579807063
			5.099573598651	-1.38474061164413
			5.1128884122245	-1.39805542521764
			5.126203225798	-1.39805542521764
			5.1395180393715	-1.39805542521764
			5.152832852945	-1.39805542521764
			5.1661476665185	-1.39805542521764
			5.179462480092	-1.39805542521764
			5.19277729366551	-1.39805542521764
			5.20609210723901	-1.39805542521764
			5.21940692081251	-1.39805542521764
			5.23272173438601	-1.39805542521764
			5.24603654795951	-1.39805542521764
			5.25935136153301	-1.41137023879114
			5.27266617510651	-1.41137023879114
			5.28598098868001	-1.41137023879114
			5.29929580225352	-1.41137023879114
			5.31261061582702	-1.41137023879114
			5.32592542940052	-1.42468505236464
			5.33924024297402	-1.42468505236464
			5.35255505654752	-1.43799986593814
			5.36586987012102	-1.43799986593814
			5.37918468369452	-1.43799986593814
			5.39249949726802	-1.45131467951164
			5.40581431084153	-1.45131467951164
			5.41912912441503	-1.45131467951164
			5.41912912441503	-1.46462949308514
			5.43244393798853	-1.46462949308514
			5.44575875156203	-1.46462949308514
			5.45907356513553	-1.47794430665864
			5.47238837870903	-1.49125912023215
			5.48570319228253	-1.49125912023215
			5.49901800585604	-1.50457393380565
			5.51233281942954	-1.51788874737915
			5.52564763300304	-1.53120356095265
			5.53896244657654	-1.54451837452615
			5.55227726015004	-1.55783318809965
			5.56559207372354	-1.57114800167315
			5.56559207372354	-1.58446281524665
			5.57890688729704	-1.59777762882016
			5.57890688729704	-1.61109244239366
			5.57890688729704	-1.62440725596716
			5.57890688729704	-1.63772206954066
			5.57890688729704	-1.65103688311416
			5.57890688729704	-1.66435169668766
			5.57890688729704	-1.67766651026116
			5.57890688729704	-1.69098132383466
			5.57890688729704	-1.70429613740817
			5.57890688729704	-1.71761095098167
			5.57890688729704	-1.73092576455517
			5.57890688729704	-1.74424057812867
			5.56559207372354	-1.75755539170217
			5.56559207372354	-1.77087020527567
			5.56559207372354	-1.78418501884917
			5.55227726015004	-1.79749983242267
			5.55227726015004	-1.81081464599618
			5.53896244657654	-1.82412945956968
			5.53896244657654	-1.83744427314318
			5.52564763300304	-1.85075908671668
			5.52564763300304	-1.86407390029018
			5.51233281942954	-1.87738871386368
			5.49901800585604	-1.89070352743718
			5.48570319228253	-1.90401834101069
			5.48570319228253	-1.91733315458419
			5.47238837870903	-1.93064796815769
			5.47238837870903	-1.94396278173119
			5.45907356513553	-1.95727759530469
			5.44575875156203	-1.97059240887819
			5.43244393798853	-1.98390722245169
			5.41912912441503	-1.99722203602519
			5.40581431084153	-2.0105368495987
			5.40581431084153	-2.0238516631722
			5.39249949726802	-2.0371664767457
			5.37918468369452	-2.0504812903192
			5.36586987012102	-2.0637961038927
			5.35255505654752	-2.0771109174662
			5.33924024297402	-2.0904257310397
			5.32592542940052	-2.1037405446132
			5.31261061582702	-2.11705535818671
			5.29929580225352	-2.13037017176021
			5.28598098868001	-2.14368498533371
			5.27266617510651	-2.15699979890721
			5.27266617510651	-2.17031461248071
			5.25935136153301	-2.17031461248071
			5.24603654795951	-2.18362942605421
			5.23272173438601	-2.19694423962771
			5.21940692081251	-2.21025905320122
			5.20609210723901	-2.21025905320122
			5.19277729366551	-2.21025905320122
			5.179462480092	-2.21025905320122
			5.1661476665185	-2.21025905320122
			5.152832852945	-2.21025905320122
			5.1395180393715	-2.21025905320122
			5.126203225798	-2.21025905320122
			5.1128884122245	-2.21025905320122
			5.099573598651	-2.21025905320122
			5.0862587850775	-2.21025905320122
			5.07294397150399	-2.21025905320122
			5.05962915793049	-2.21025905320122
			5.04631434435699	-2.21025905320122
			5.03299953078349	-2.21025905320122
			5.01968471720999	-2.21025905320122
			5.01968471720999	-2.22357386677472
			5.00636990363649	-2.22357386677472
			4.99305509006299	-2.22357386677472
			4.97974027648949	-2.22357386677472
			4.96642546291598	-2.23688868034822
			4.95311064934248	-2.23688868034822
			4.95311064934248	-2.25020349392172
			4.93979583576898	-2.26351830749522
			4.93979583576898	-2.27683312106872
			4.93979583576898	-2.29014793464222
			4.93979583576898	-2.30346274821572
			4.93979583576898	-2.31677756178923
			4.95311064934248	-2.33009237536273
			4.95311064934248	-2.34340718893623
			4.96642546291598	-2.35672200250973
			4.97974027648949	-2.37003681608323
			4.99305509006299	-2.37003681608323
			4.99305509006299	-2.38335162965673
			5.00636990363649	-2.39666644323023
			5.01968471720999	-2.40998125680373
			5.03299953078349	-2.40998125680373
			5.04631434435699	-2.40998125680373
			5.05962915793049	-2.40998125680373
			5.07294397150399	-2.42329607037724
			5.0862587850775	-2.42329607037724
			5.099573598651	-2.42329607037724
			5.1128884122245	-2.42329607037724
			5.126203225798	-2.42329607037724
			5.1395180393715	-2.42329607037724
			5.152832852945	-2.42329607037724
			5.1661476665185	-2.42329607037724
			5.179462480092	-2.42329607037724
			5.19277729366551	-2.42329607037724
			5.20609210723901	-2.42329607037724
			5.21940692081251	-2.42329607037724
			5.23272173438601	-2.42329607037724
			5.24603654795951	-2.42329607037724
			5.25935136153301	-2.42329607037724
			5.27266617510651	-2.42329607037724
			5.28598098868001	-2.42329607037724
			5.29929580225352	-2.42329607037724
			5.31261061582702	-2.42329607037724
			5.32592542940052	-2.42329607037724
			5.33924024297402	-2.42329607037724
			5.35255505654752	-2.42329607037724
			5.36586987012102	-2.42329607037724
			5.37918468369452	-2.42329607037724
			5.39249949726802	-2.42329607037724
			5.40581431084153	-2.42329607037724
			5.41912912441503	-2.42329607037724
			5.43244393798853	-2.42329607037724
			5.44575875156203	-2.42329607037724
			5.45907356513553	-2.42329607037724
			5.47238837870903	-2.40998125680373
			5.48570319228253	-2.40998125680373
			5.49901800585604	-2.40998125680373
			5.51233281942954	-2.40998125680373
			5.52564763300304	-2.40998125680373
			5.53896244657654	-2.40998125680373
			5.55227726015004	-2.40998125680373
			5.56559207372354	-2.40998125680373
			5.57890688729704	-2.39666644323023
			5.59222170087055	-2.39666644323023
			5.60553651444405	-2.39666644323023
			5.61885132801755	-2.39666644323023
			5.63216614159105	-2.39666644323023
			5.64548095516455	-2.38335162965673
			5.65879576873805	-2.38335162965673
			5.67211058231155	-2.38335162965673
			5.68542539588505	-2.38335162965673
			5.69874020945856	-2.38335162965673
			5.71205502303206	-2.37003681608323
			5.72536983660556	-2.37003681608323
			5.73868465017906	-2.37003681608323
			5.75199946375256	-2.37003681608323
			5.76531427732606	-2.35672200250973
			5.77862909089956	-2.35672200250973
			5.79194390447306	-2.35672200250973
			5.80525871804657	-2.34340718893623
			5.81857353162007	-2.34340718893623
			5.83188834519357	-2.34340718893623
			5.84520315876707	-2.34340718893623
			5.85851797234057	-2.33009237536273
			5.87183278591407	-2.33009237536273
			5.88514759948757	-2.33009237536273
			5.89846241306107	-2.31677756178923
			5.91177722663458	-2.31677756178923
			5.92509204020808	-2.31677756178923
			5.93840685378158	-2.30346274821572
			5.95172166735508	-2.30346274821572
			5.96503648092858	-2.29014793464222
			5.97835129450208	-2.29014793464222
			5.99166610807558	-2.29014793464222
			6.00498092164908	-2.27683312106872
			6.01829573522259	-2.27683312106872
			6.03161054879609	-2.26351830749522
			6.04492536236959	-2.26351830749522
			6.05824017594309	-2.25020349392172
			6.07155498951659	-2.25020349392172
			6.08486980309009	-2.25020349392172
			6.09818461666359	-2.23688868034822
			6.1114994302371	-2.23688868034822
			6.1248142438106	-2.22357386677472
			6.1381290573841	-2.21025905320122
			6.1514438709576	-2.21025905320122
			6.1647586845311	-2.21025905320122
			6.1780734981046	-2.19694423962771
		</suture>
		<anterior type=matrix rownames=FALSE colnames=FALSE nrow=247 ncol=2 as.numeric=TRUE >
			3.84798112274187	-0.119833322161512
			3.86129593631538	-0.119833322161512
			3.87461074988888	-0.119833322161512
			3.88792556346238	-0.119833322161512
			3.90124037703588	-0.119833322161512
			3.91455519060938	-0.119833322161512
			3.92787000418288	-0.119833322161512
			3.94118481775638	-0.119833322161512
			3.95449963132989	-0.119833322161512
			3.96781444490339	-0.119833322161512
			3.98112925847689	-0.119833322161512
			3.99444407205039	-0.119833322161512
			4.00775888562389	-0.133148135735013
			4.02107369919739	-0.133148135735013
			4.03438851277089	-0.146462949308514
			4.04770332634439	-0.146462949308514
			4.0610181399179	-0.159777762882016
			4.0743329534914	-0.159777762882016
			4.0743329534914	-0.173092576455517
			4.0876477670649	-0.173092576455517
			4.1009625806384	-0.186407390029018
			4.1142773942119	-0.199722203602519
			4.1142773942119	-0.213037017176021
			4.1275922077854	-0.226351830749522
			4.1409070213589	-0.226351830749522
			4.1409070213589	-0.239666644323023
			4.1542218349324	-0.252981457896525
			4.1542218349324	-0.266296271470026
			4.16753664850591	-0.279611085043527
			4.18085146207941	-0.292925898617029
			4.19416627565291	-0.292925898617029
			4.20748108922641	-0.30624071219053
			4.22079590279991	-0.30624071219053
			4.23411071637341	-0.319555525764031
			4.24742552994691	-0.332870339337532
			4.26074034352041	-0.332870339337532
			4.27405515709392	-0.346185152911034
			4.28736997066742	-0.359499966484535
			4.30068478424092	-0.359499966484535
			4.31399959781442	-0.372814780058036
			4.32731441138792	-0.372814780058036
			4.34062922496142	-0.386129593631538
			4.35394403853492	-0.386129593631538
			4.36725885210843	-0.399444407205039
			4.38057366568193	-0.41275922077854
			4.39388847925543	-0.41275922077854
			4.40720329282893	-0.426074034352041
			4.42051810640243	-0.439388847925543
			4.43383291997593	-0.439388847925543
			4.44714773354943	-0.452703661499044
			4.46046254712293	-0.452703661499044
			4.47377736069644	-0.466018475072545
			4.48709217426994	-0.479333288646047
			4.50040698784344	-0.479333288646047
			4.50040698784344	-0.492648102219548
			4.51372180141694	-0.492648102219548
			4.52703661499044	-0.505962915793049
			4.54035142856394	-0.519277729366551
			4.55366624213744	-0.519277729366551
			4.56698105571094	-0.532592542940052
			4.58029586928445	-0.545907356513553
			4.59361068285795	-0.545907356513553
			4.60692549643145	-0.559222170087054
			4.62024031000495	-0.572536983660556
			4.63355512357845	-0.572536983660556
			4.64686993715195	-0.585851797234057
			4.66018475072545	-0.599166610807558
			4.67349956429895	-0.599166610807558
			4.68681437787246	-0.61248142438106
			4.70012919144596	-0.61248142438106
			4.71344400501946	-0.625796237954561
			4.71344400501946	-0.639111051528062
			4.72675881859296	-0.639111051528062
			4.74007363216646	-0.652425865101564
			4.75338844573996	-0.665740678675065
			4.76670325931346	-0.665740678675065
			4.78001807288697	-0.679055492248566
			4.79333288646047	-0.692370305822067
			4.80664770003397	-0.692370305822067
			4.81996251360747	-0.705685119395569
			4.83327732718097	-0.71899993296907
			4.84659214075447	-0.71899993296907
			4.85990695432797	-0.732314746542571
			4.87322176790147	-0.745629560116073
			4.88653658147498	-0.745629560116073
			4.88653658147498	-0.758944373689574
			4.89985139504848	-0.772259187263075
			4.91316620862198	-0.785574000836576
			4.92648102219548	-0.785574000836576
			4.93979583576898	-0.798888814410078
			4.95311064934248	-0.812203627983579
			4.96642546291598	-0.812203627983579
			4.97974027648949	-0.82551844155708
			4.99305509006299	-0.838833255130582
			5.00636990363649	-0.838833255130582
			5.01968471720999	-0.852148068704083
			5.01968471720999	-0.865462882277584
			5.03299953078349	-0.865462882277584
			5.04631434435699	-0.878777695851086
			5.05962915793049	-0.892092509424587
			5.07294397150399	-0.905407322998088
			5.0862587850775	-0.905407322998088
			5.099573598651	-0.91872213657159
			5.1128884122245	-0.932036950145091
			5.126203225798	-0.932036950145091
			5.1395180393715	-0.945351763718592
			5.1395180393715	-0.958666577292093
			5.152832852945	-0.971981390865595
			5.1661476665185	-0.971981390865595
			5.179462480092	-0.985296204439096
			5.19277729366551	-0.998611018012597
			5.20609210723901	-1.0119258315861
			5.21940692081251	-1.0119258315861
			5.23272173438601	-1.0252406451596
			5.24603654795951	-1.0385554587331
			5.25935136153301	-1.0518702723066
			5.27266617510651	-1.0651850858801
			5.28598098868001	-1.07849989945361
			5.29929580225352	-1.09181471302711
			5.31261061582702	-1.09181471302711
			5.32592542940052	-1.10512952660061
			5.33924024297402	-1.11844434017411
			5.35255505654752	-1.13175915374761
			5.36586987012102	-1.14507396732111
			5.37918468369452	-1.14507396732111
			5.39249949726802	-1.15838878089461
			5.39249949726802	-1.17170359446811
			5.40581431084153	-1.17170359446811
			5.41912912441503	-1.18501840804162
			5.43244393798853	-1.19833322161512
			5.44575875156203	-1.21164803518862
			5.45907356513553	-1.22496284876212
			5.47238837870903	-1.23827766233562
			5.47238837870903	-1.25159247590912
			5.48570319228253	-1.26490728948262
			5.49901800585604	-1.27822210305612
			5.51233281942954	-1.29153691662963
			5.52564763300304	-1.30485173020313
			5.53896244657654	-1.31816654377663
			5.53896244657654	-1.33148135735013
			5.55227726015004	-1.34479617092363
			5.56559207372354	-1.35811098449713
			5.57890688729704	-1.37142579807063
			5.57890688729704	-1.38474061164413
			5.59222170087055	-1.38474061164413
			5.60553651444405	-1.39805542521764
			5.61885132801755	-1.41137023879114
			5.61885132801755	-1.42468505236464
			5.63216614159105	-1.43799986593814
			5.64548095516455	-1.45131467951164
			5.65879576873805	-1.46462949308514
			5.65879576873805	-1.47794430665864
			5.67211058231155	-1.49125912023215
			5.68542539588505	-1.50457393380565
			5.68542539588505	-1.51788874737915
			5.69874020945856	-1.51788874737915
			5.71205502303206	-1.53120356095265
			5.71205502303206	-1.54451837452615
			5.72536983660556	-1.55783318809965
			5.73868465017906	-1.57114800167315
			5.73868465017906	-1.58446281524665
			5.75199946375256	-1.59777762882016
			5.76531427732606	-1.61109244239366
			5.77862909089956	-1.62440725596716
			5.79194390447306	-1.63772206954066
			5.80525871804657	-1.65103688311416
			5.80525871804657	-1.66435169668766
			5.81857353162007	-1.67766651026116
			5.81857353162007	-1.69098132383466
			5.83188834519357	-1.69098132383466
			5.83188834519357	-1.70429613740817
			5.84520315876707	-1.71761095098167
			5.85851797234057	-1.73092576455517
			5.85851797234057	-1.74424057812867
			5.87183278591407	-1.75755539170217
			5.88514759948757	-1.77087020527567
			5.89846241306107	-1.78418501884917
			5.89846241306107	-1.79749983242267
			5.91177722663458	-1.81081464599618
			5.92509204020808	-1.82412945956968
			5.92509204020808	-1.83744427314318
			5.93840685378158	-1.85075908671668
			5.93840685378158	-1.86407390029018
			5.95172166735508	-1.87738871386368
			5.96503648092858	-1.87738871386368
			5.96503648092858	-1.89070352743718
			5.97835129450208	-1.90401834101069
			5.97835129450208	-1.91733315458419
			5.99166610807558	-1.93064796815769
			5.99166610807558	-1.94396278173119
			6.00498092164908	-1.94396278173119
			6.00498092164908	-1.95727759530469
			6.01829573522259	-1.97059240887819
			6.03161054879609	-1.98390722245169
			6.03161054879609	-1.99722203602519
			6.04492536236959	-2.0105368495987
			6.05824017594309	-2.0238516631722
			6.05824017594309	-2.0371664767457
			6.07155498951659	-2.0504812903192
			6.07155498951659	-2.0637961038927
			6.08486980309009	-2.0771109174662
			6.09818461666359	-2.0904257310397
			6.09818461666359	-2.1037405446132
			6.1114994302371	-2.11705535818671
			6.1114994302371	-2.13037017176021
			6.1248142438106	-2.14368498533371
			6.1248142438106	-2.15699979890721
			6.1381290573841	-2.17031461248071
			6.1381290573841	-2.18362942605421
			6.1514438709576	-2.19694423962771
			6.1514438709576	-2.21025905320122
			6.1647586845311	-2.22357386677472
			6.1780734981046	-2.23688868034822
			6.1780734981046	-2.25020349392172
			6.1913883116781	-2.26351830749522
			6.1913883116781	-2.27683312106872
			6.2047031252516	-2.29014793464222
			6.2047031252516	-2.30346274821572
			6.21801793882511	-2.31677756178923
			6.21801793882511	-2.33009237536273
			6.23133275239861	-2.34340718893623
			6.23133275239861	-2.35672200250973
			6.24464756597211	-2.37003681608323
			6.24464756597211	-2.38335162965673
			6.25796237954561	-2.39666644323023
			6.25796237954561	-2.40998125680373
			6.27127719311911	-2.42329607037724
			6.27127719311911	-2.43661088395074
			6.27127719311911	-2.44992569752424
			6.28459200669261	-2.46324051109774
			6.28459200669261	-2.47655532467124
			6.29790682026611	-2.48987013824474
			6.29790682026611	-2.50318495181824
			6.31122163383961	-2.51649976539175
			6.31122163383961	-2.52981457896525
			6.31122163383961	-2.54312939253875
			6.32453644741312	-2.55644420611225
			6.32453644741312	-2.56975901968575
			6.32453644741312	-2.58307383325925
			6.33785126098662	-2.59638864683275
			6.33785126098662	-2.60970346040625
			6.33785126098662	-2.62301827397976
			6.35116607456012	-2.63633308755326
			6.35116607456012	-2.64964790112676
			6.35116607456012	-2.66296271470026
			6.36448088813362	-2.67627752827376
			6.36448088813362	-2.68959234184726
		</anterior>
		<posterior type=matrix rownames=FALSE colnames=FALSE nrow=407 ncol=2 as.numeric=TRUE >
			3.60831447841885	-2.68959234184726
			3.62162929199235	-2.68959234184726
			3.63494410556585	-2.68959234184726
			3.64825891913936	-2.68959234184726
			3.66157373271286	-2.68959234184726
			3.67488854628636	-2.68959234184726
			3.68820335985986	-2.68959234184726
			3.70151817343336	-2.68959234184726
			3.71483298700686	-2.68959234184726
			3.72814780058036	-2.68959234184726
			3.74146261415386	-2.68959234184726
			3.75477742772737	-2.68959234184726
			3.76809224130087	-2.68959234184726
			3.78140705487437	-2.68959234184726
			3.79472186844787	-2.68959234184726
			3.80803668202137	-2.68959234184726
			3.82135149559487	-2.68959234184726
			3.83466630916837	-2.68959234184726
			3.84798112274187	-2.68959234184726
			3.86129593631538	-2.68959234184726
			3.87461074988888	-2.68959234184726
			3.88792556346238	-2.70290715542076
			3.90124037703588	-2.70290715542076
			3.91455519060938	-2.70290715542076
			3.92787000418288	-2.70290715542076
			3.94118481775638	-2.70290715542076
			3.95449963132989	-2.70290715542076
			3.96781444490339	-2.71622196899426
			3.98112925847689	-2.71622196899426
			3.99444407205039	-2.71622196899426
			4.00775888562389	-2.71622196899426
			4.02107369919739	-2.72953678256777
			4.03438851277089	-2.72953678256777
			4.04770332634439	-2.72953678256777
			4.0610181399179	-2.74285159614127
			4.0743329534914	-2.74285159614127
			4.0876477670649	-2.74285159614127
			4.1009625806384	-2.75616640971477
			4.1142773942119	-2.75616640971477
			4.1275922077854	-2.76948122328827
			4.1409070213589	-2.76948122328827
			4.1542218349324	-2.78279603686177
			4.16753664850591	-2.78279603686177
			4.18085146207941	-2.79611085043527
			4.19416627565291	-2.80942566400877
			4.20748108922641	-2.80942566400877
			4.22079590279991	-2.82274047758228
			4.23411071637341	-2.82274047758228
			4.24742552994691	-2.82274047758228
			4.26074034352041	-2.82274047758228
			4.27405515709392	-2.82274047758228
			4.28736997066742	-2.83605529115578
			4.30068478424092	-2.83605529115578
			4.31399959781442	-2.83605529115578
			4.32731441138792	-2.83605529115578
			4.34062922496142	-2.83605529115578
			4.35394403853492	-2.83605529115578
			4.36725885210843	-2.83605529115578
			4.38057366568193	-2.83605529115578
			4.39388847925543	-2.83605529115578
			4.40720329282893	-2.84937010472928
			4.42051810640243	-2.84937010472928
			4.43383291997593	-2.84937010472928
			4.44714773354943	-2.84937010472928
			4.46046254712293	-2.84937010472928
			4.47377736069644	-2.84937010472928
			4.48709217426994	-2.84937010472928
			4.50040698784344	-2.84937010472928
			4.51372180141694	-2.84937010472928
			4.52703661499044	-2.86268491830278
			4.54035142856394	-2.86268491830278
			4.55366624213744	-2.86268491830278
			4.56698105571094	-2.86268491830278
			4.58029586928445	-2.86268491830278
			4.59361068285795	-2.86268491830278
			4.60692549643145	-2.86268491830278
			4.62024031000495	-2.86268491830278
			4.63355512357845	-2.86268491830278
			4.64686993715195	-2.86268491830278
			4.66018475072545	-2.86268491830278
			4.67349956429895	-2.87599973187628
			4.68681437787246	-2.87599973187628
			4.70012919144596	-2.87599973187628
			4.71344400501946	-2.87599973187628
			4.72675881859296	-2.87599973187628
			4.74007363216646	-2.87599973187628
			4.75338844573996	-2.87599973187628
			4.76670325931346	-2.87599973187628
			4.78001807288697	-2.87599973187628
			4.79333288646047	-2.87599973187628
			4.80664770003397	-2.87599973187628
			4.81996251360747	-2.87599973187628
			4.81996251360747	-2.88931454544978
			4.83327732718097	-2.88931454544978
			4.84659214075447	-2.88931454544978
			4.85990695432797	-2.88931454544978
			4.87322176790147	-2.88931454544978
			4.88653658147498	-2.88931454544978
			4.89985139504848	-2.88931454544978
			4.91316620862198	-2.88931454544978
			4.92648102219548	-2.88931454544978
			4.93979583576898	-2.88931454544978
			4.95311064934248	-2.88931454544978
			4.96642546291598	-2.88931454544978
			4.97974027648949	-2.88931454544978
			4.99305509006299	-2.88931454544978
			5.00636990363649	-2.88931454544978
			5.01968471720999	-2.88931454544978
			5.03299953078349	-2.90262935902328
			5.04631434435699	-2.90262935902328
			5.05962915793049	-2.90262935902328
			5.07294397150399	-2.90262935902328
			5.0862587850775	-2.90262935902328
			5.099573598651	-2.90262935902328
			5.1128884122245	-2.90262935902328
			5.126203225798	-2.90262935902328
			5.1395180393715	-2.90262935902328
			5.152832852945	-2.90262935902328
			5.1661476665185	-2.90262935902328
			5.179462480092	-2.90262935902328
			5.19277729366551	-2.90262935902328
			5.20609210723901	-2.90262935902328
			5.21940692081251	-2.90262935902328
			5.23272173438601	-2.90262935902328
			5.24603654795951	-2.91594417259678
			5.25935136153301	-2.91594417259678
			5.27266617510651	-2.92925898617029
			5.28598098868001	-2.92925898617029
			5.29929580225352	-2.92925898617029
			5.31261061582702	-2.94257379974379
			5.32592542940052	-2.94257379974379
			5.33924024297402	-2.95588861331729
			5.35255505654752	-2.95588861331729
			5.36586987012102	-2.96920342689079
			5.37918468369452	-2.96920342689079
			5.39249949726802	-2.98251824046429
			5.40581431084153	-2.98251824046429
			5.41912912441503	-2.99583305403779
			5.43244393798853	-2.99583305403779
			5.43244393798853	-3.00914786761129
			5.44575875156203	-3.00914786761129
			5.45907356513553	-3.02246268118479
			5.47238837870903	-3.02246268118479
			5.48570319228253	-3.0357774947583
			5.49901800585604	-3.0357774947583
			5.51233281942954	-3.0490923083318
			5.52564763300304	-3.0490923083318
			5.53896244657654	-3.0624071219053
			5.55227726015004	-3.0624071219053
			5.56559207372354	-3.0757219354788
			5.56559207372354	-3.0890367490523
			5.57890688729704	-3.0890367490523
			5.59222170087055	-3.1023515626258
			5.60553651444405	-3.1023515626258
			5.61885132801755	-3.1156663761993
			5.63216614159105	-3.1156663761993
			5.64548095516455	-3.1289811897728
			5.65879576873805	-3.1289811897728
			5.65879576873805	-3.14229600334631
			5.67211058231155	-3.14229600334631
			5.68542539588505	-3.15561081691981
			5.69874020945856	-3.15561081691981
			5.71205502303206	-3.16892563049331
			5.72536983660556	-3.18224044406681
			5.73868465017906	-3.19555525764031
			5.75199946375256	-3.19555525764031
			5.76531427732606	-3.20887007121381
			5.77862909089956	-3.22218488478731
			5.79194390447306	-3.22218488478731
			5.80525871804657	-3.23549969836082
			5.81857353162007	-3.24881451193432
			5.83188834519357	-3.24881451193432
			5.84520315876707	-3.26212932550782
			5.85851797234057	-3.27544413908132
			5.87183278591407	-3.28875895265482
			5.88514759948757	-3.28875895265482
			5.89846241306107	-3.30207376622832
			5.91177722663458	-3.31538857980182
			5.92509204020808	-3.31538857980182
			5.93840685378158	-3.32870339337532
			5.95172166735508	-3.34201820694883
			5.95172166735508	-3.35533302052233
			5.96503648092858	-3.35533302052233
			5.97835129450208	-3.36864783409583
			5.99166610807558	-3.38196264766933
			6.00498092164908	-3.38196264766933
			6.01829573522259	-3.39527746124283
			6.03161054879609	-3.40859227481633
			6.04492536236959	-3.42190708838983
			6.05824017594309	-3.42190708838983
			6.05824017594309	-3.43522190196333
			6.07155498951659	-3.44853671553684
			6.08486980309009	-3.46185152911034
			6.09818461666359	-3.46185152911034
			6.1114994302371	-3.47516634268384
			6.1248142438106	-3.48848115625734
			6.1381290573841	-3.50179596983084
			6.1381290573841	-3.51511078340434
			6.1514438709576	-3.51511078340434
			6.1647586845311	-3.52842559697784
			6.1780734981046	-3.54174041055134
			6.1913883116781	-3.54174041055134
			6.2047031252516	-3.55505522412485
			6.21801793882511	-3.55505522412485
			6.23133275239861	-3.56837003769835
			6.24464756597211	-3.56837003769835
			6.25796237954561	-3.58168485127185
			6.27127719311911	-3.58168485127185
			6.28459200669261	-3.59499966484535
			6.29790682026611	-3.59499966484535
			6.31122163383961	-3.60831447841885
			6.32453644741312	-3.62162929199235
			6.33785126098662	-3.62162929199235
			6.33785126098662	-3.63494410556585
			6.35116607456012	-3.64825891913936
			6.36448088813362	-3.64825891913936
			6.37779570170712	-3.66157373271286
			6.39111051528062	-3.67488854628636
			6.40442532885412	-3.68820335985986
			6.41774014242763	-3.70151817343336
			6.43105495600113	-3.70151817343336
			6.44436976957463	-3.71483298700686
			6.45768458314813	-3.72814780058036
			6.47099939672163	-3.74146261415386
			6.48431421029513	-3.75477742772737
			6.49762902386863	-3.76809224130087
			6.51094383744213	-3.78140705487437
			6.52425865101564	-3.79472186844787
			6.53757346458914	-3.80803668202137
			6.55088827816264	-3.82135149559487
			6.55088827816264	-3.83466630916837
			6.55088827816264	-3.84798112274187
			6.56420309173614	-3.86129593631538
			6.56420309173614	-3.87461074988888
			6.56420309173614	-3.88792556346238
			6.57751790530964	-3.90124037703588
			6.57751790530964	-3.91455519060938
			6.57751790530964	-3.92787000418288
			6.57751790530964	-3.94118481775638
			6.59083271888314	-3.95449963132989
			6.59083271888314	-3.96781444490339
			6.59083271888314	-3.98112925847689
			6.60414753245664	-3.99444407205039
			6.60414753245664	-4.00775888562389
			6.60414753245664	-4.02107369919739
			6.61746234603014	-4.03438851277089
			6.61746234603014	-4.04770332634439
			6.61746234603014	-4.0610181399179
			6.63077715960365	-4.0743329534914
			6.63077715960365	-4.0876477670649
			6.63077715960365	-4.1009625806384
			6.64409197317715	-4.1009625806384
			6.64409197317715	-4.1142773942119
			6.64409197317715	-4.1275922077854
			6.65740678675065	-4.1409070213589
			6.65740678675065	-4.1542218349324
			6.65740678675065	-4.16753664850591
			6.67072160032415	-4.18085146207941
			6.67072160032415	-4.19416627565291
			6.67072160032415	-4.20748108922641
			6.68403641389765	-4.22079590279991
			6.68403641389765	-4.23411071637341
			6.69735122747115	-4.24742552994691
			6.69735122747115	-4.26074034352041
			6.71066604104465	-4.27405515709392
			6.71066604104465	-4.28736997066742
			6.72398085461815	-4.30068478424092
			6.72398085461815	-4.31399959781442
			6.72398085461815	-4.32731441138792
			6.73729566819166	-4.34062922496142
			6.73729566819166	-4.35394403853492
			6.75061048176516	-4.36725885210843
			6.75061048176516	-4.38057366568193
			6.76392529533866	-4.39388847925543
			6.76392529533866	-4.40720329282893
			6.77724010891216	-4.42051810640243
			6.77724010891216	-4.40720329282893
			6.77724010891216	-4.39388847925543
			6.77724010891216	-4.38057366568193
			6.77724010891216	-4.36725885210843
			6.77724010891216	-4.35394403853492
			6.77724010891216	-4.34062922496142
			6.77724010891216	-4.32731441138792
			6.77724010891216	-4.31399959781442
			6.77724010891216	-4.30068478424092
			6.77724010891216	-4.28736997066742
			6.77724010891216	-4.27405515709392
			6.77724010891216	-4.26074034352041
			6.77724010891216	-4.24742552994691
			6.77724010891216	-4.23411071637341
			6.77724010891216	-4.22079590279991
			6.77724010891216	-4.20748108922641
			6.77724010891216	-4.19416627565291
			6.77724010891216	-4.18085146207941
			6.77724010891216	-4.16753664850591
			6.77724010891216	-4.1542218349324
			6.77724010891216	-4.1409070213589
			6.77724010891216	-4.1275922077854
			6.77724010891216	-4.1142773942119
			6.77724010891216	-4.1009625806384
			6.77724010891216	-4.0876477670649
			6.77724010891216	-4.0743329534914
			6.77724010891216	-4.0610181399179
			6.77724010891216	-4.04770332634439
			6.76392529533866	-4.03438851277089
			6.76392529533866	-4.02107369919739
			6.76392529533866	-4.00775888562389
			6.76392529533866	-3.99444407205039
			6.76392529533866	-3.98112925847689
			6.76392529533866	-3.96781444490339
			6.76392529533866	-3.95449963132989
			6.76392529533866	-3.94118481775638
			6.76392529533866	-3.92787000418288
			6.76392529533866	-3.91455519060938
			6.76392529533866	-3.90124037703588
			6.76392529533866	-3.88792556346238
			6.75061048176516	-3.87461074988888
			6.75061048176516	-3.86129593631538
			6.75061048176516	-3.84798112274187
			6.75061048176516	-3.83466630916837
			6.75061048176516	-3.82135149559487
			6.75061048176516	-3.80803668202137
			6.75061048176516	-3.79472186844787
			6.75061048176516	-3.78140705487437
			6.73729566819166	-3.76809224130087
			6.73729566819166	-3.75477742772737
			6.73729566819166	-3.74146261415386
			6.73729566819166	-3.72814780058036
			6.73729566819166	-3.71483298700686
			6.73729566819166	-3.70151817343336
			6.73729566819166	-3.68820335985986
			6.72398085461815	-3.67488854628636
			6.72398085461815	-3.66157373271286
			6.72398085461815	-3.64825891913936
			6.72398085461815	-3.63494410556585
			6.72398085461815	-3.62162929199235
			6.71066604104465	-3.60831447841885
			6.71066604104465	-3.59499966484535
			6.71066604104465	-3.58168485127185
			6.71066604104465	-3.56837003769835
			6.69735122747115	-3.55505522412485
			6.69735122747115	-3.54174041055134
			6.69735122747115	-3.52842559697784
			6.69735122747115	-3.51511078340434
			6.69735122747115	-3.50179596983084
			6.68403641389765	-3.48848115625734
			6.68403641389765	-3.47516634268384
			6.68403641389765	-3.46185152911034
			6.67072160032415	-3.44853671553684
			6.67072160032415	-3.43522190196333
			6.67072160032415	-3.42190708838983
			6.65740678675065	-3.40859227481633
			6.65740678675065	-3.39527746124283
			6.65740678675065	-3.38196264766933
			6.64409197317715	-3.36864783409583
			6.64409197317715	-3.35533302052233
			6.64409197317715	-3.34201820694883
			6.63077715960365	-3.32870339337532
			6.63077715960365	-3.31538857980182
			6.61746234603014	-3.30207376622832
			6.61746234603014	-3.28875895265482
			6.60414753245664	-3.27544413908132
			6.60414753245664	-3.26212932550782
			6.60414753245664	-3.24881451193432
			6.59083271888314	-3.23549969836082
			6.59083271888314	-3.22218488478731
			6.57751790530964	-3.20887007121381
			6.57751790530964	-3.19555525764031
			6.56420309173614	-3.18224044406681
			6.56420309173614	-3.16892563049331
			6.56420309173614	-3.15561081691981
			6.55088827816264	-3.14229600334631
			6.55088827816264	-3.1289811897728
			6.53757346458914	-3.1156663761993
			6.53757346458914	-3.1023515626258
			6.52425865101564	-3.0890367490523
			6.52425865101564	-3.0757219354788
			6.52425865101564	-3.0624071219053
			6.51094383744213	-3.0490923083318
			6.51094383744213	-3.0357774947583
			6.49762902386863	-3.02246268118479
			6.49762902386863	-3.00914786761129
			6.48431421029513	-2.99583305403779
			6.48431421029513	-2.98251824046429
			6.48431421029513	-2.96920342689079
			6.47099939672163	-2.95588861331729
			6.47099939672163	-2.94257379974379
			6.47099939672163	-2.92925898617029
			6.45768458314813	-2.92925898617029
			6.45768458314813	-2.91594417259678
			6.45768458314813	-2.90262935902328
			6.44436976957463	-2.88931454544978
			6.44436976957463	-2.87599973187628
			6.43105495600113	-2.86268491830278
			6.43105495600113	-2.84937010472928
			6.43105495600113	-2.83605529115578
			6.41774014242763	-2.82274047758228
			6.41774014242763	-2.80942566400877
			6.40442532885412	-2.79611085043527
			6.40442532885412	-2.78279603686177
			6.40442532885412	-2.76948122328827
			6.39111051528062	-2.75616640971477
			6.39111051528062	-2.74285159614127
			6.37779570170712	-2.72953678256777
			6.37779570170712	-2.71622196899426
			6.36448088813362	-2.70290715542076
			6.36448088813362	-2.68959234184726
		</posterior>
	</curves.scaled>
	<ruler.points type=matrix rownames=TRUE colnames=FALSE nrow=2 ncol=2 as.numeric=TRUE >
		Ruler point 1	63	219
		Ruler point 2	491	228
	</ruler.points>
</shapes>

