<shapes type=list>
	<ruler.pixel type=vector names=FALSE length=1 as.numeric=TRUE >123</ruler.pixel>
	<ruler.interval type=vector names=FALSE length=1 as.numeric=TRUE >5</ruler.interval>
	<scaling.units type=vector names=FALSE length=1 as.numeric=FALSE >mm</scaling.units>
	<scaling type=vector names=FALSE length=1 as.numeric=TRUE >0.040650406504065</scaling>
	<landmarks.pixel type=matrix rownames=TRUE colnames=FALSE nrow=16 ncol=2 as.numeric=TRUE >
		LM1	207	58
		LM2	208	76
		LM3	202	254
		LM4	202	282
		LM5	281	191
		LM6	281	255
		LM7	268	277
		LM8	287	143
		LM9	295	244
		LM10	207	58
		LM11	296	256
		LM12	339	277
		LM13	207	58
		LM14	329	191
		LM15	374	282
		LM16	365	287
	</landmarks.pixel>
	<landmarks.scaled type=matrix rownames=TRUE colnames=FALSE nrow=16 ncol=2 as.numeric=TRUE >
		LM1	8.41463414634146	-2.35772357723577
		LM2	8.45528455284553	-3.08943089430894
		LM3	8.21138211382114	-10.3252032520325
		LM4	8.21138211382114	-11.4634146341463
		LM5	11.4227642276423	-7.76422764227642
		LM6	11.4227642276423	-10.3658536585366
		LM7	10.8943089430894	-11.260162601626
		LM8	11.6666666666667	-5.8130081300813
		LM9	11.9918699186992	-9.91869918699187
		LM10	8.41463414634146	-2.35772357723577
		LM11	12.0325203252033	-10.4065040650407
		LM12	13.780487804878	-11.260162601626
		LM13	8.41463414634146	-2.35772357723577
		LM14	13.3739837398374	-7.76422764227642
		LM15	15.2032520325203	-11.4634146341463
		LM16	14.8373983739837	-11.6666666666667
	</landmarks.scaled>
	<curves.control type=list>
		<glabella type=matrix rownames=FALSE colnames=FALSE nrow=13 ncol=2 as.numeric=TRUE >
			208	76
			256	85
			259	111
			272	130
			267	147
			272	177
			281	186
			280	210
			280	221
			290	246
			281	263
			277	270
			268	277
		</glabella>
		<suture type=matrix rownames=FALSE colnames=FALSE nrow=15 ncol=2 as.numeric=TRUE >
			207	58
			263	63
			294	93
			299	106
			289	129
			286	142
			283	152
			328	191
			295	222
			291	235
			295	249
			301	256
			311	261
			329	261
			339	277
		</suture>
		<anterior type=matrix rownames=FALSE colnames=FALSE nrow=15 ncol=2 as.numeric=TRUE >
			207	58
			241	62
			267	74
			301	94
			329	123
			360	157
			369	186
			379	215
			383	232
			390	252
			386	258
			380	272
			378	276
			377	279
			374	282
		</anterior>
		<posterior type=matrix rownames=FALSE colnames=FALSE nrow=13 ncol=2 as.numeric=TRUE >
			202	282
			232	283
			252	279
			266	273
			287	280
			310	281
			326	273
			343	278
			351	282
			353	285
			357	286
			365	288
			374	282
		</posterior>
	</curves.control>
	<curves.pixel type=list>
		<glabella type=matrix rownames=FALSE colnames=FALSE nrow=231 ncol=2 as.numeric=TRUE >
			208	76
			209	76
			210	76
			211	77
			212	77
			213	77
			214	77
			215	77
			216	78
			217	78
			218	78
			219	78
			220	79
			221	79
			222	79
			223	80
			224	80
			225	80
			226	81
			227	81
			228	81
			229	82
			230	82
			231	82
			232	83
			233	83
			234	83
			235	84
			236	84
			237	85
			238	85
			239	86
			240	86
			241	87
			242	87
			243	88
			244	89
			245	90
			246	90
			247	91
			248	92
			249	92
			249	93
			250	94
			251	94
			252	95
			252	96
			253	97
			254	97
			254	98
			255	99
			255	100
			256	101
			256	102
			257	103
			257	104
			258	105
			258	106
			258	107
			258	108
			259	108
			259	109
			259	110
			259	111
			260	112
			260	113
			261	114
			262	115
			262	116
			263	117
			263	118
			264	119
			264	120
			265	121
			265	122
			265	123
			266	124
			266	125
			267	126
			267	127
			267	128
			267	129
			268	130
			268	131
			268	132
			268	133
			268	134
			268	135
			268	136
			268	137
			268	138
			268	139
			268	140
			268	141
			268	142
			268	143
			268	144
			268	145
			267	146
			267	147
			267	148
			267	149
			267	150
			268	151
			268	152
			268	153
			268	154
			269	155
			269	156
			269	157
			269	158
			269	159
			270	160
			270	161
			270	162
			270	163
			271	164
			271	165
			271	166
			271	167
			272	168
			272	169
			272	170
			273	171
			273	172
			273	173
			274	174
			274	175
			275	176
			275	177
			276	178
			276	179
			277	180
			277	181
			278	182
			278	183
			279	184
			280	185
			281	186
			281	187
			281	188
			281	189
			281	190
			281	191
			281	192
			281	193
			281	194
			281	195
			281	196
			281	197
			281	198
			280	199
			280	200
			280	201
			280	202
			280	203
			280	204
			280	205
			280	206
			280	207
			280	208
			280	209
			280	210
			280	211
			280	212
			280	213
			280	214
			280	215
			280	216
			280	217
			280	218
			280	219
			280	220
			280	221
			281	222
			281	223
			281	224
			282	225
			282	226
			282	227
			283	228
			283	229
			283	230
			283	231
			284	232
			284	233
			284	234
			284	235
			284	236
			285	237
			285	238
			285	239
			285	240
			285	241
			285	242
			285	243
			285	244
			285	245
			285	246
			285	247
			285	248
			285	249
			285	250
			285	251
			285	252
			284	253
			284	254
			284	255
			284	256
			283	257
			283	258
			283	259
			282	260
			282	261
			281	262
			281	263
			281	264
			280	265
			279	266
			278	267
			278	268
			277	269
			276	270
			275	271
			274	272
			273	273
			272	273
			271	274
			270	275
			269	276
			268	277
		</glabella>
		<suture type=matrix rownames=FALSE colnames=FALSE nrow=311 ncol=2 as.numeric=TRUE >
			207	58
			208	58
			209	58
			210	58
			211	58
			212	58
			213	59
			214	59
			215	59
			216	59
			217	59
			218	59
			219	59
			220	60
			221	60
			222	60
			223	60
			224	60
			225	60
			226	61
			227	61
			228	61
			229	61
			230	61
			231	62
			232	62
			233	62
			234	62
			235	62
			236	63
			237	63
			238	63
			239	64
			240	64
			241	64
			242	64
			243	65
			244	65
			245	65
			246	65
			246	66
			247	66
			248	66
			249	66
			249	67
			250	67
			251	67
			252	67
			252	68
			253	68
			254	68
			255	68
			255	69
			256	69
			257	69
			257	70
			258	70
			259	70
			260	71
			261	71
			262	71
			263	72
			264	73
			265	73
			266	73
			267	74
			268	74
			269	75
			270	75
			271	76
			272	76
			273	77
			274	78
			275	79
			276	79
			277	80
			278	80
			279	81
			280	82
			281	82
			282	83
			283	84
			284	84
			284	85
			285	85
			286	86
			287	86
			287	87
			288	88
			289	88
			289	89
			290	89
			291	90
			292	91
			293	92
			294	93
			294	94
			295	95
			295	96
			295	97
			295	98
			295	99
			296	100
			296	101
			296	102
			296	103
			296	104
			296	105
			296	106
			295	107
			295	108
			295	109
			295	110
			295	111
			295	112
			294	113
			294	114
			294	115
			294	116
			293	117
			293	118
			293	119
			293	120
			292	120
			292	121
			292	122
			291	123
			291	124
			291	125
			290	126
			290	127
			289	128
			289	129
			289	130
			289	131
			288	132
			288	133
			288	134
			288	135
			287	136
			287	137
			287	138
			287	139
			286	140
			286	141
			286	142
			285	143
			285	144
			285	145
			285	146
			284	147
			284	148
			284	149
			284	150
			283	150
			283	151
			283	152
			284	153
			285	154
			286	154
			286	155
			287	156
			288	157
			289	157
			289	158
			290	159
			291	159
			291	160
			292	161
			293	161
			293	162
			294	163
			295	163
			295	164
			296	165
			296	166
			297	166
			298	167
			298	168
			299	168
			299	169
			300	170
			301	171
			301	172
			302	173
			302	174
			303	175
			304	176
			304	177
			305	178
			305	179
			306	180
			306	181
			307	182
			307	183
			307	184
			307	185
			308	186
			308	187
			308	188
			309	189
			309	190
			309	191
			309	192
			309	193
			309	194
			309	195
			309	196
			309	197
			309	198
			309	199
			308	200
			308	201
			308	202
			308	203
			308	204
			307	204
			307	205
			307	206
			306	207
			306	208
			305	209
			305	210
			304	211
			304	212
			303	212
			303	213
			302	214
			301	215
			301	216
			300	217
			299	218
			298	219
			297	220
			296	221
			295	222
			295	223
			294	224
			294	225
			294	226
			294	227
			294	228
			293	229
			293	230
			293	231
			293	232
			293	233
			293	234
			293	235
			293	236
			293	237
			293	238
			293	239
			293	240
			293	241
			293	242
			294	243
			294	244
			294	245
			294	246
			295	247
			295	248
			295	249
			295	250
			296	250
			297	251
			297	252
			298	252
			299	253
			300	254
			301	255
			302	255
			303	256
			304	257
			305	257
			306	258
			307	259
			308	259
			309	260
			310	261
			311	261
			312	261
			313	261
			314	261
			315	261
			316	261
			317	261
			318	262
			319	262
			320	262
			321	262
			322	263
			323	263
			324	264
			325	264
			326	264
			327	265
			328	266
			329	266
			330	267
			331	268
			332	269
			333	269
			334	270
			335	271
			336	272
			336	273
			337	274
			338	275
			339	276
			339	277
		</suture>
		<anterior type=matrix rownames=FALSE colnames=FALSE nrow=299 ncol=2 as.numeric=TRUE >
			207	58
			208	58
			209	58
			210	58
			211	59
			212	59
			213	59
			214	59
			215	59
			216	59
			217	59
			218	60
			219	60
			220	60
			221	60
			222	60
			223	60
			224	61
			225	61
			226	61
			227	61
			228	61
			229	62
			230	62
			231	62
			232	62
			233	63
			234	63
			235	63
			236	63
			237	64
			238	64
			239	64
			240	64
			241	65
			242	65
			243	65
			244	65
			245	66
			246	66
			247	66
			248	67
			249	67
			250	67
			251	68
			252	68
			253	68
			254	69
			255	69
			256	69
			256	70
			257	70
			258	70
			259	70
			259	71
			260	71
			261	71
			262	72
			263	72
			264	73
			265	73
			266	74
			267	74
			268	75
			269	75
			270	76
			271	76
			272	77
			273	78
			274	78
			275	79
			276	79
			277	80
			278	80
			278	81
			279	81
			280	82
			281	83
			282	84
			283	84
			284	85
			285	85
			286	86
			287	87
			288	87
			289	88
			289	89
			290	89
			291	90
			292	91
			293	91
			294	92
			295	93
			296	93
			297	94
			298	95
			299	96
			300	97
			301	98
			302	99
			303	99
			304	100
			305	100
			305	101
			306	102
			307	102
			307	103
			308	103
			308	104
			309	104
			310	105
			311	106
			312	107
			313	108
			314	109
			315	109
			315	110
			316	110
			317	111
			318	112
			319	113
			320	114
			321	115
			322	116
			323	117
			324	118
			325	119
			326	120
			327	121
			328	122
			329	123
			330	124
			331	125
			332	126
			333	127
			333	128
			334	129
			335	130
			336	130
			336	131
			337	132
			338	133
			338	134
			339	135
			340	136
			341	137
			342	138
			343	139
			344	140
			344	141
			345	142
			346	143
			347	144
			347	145
			348	146
			349	147
			349	148
			350	149
			351	150
			351	151
			352	152
			353	153
			353	154
			354	155
			355	156
			355	157
			356	158
			356	159
			357	160
			357	161
			358	162
			359	162
			359	163
			360	164
			360	165
			361	166
			361	167
			362	168
			362	169
			363	170
			363	171
			363	172
			364	173
			364	174
			365	175
			365	176
			366	177
			366	178
			366	179
			367	179
			367	180
			367	181
			368	182
			368	183
			368	184
			369	185
			369	186
			369	187
			370	188
			370	189
			370	190
			371	191
			371	192
			371	193
			372	194
			372	195
			373	196
			373	197
			373	198
			374	199
			374	200
			374	201
			374	202
			375	203
			375	204
			375	205
			376	206
			376	207
			376	208
			377	209
			377	210
			377	211
			377	212
			378	212
			378	213
			378	214
			378	215
			379	216
			379	217
			379	218
			380	219
			380	220
			380	221
			380	222
			381	223
			381	224
			381	225
			381	226
			382	226
			382	227
			382	228
			382	229
			382	230
			383	231
			383	232
			383	233
			384	234
			384	235
			384	236
			385	237
			385	238
			385	239
			386	240
			386	241
			386	242
			386	243
			386	244
			387	245
			387	246
			387	247
			387	248
			387	249
			387	250
			387	251
			387	252
			387	253
			387	254
			387	255
			387	256
			386	257
			386	258
			386	259
			385	260
			385	261
			384	262
			384	263
			384	264
			383	264
			383	265
			383	266
			382	266
			382	267
			382	268
			381	269
			381	270
			380	271
			380	272
			380	273
			379	274
			379	275
			378	276
			378	277
			377	277
			377	278
			377	279
			376	279
			376	280
			375	281
			374	282
		</anterior>
		<posterior type=matrix rownames=FALSE colnames=FALSE nrow=178 ncol=2 as.numeric=TRUE >
			202	282
			203	282
			204	282
			205	282
			206	282
			207	282
			208	282
			209	282
			210	282
			211	282
			212	282
			213	282
			214	282
			215	282
			216	282
			217	282
			218	282
			219	282
			220	282
			221	282
			222	282
			223	282
			224	282
			225	282
			226	282
			227	282
			228	282
			229	282
			230	282
			231	282
			232	282
			233	281
			234	281
			235	281
			236	281
			237	281
			238	281
			239	281
			240	281
			241	281
			242	281
			243	281
			243	280
			244	280
			245	280
			246	280
			247	280
			248	280
			249	280
			250	279
			251	279
			252	279
			253	279
			254	278
			255	278
			256	278
			257	277
			258	277
			259	277
			260	277
			261	277
			262	276
			263	276
			264	276
			265	276
			266	276
			267	276
			268	276
			269	276
			270	276
			271	276
			272	277
			273	277
			274	277
			275	277
			276	277
			277	277
			278	278
			279	278
			280	278
			281	278
			282	279
			283	279
			284	279
			285	279
			286	280
			287	280
			288	280
			289	280
			290	280
			291	280
			292	280
			293	280
			294	280
			295	280
			296	280
			297	280
			298	280
			299	280
			300	280
			301	280
			302	280
			303	279
			304	279
			305	279
			306	279
			307	279
			308	279
			309	279
			310	278
			311	278
			312	278
			313	278
			314	277
			315	277
			316	277
			317	277
			318	276
			319	276
			320	275
			321	275
			322	275
			323	274
			324	274
			325	273
			326	273
			327	273
			328	274
			329	274
			330	274
			331	275
			332	275
			333	275
			334	276
			335	276
			336	276
			337	277
			338	277
			339	277
			340	277
			341	278
			342	278
			343	279
			344	279
			345	279
			346	280
			347	280
			348	280
			348	281
			349	281
			350	281
			350	282
			351	282
			351	283
			352	283
			353	284
			354	285
			355	285
			356	286
			357	286
			358	286
			359	286
			360	286
			361	286
			362	286
			363	286
			364	286
			365	286
			366	286
			367	286
			367	285
			368	285
			369	285
			370	284
			371	284
			372	283
			373	283
			374	282
		</posterior>
	</curves.pixel>
	<curves.scaled type=list>
		<glabella type=matrix rownames=FALSE colnames=FALSE nrow=231 ncol=2 as.numeric=TRUE >
			8.45528455284553	-3.08943089430894
			8.49593495934959	-3.08943089430894
			8.53658536585366	-3.08943089430894
			8.57723577235772	-3.13008130081301
			8.61788617886179	-3.13008130081301
			8.65853658536585	-3.13008130081301
			8.69918699186992	-3.13008130081301
			8.73983739837398	-3.13008130081301
			8.78048780487805	-3.17073170731707
			8.82113821138211	-3.17073170731707
			8.86178861788618	-3.17073170731707
			8.90243902439024	-3.17073170731707
			8.94308943089431	-3.21138211382114
			8.98373983739837	-3.21138211382114
			9.02439024390244	-3.21138211382114
			9.0650406504065	-3.2520325203252
			9.10569105691057	-3.2520325203252
			9.14634146341463	-3.2520325203252
			9.1869918699187	-3.29268292682927
			9.22764227642276	-3.29268292682927
			9.26829268292683	-3.29268292682927
			9.30894308943089	-3.33333333333333
			9.34959349593496	-3.33333333333333
			9.39024390243902	-3.33333333333333
			9.43089430894309	-3.3739837398374
			9.47154471544715	-3.3739837398374
			9.51219512195122	-3.3739837398374
			9.55284552845528	-3.41463414634146
			9.59349593495935	-3.41463414634146
			9.63414634146342	-3.45528455284553
			9.67479674796748	-3.45528455284553
			9.71544715447154	-3.49593495934959
			9.75609756097561	-3.49593495934959
			9.79674796747967	-3.53658536585366
			9.83739837398374	-3.53658536585366
			9.8780487804878	-3.57723577235772
			9.91869918699187	-3.61788617886179
			9.95934959349593	-3.65853658536585
			10	-3.65853658536585
			10.0406504065041	-3.69918699186992
			10.0813008130081	-3.73983739837398
			10.1219512195122	-3.73983739837398
			10.1219512195122	-3.78048780487805
			10.1626016260163	-3.82113821138211
			10.2032520325203	-3.82113821138211
			10.2439024390244	-3.86178861788618
			10.2439024390244	-3.90243902439024
			10.2845528455285	-3.94308943089431
			10.3252032520325	-3.94308943089431
			10.3252032520325	-3.98373983739837
			10.3658536585366	-4.02439024390244
			10.3658536585366	-4.0650406504065
			10.4065040650407	-4.10569105691057
			10.4065040650407	-4.14634146341463
			10.4471544715447	-4.1869918699187
			10.4471544715447	-4.22764227642276
			10.4878048780488	-4.26829268292683
			10.4878048780488	-4.30894308943089
			10.4878048780488	-4.34959349593496
			10.4878048780488	-4.39024390243902
			10.5284552845528	-4.39024390243902
			10.5284552845528	-4.43089430894309
			10.5284552845528	-4.47154471544715
			10.5284552845528	-4.51219512195122
			10.5691056910569	-4.55284552845528
			10.5691056910569	-4.59349593495935
			10.609756097561	-4.63414634146341
			10.650406504065	-4.67479674796748
			10.650406504065	-4.71544715447154
			10.6910569105691	-4.75609756097561
			10.6910569105691	-4.79674796747967
			10.7317073170732	-4.83739837398374
			10.7317073170732	-4.8780487804878
			10.7723577235772	-4.91869918699187
			10.7723577235772	-4.95934959349593
			10.7723577235772	-5
			10.8130081300813	-5.04065040650407
			10.8130081300813	-5.08130081300813
			10.8536585365854	-5.1219512195122
			10.8536585365854	-5.16260162601626
			10.8536585365854	-5.20325203252033
			10.8536585365854	-5.24390243902439
			10.8943089430894	-5.28455284552845
			10.8943089430894	-5.32520325203252
			10.8943089430894	-5.36585365853658
			10.8943089430894	-5.40650406504065
			10.8943089430894	-5.44715447154472
			10.8943089430894	-5.48780487804878
			10.8943089430894	-5.52845528455285
			10.8943089430894	-5.56910569105691
			10.8943089430894	-5.60975609756098
			10.8943089430894	-5.65040650406504
			10.8943089430894	-5.69105691056911
			10.8943089430894	-5.73170731707317
			10.8943089430894	-5.77235772357724
			10.8943089430894	-5.8130081300813
			10.8943089430894	-5.85365853658537
			10.8943089430894	-5.89430894308943
			10.8536585365854	-5.9349593495935
			10.8536585365854	-5.97560975609756
			10.8536585365854	-6.01626016260163
			10.8536585365854	-6.05691056910569
			10.8536585365854	-6.09756097560976
			10.8943089430894	-6.13821138211382
			10.8943089430894	-6.17886178861789
			10.8943089430894	-6.21951219512195
			10.8943089430894	-6.26016260162602
			10.9349593495935	-6.30081300813008
			10.9349593495935	-6.34146341463415
			10.9349593495935	-6.38211382113821
			10.9349593495935	-6.42276422764228
			10.9349593495935	-6.46341463414634
			10.9756097560976	-6.50406504065041
			10.9756097560976	-6.54471544715447
			10.9756097560976	-6.58536585365854
			10.9756097560976	-6.6260162601626
			11.0162601626016	-6.66666666666667
			11.0162601626016	-6.70731707317073
			11.0162601626016	-6.7479674796748
			11.0162601626016	-6.78861788617886
			11.0569105691057	-6.82926829268293
			11.0569105691057	-6.86991869918699
			11.0569105691057	-6.91056910569106
			11.0975609756098	-6.95121951219512
			11.0975609756098	-6.99186991869919
			11.0975609756098	-7.03252032520325
			11.1382113821138	-7.07317073170732
			11.1382113821138	-7.11382113821138
			11.1788617886179	-7.15447154471545
			11.1788617886179	-7.19512195121951
			11.219512195122	-7.23577235772358
			11.219512195122	-7.27642276422764
			11.260162601626	-7.31707317073171
			11.260162601626	-7.35772357723577
			11.3008130081301	-7.39837398373984
			11.3008130081301	-7.4390243902439
			11.3414634146341	-7.47967479674797
			11.3821138211382	-7.52032520325203
			11.4227642276423	-7.5609756097561
			11.4227642276423	-7.60162601626016
			11.4227642276423	-7.64227642276423
			11.4227642276423	-7.68292682926829
			11.4227642276423	-7.72357723577236
			11.4227642276423	-7.76422764227642
			11.4227642276423	-7.80487804878049
			11.4227642276423	-7.84552845528455
			11.4227642276423	-7.88617886178862
			11.4227642276423	-7.92682926829268
			11.4227642276423	-7.96747967479675
			11.4227642276423	-8.00813008130081
			11.4227642276423	-8.04878048780488
			11.3821138211382	-8.08943089430894
			11.3821138211382	-8.13008130081301
			11.3821138211382	-8.17073170731707
			11.3821138211382	-8.21138211382114
			11.3821138211382	-8.2520325203252
			11.3821138211382	-8.29268292682927
			11.3821138211382	-8.33333333333333
			11.3821138211382	-8.3739837398374
			11.3821138211382	-8.41463414634146
			11.3821138211382	-8.45528455284553
			11.3821138211382	-8.49593495934959
			11.3821138211382	-8.53658536585366
			11.3821138211382	-8.57723577235772
			11.3821138211382	-8.61788617886179
			11.3821138211382	-8.65853658536585
			11.3821138211382	-8.69918699186992
			11.3821138211382	-8.73983739837398
			11.3821138211382	-8.78048780487805
			11.3821138211382	-8.82113821138211
			11.3821138211382	-8.86178861788618
			11.3821138211382	-8.90243902439024
			11.3821138211382	-8.94308943089431
			11.3821138211382	-8.98373983739837
			11.4227642276423	-9.02439024390244
			11.4227642276423	-9.0650406504065
			11.4227642276423	-9.10569105691057
			11.4634146341463	-9.14634146341463
			11.4634146341463	-9.1869918699187
			11.4634146341463	-9.22764227642276
			11.5040650406504	-9.26829268292683
			11.5040650406504	-9.30894308943089
			11.5040650406504	-9.34959349593496
			11.5040650406504	-9.39024390243902
			11.5447154471545	-9.43089430894309
			11.5447154471545	-9.47154471544715
			11.5447154471545	-9.51219512195122
			11.5447154471545	-9.55284552845528
			11.5447154471545	-9.59349593495935
			11.5853658536585	-9.63414634146342
			11.5853658536585	-9.67479674796748
			11.5853658536585	-9.71544715447154
			11.5853658536585	-9.75609756097561
			11.5853658536585	-9.79674796747967
			11.5853658536585	-9.83739837398374
			11.5853658536585	-9.8780487804878
			11.5853658536585	-9.91869918699187
			11.5853658536585	-9.95934959349593
			11.5853658536585	-10
			11.5853658536585	-10.0406504065041
			11.5853658536585	-10.0813008130081
			11.5853658536585	-10.1219512195122
			11.5853658536585	-10.1626016260163
			11.5853658536585	-10.2032520325203
			11.5853658536585	-10.2439024390244
			11.5447154471545	-10.2845528455285
			11.5447154471545	-10.3252032520325
			11.5447154471545	-10.3658536585366
			11.5447154471545	-10.4065040650407
			11.5040650406504	-10.4471544715447
			11.5040650406504	-10.4878048780488
			11.5040650406504	-10.5284552845528
			11.4634146341463	-10.5691056910569
			11.4634146341463	-10.609756097561
			11.4227642276423	-10.650406504065
			11.4227642276423	-10.6910569105691
			11.4227642276423	-10.7317073170732
			11.3821138211382	-10.7723577235772
			11.3414634146341	-10.8130081300813
			11.3008130081301	-10.8536585365854
			11.3008130081301	-10.8943089430894
			11.260162601626	-10.9349593495935
			11.219512195122	-10.9756097560976
			11.1788617886179	-11.0162601626016
			11.1382113821138	-11.0569105691057
			11.0975609756098	-11.0975609756098
			11.0569105691057	-11.0975609756098
			11.0162601626016	-11.1382113821138
			10.9756097560976	-11.1788617886179
			10.9349593495935	-11.219512195122
			10.8943089430894	-11.260162601626
		</glabella>
		<suture type=matrix rownames=FALSE colnames=FALSE nrow=311 ncol=2 as.numeric=TRUE >
			8.41463414634146	-2.35772357723577
			8.45528455284553	-2.35772357723577
			8.49593495934959	-2.35772357723577
			8.53658536585366	-2.35772357723577
			8.57723577235772	-2.35772357723577
			8.61788617886179	-2.35772357723577
			8.65853658536585	-2.39837398373984
			8.69918699186992	-2.39837398373984
			8.73983739837398	-2.39837398373984
			8.78048780487805	-2.39837398373984
			8.82113821138211	-2.39837398373984
			8.86178861788618	-2.39837398373984
			8.90243902439024	-2.39837398373984
			8.94308943089431	-2.4390243902439
			8.98373983739837	-2.4390243902439
			9.02439024390244	-2.4390243902439
			9.0650406504065	-2.4390243902439
			9.10569105691057	-2.4390243902439
			9.14634146341463	-2.4390243902439
			9.1869918699187	-2.47967479674797
			9.22764227642276	-2.47967479674797
			9.26829268292683	-2.47967479674797
			9.30894308943089	-2.47967479674797
			9.34959349593496	-2.47967479674797
			9.39024390243902	-2.52032520325203
			9.43089430894309	-2.52032520325203
			9.47154471544715	-2.52032520325203
			9.51219512195122	-2.52032520325203
			9.55284552845528	-2.52032520325203
			9.59349593495935	-2.5609756097561
			9.63414634146342	-2.5609756097561
			9.67479674796748	-2.5609756097561
			9.71544715447154	-2.60162601626016
			9.75609756097561	-2.60162601626016
			9.79674796747967	-2.60162601626016
			9.83739837398374	-2.60162601626016
			9.8780487804878	-2.64227642276423
			9.91869918699187	-2.64227642276423
			9.95934959349593	-2.64227642276423
			10	-2.64227642276423
			10	-2.68292682926829
			10.0406504065041	-2.68292682926829
			10.0813008130081	-2.68292682926829
			10.1219512195122	-2.68292682926829
			10.1219512195122	-2.72357723577236
			10.1626016260163	-2.72357723577236
			10.2032520325203	-2.72357723577236
			10.2439024390244	-2.72357723577236
			10.2439024390244	-2.76422764227642
			10.2845528455285	-2.76422764227642
			10.3252032520325	-2.76422764227642
			10.3658536585366	-2.76422764227642
			10.3658536585366	-2.80487804878049
			10.4065040650407	-2.80487804878049
			10.4471544715447	-2.80487804878049
			10.4471544715447	-2.84552845528455
			10.4878048780488	-2.84552845528455
			10.5284552845528	-2.84552845528455
			10.5691056910569	-2.88617886178862
			10.609756097561	-2.88617886178862
			10.650406504065	-2.88617886178862
			10.6910569105691	-2.92682926829268
			10.7317073170732	-2.96747967479675
			10.7723577235772	-2.96747967479675
			10.8130081300813	-2.96747967479675
			10.8536585365854	-3.00813008130081
			10.8943089430894	-3.00813008130081
			10.9349593495935	-3.04878048780488
			10.9756097560976	-3.04878048780488
			11.0162601626016	-3.08943089430894
			11.0569105691057	-3.08943089430894
			11.0975609756098	-3.13008130081301
			11.1382113821138	-3.17073170731707
			11.1788617886179	-3.21138211382114
			11.219512195122	-3.21138211382114
			11.260162601626	-3.2520325203252
			11.3008130081301	-3.2520325203252
			11.3414634146341	-3.29268292682927
			11.3821138211382	-3.33333333333333
			11.4227642276423	-3.33333333333333
			11.4634146341463	-3.3739837398374
			11.5040650406504	-3.41463414634146
			11.5447154471545	-3.41463414634146
			11.5447154471545	-3.45528455284553
			11.5853658536585	-3.45528455284553
			11.6260162601626	-3.49593495934959
			11.6666666666667	-3.49593495934959
			11.6666666666667	-3.53658536585366
			11.7073170731707	-3.57723577235772
			11.7479674796748	-3.57723577235772
			11.7479674796748	-3.61788617886179
			11.7886178861789	-3.61788617886179
			11.8292682926829	-3.65853658536585
			11.869918699187	-3.69918699186992
			11.9105691056911	-3.73983739837398
			11.9512195121951	-3.78048780487805
			11.9512195121951	-3.82113821138211
			11.9918699186992	-3.86178861788618
			11.9918699186992	-3.90243902439024
			11.9918699186992	-3.94308943089431
			11.9918699186992	-3.98373983739837
			11.9918699186992	-4.02439024390244
			12.0325203252033	-4.0650406504065
			12.0325203252033	-4.10569105691057
			12.0325203252033	-4.14634146341463
			12.0325203252033	-4.1869918699187
			12.0325203252033	-4.22764227642276
			12.0325203252033	-4.26829268292683
			12.0325203252033	-4.30894308943089
			11.9918699186992	-4.34959349593496
			11.9918699186992	-4.39024390243902
			11.9918699186992	-4.43089430894309
			11.9918699186992	-4.47154471544715
			11.9918699186992	-4.51219512195122
			11.9918699186992	-4.55284552845528
			11.9512195121951	-4.59349593495935
			11.9512195121951	-4.63414634146341
			11.9512195121951	-4.67479674796748
			11.9512195121951	-4.71544715447154
			11.9105691056911	-4.75609756097561
			11.9105691056911	-4.79674796747967
			11.9105691056911	-4.83739837398374
			11.9105691056911	-4.8780487804878
			11.869918699187	-4.8780487804878
			11.869918699187	-4.91869918699187
			11.869918699187	-4.95934959349593
			11.8292682926829	-5
			11.8292682926829	-5.04065040650407
			11.8292682926829	-5.08130081300813
			11.7886178861789	-5.1219512195122
			11.7886178861789	-5.16260162601626
			11.7479674796748	-5.20325203252033
			11.7479674796748	-5.24390243902439
			11.7479674796748	-5.28455284552845
			11.7479674796748	-5.32520325203252
			11.7073170731707	-5.36585365853658
			11.7073170731707	-5.40650406504065
			11.7073170731707	-5.44715447154472
			11.7073170731707	-5.48780487804878
			11.6666666666667	-5.52845528455285
			11.6666666666667	-5.56910569105691
			11.6666666666667	-5.60975609756098
			11.6666666666667	-5.65040650406504
			11.6260162601626	-5.69105691056911
			11.6260162601626	-5.73170731707317
			11.6260162601626	-5.77235772357724
			11.5853658536585	-5.8130081300813
			11.5853658536585	-5.85365853658537
			11.5853658536585	-5.89430894308943
			11.5853658536585	-5.9349593495935
			11.5447154471545	-5.97560975609756
			11.5447154471545	-6.01626016260163
			11.5447154471545	-6.05691056910569
			11.5447154471545	-6.09756097560976
			11.5040650406504	-6.09756097560976
			11.5040650406504	-6.13821138211382
			11.5040650406504	-6.17886178861789
			11.5447154471545	-6.21951219512195
			11.5853658536585	-6.26016260162602
			11.6260162601626	-6.26016260162602
			11.6260162601626	-6.30081300813008
			11.6666666666667	-6.34146341463415
			11.7073170731707	-6.38211382113821
			11.7479674796748	-6.38211382113821
			11.7479674796748	-6.42276422764228
			11.7886178861789	-6.46341463414634
			11.8292682926829	-6.46341463414634
			11.8292682926829	-6.50406504065041
			11.869918699187	-6.54471544715447
			11.9105691056911	-6.54471544715447
			11.9105691056911	-6.58536585365854
			11.9512195121951	-6.6260162601626
			11.9918699186992	-6.6260162601626
			11.9918699186992	-6.66666666666667
			12.0325203252033	-6.70731707317073
			12.0325203252033	-6.7479674796748
			12.0731707317073	-6.7479674796748
			12.1138211382114	-6.78861788617886
			12.1138211382114	-6.82926829268293
			12.1544715447154	-6.82926829268293
			12.1544715447154	-6.86991869918699
			12.1951219512195	-6.91056910569106
			12.2357723577236	-6.95121951219512
			12.2357723577236	-6.99186991869919
			12.2764227642276	-7.03252032520325
			12.2764227642276	-7.07317073170732
			12.3170731707317	-7.11382113821138
			12.3577235772358	-7.15447154471545
			12.3577235772358	-7.19512195121951
			12.3983739837398	-7.23577235772358
			12.3983739837398	-7.27642276422764
			12.4390243902439	-7.31707317073171
			12.4390243902439	-7.35772357723577
			12.479674796748	-7.39837398373984
			12.479674796748	-7.4390243902439
			12.479674796748	-7.47967479674797
			12.479674796748	-7.52032520325203
			12.520325203252	-7.5609756097561
			12.520325203252	-7.60162601626016
			12.520325203252	-7.64227642276423
			12.5609756097561	-7.68292682926829
			12.5609756097561	-7.72357723577236
			12.5609756097561	-7.76422764227642
			12.5609756097561	-7.80487804878049
			12.5609756097561	-7.84552845528455
			12.5609756097561	-7.88617886178862
			12.5609756097561	-7.92682926829268
			12.5609756097561	-7.96747967479675
			12.5609756097561	-8.00813008130081
			12.5609756097561	-8.04878048780488
			12.5609756097561	-8.08943089430894
			12.520325203252	-8.13008130081301
			12.520325203252	-8.17073170731707
			12.520325203252	-8.21138211382114
			12.520325203252	-8.2520325203252
			12.520325203252	-8.29268292682927
			12.479674796748	-8.29268292682927
			12.479674796748	-8.33333333333333
			12.479674796748	-8.3739837398374
			12.4390243902439	-8.41463414634146
			12.4390243902439	-8.45528455284553
			12.3983739837398	-8.49593495934959
			12.3983739837398	-8.53658536585366
			12.3577235772358	-8.57723577235772
			12.3577235772358	-8.61788617886179
			12.3170731707317	-8.61788617886179
			12.3170731707317	-8.65853658536585
			12.2764227642276	-8.69918699186992
			12.2357723577236	-8.73983739837398
			12.2357723577236	-8.78048780487805
			12.1951219512195	-8.82113821138211
			12.1544715447154	-8.86178861788618
			12.1138211382114	-8.90243902439024
			12.0731707317073	-8.94308943089431
			12.0325203252033	-8.98373983739837
			11.9918699186992	-9.02439024390244
			11.9918699186992	-9.0650406504065
			11.9512195121951	-9.10569105691057
			11.9512195121951	-9.14634146341463
			11.9512195121951	-9.1869918699187
			11.9512195121951	-9.22764227642276
			11.9512195121951	-9.26829268292683
			11.9105691056911	-9.30894308943089
			11.9105691056911	-9.34959349593496
			11.9105691056911	-9.39024390243902
			11.9105691056911	-9.43089430894309
			11.9105691056911	-9.47154471544715
			11.9105691056911	-9.51219512195122
			11.9105691056911	-9.55284552845528
			11.9105691056911	-9.59349593495935
			11.9105691056911	-9.63414634146342
			11.9105691056911	-9.67479674796748
			11.9105691056911	-9.71544715447154
			11.9105691056911	-9.75609756097561
			11.9105691056911	-9.79674796747967
			11.9105691056911	-9.83739837398374
			11.9512195121951	-9.8780487804878
			11.9512195121951	-9.91869918699187
			11.9512195121951	-9.95934959349593
			11.9512195121951	-10
			11.9918699186992	-10.0406504065041
			11.9918699186992	-10.0813008130081
			11.9918699186992	-10.1219512195122
			11.9918699186992	-10.1626016260163
			12.0325203252033	-10.1626016260163
			12.0731707317073	-10.2032520325203
			12.0731707317073	-10.2439024390244
			12.1138211382114	-10.2439024390244
			12.1544715447154	-10.2845528455285
			12.1951219512195	-10.3252032520325
			12.2357723577236	-10.3658536585366
			12.2764227642276	-10.3658536585366
			12.3170731707317	-10.4065040650407
			12.3577235772358	-10.4471544715447
			12.3983739837398	-10.4471544715447
			12.4390243902439	-10.4878048780488
			12.479674796748	-10.5284552845528
			12.520325203252	-10.5284552845528
			12.5609756097561	-10.5691056910569
			12.6016260162602	-10.609756097561
			12.6422764227642	-10.609756097561
			12.6829268292683	-10.609756097561
			12.7235772357724	-10.609756097561
			12.7642276422764	-10.609756097561
			12.8048780487805	-10.609756097561
			12.8455284552846	-10.609756097561
			12.8861788617886	-10.609756097561
			12.9268292682927	-10.650406504065
			12.9674796747967	-10.650406504065
			13.0081300813008	-10.650406504065
			13.0487804878049	-10.650406504065
			13.0894308943089	-10.6910569105691
			13.130081300813	-10.6910569105691
			13.1707317073171	-10.7317073170732
			13.2113821138211	-10.7317073170732
			13.2520325203252	-10.7317073170732
			13.2926829268293	-10.7723577235772
			13.3333333333333	-10.8130081300813
			13.3739837398374	-10.8130081300813
			13.4146341463415	-10.8536585365854
			13.4552845528455	-10.8943089430894
			13.4959349593496	-10.9349593495935
			13.5365853658537	-10.9349593495935
			13.5772357723577	-10.9756097560976
			13.6178861788618	-11.0162601626016
			13.6585365853659	-11.0569105691057
			13.6585365853659	-11.0975609756098
			13.6991869918699	-11.1382113821138
			13.739837398374	-11.1788617886179
			13.780487804878	-11.219512195122
			13.780487804878	-11.260162601626
		</suture>
		<anterior type=matrix rownames=FALSE colnames=FALSE nrow=299 ncol=2 as.numeric=TRUE >
			8.41463414634146	-2.35772357723577
			8.45528455284553	-2.35772357723577
			8.49593495934959	-2.35772357723577
			8.53658536585366	-2.35772357723577
			8.57723577235772	-2.39837398373984
			8.61788617886179	-2.39837398373984
			8.65853658536585	-2.39837398373984
			8.69918699186992	-2.39837398373984
			8.73983739837398	-2.39837398373984
			8.78048780487805	-2.39837398373984
			8.82113821138211	-2.39837398373984
			8.86178861788618	-2.4390243902439
			8.90243902439024	-2.4390243902439
			8.94308943089431	-2.4390243902439
			8.98373983739837	-2.4390243902439
			9.02439024390244	-2.4390243902439
			9.0650406504065	-2.4390243902439
			9.10569105691057	-2.47967479674797
			9.14634146341463	-2.47967479674797
			9.1869918699187	-2.47967479674797
			9.22764227642276	-2.47967479674797
			9.26829268292683	-2.47967479674797
			9.30894308943089	-2.52032520325203
			9.34959349593496	-2.52032520325203
			9.39024390243902	-2.52032520325203
			9.43089430894309	-2.52032520325203
			9.47154471544715	-2.5609756097561
			9.51219512195122	-2.5609756097561
			9.55284552845528	-2.5609756097561
			9.59349593495935	-2.5609756097561
			9.63414634146342	-2.60162601626016
			9.67479674796748	-2.60162601626016
			9.71544715447154	-2.60162601626016
			9.75609756097561	-2.60162601626016
			9.79674796747967	-2.64227642276423
			9.83739837398374	-2.64227642276423
			9.8780487804878	-2.64227642276423
			9.91869918699187	-2.64227642276423
			9.95934959349593	-2.68292682926829
			10	-2.68292682926829
			10.0406504065041	-2.68292682926829
			10.0813008130081	-2.72357723577236
			10.1219512195122	-2.72357723577236
			10.1626016260163	-2.72357723577236
			10.2032520325203	-2.76422764227642
			10.2439024390244	-2.76422764227642
			10.2845528455285	-2.76422764227642
			10.3252032520325	-2.80487804878049
			10.3658536585366	-2.80487804878049
			10.4065040650407	-2.80487804878049
			10.4065040650407	-2.84552845528455
			10.4471544715447	-2.84552845528455
			10.4878048780488	-2.84552845528455
			10.5284552845528	-2.84552845528455
			10.5284552845528	-2.88617886178862
			10.5691056910569	-2.88617886178862
			10.609756097561	-2.88617886178862
			10.650406504065	-2.92682926829268
			10.6910569105691	-2.92682926829268
			10.7317073170732	-2.96747967479675
			10.7723577235772	-2.96747967479675
			10.8130081300813	-3.00813008130081
			10.8536585365854	-3.00813008130081
			10.8943089430894	-3.04878048780488
			10.9349593495935	-3.04878048780488
			10.9756097560976	-3.08943089430894
			11.0162601626016	-3.08943089430894
			11.0569105691057	-3.13008130081301
			11.0975609756098	-3.17073170731707
			11.1382113821138	-3.17073170731707
			11.1788617886179	-3.21138211382114
			11.219512195122	-3.21138211382114
			11.260162601626	-3.2520325203252
			11.3008130081301	-3.2520325203252
			11.3008130081301	-3.29268292682927
			11.3414634146341	-3.29268292682927
			11.3821138211382	-3.33333333333333
			11.4227642276423	-3.3739837398374
			11.4634146341463	-3.41463414634146
			11.5040650406504	-3.41463414634146
			11.5447154471545	-3.45528455284553
			11.5853658536585	-3.45528455284553
			11.6260162601626	-3.49593495934959
			11.6666666666667	-3.53658536585366
			11.7073170731707	-3.53658536585366
			11.7479674796748	-3.57723577235772
			11.7479674796748	-3.61788617886179
			11.7886178861789	-3.61788617886179
			11.8292682926829	-3.65853658536585
			11.869918699187	-3.69918699186992
			11.9105691056911	-3.69918699186992
			11.9512195121951	-3.73983739837398
			11.9918699186992	-3.78048780487805
			12.0325203252033	-3.78048780487805
			12.0731707317073	-3.82113821138211
			12.1138211382114	-3.86178861788618
			12.1544715447154	-3.90243902439024
			12.1951219512195	-3.94308943089431
			12.2357723577236	-3.98373983739837
			12.2764227642276	-4.02439024390244
			12.3170731707317	-4.02439024390244
			12.3577235772358	-4.0650406504065
			12.3983739837398	-4.0650406504065
			12.3983739837398	-4.10569105691057
			12.4390243902439	-4.14634146341463
			12.479674796748	-4.14634146341463
			12.479674796748	-4.1869918699187
			12.520325203252	-4.1869918699187
			12.520325203252	-4.22764227642276
			12.5609756097561	-4.22764227642276
			12.6016260162602	-4.26829268292683
			12.6422764227642	-4.30894308943089
			12.6829268292683	-4.34959349593496
			12.7235772357724	-4.39024390243902
			12.7642276422764	-4.43089430894309
			12.8048780487805	-4.43089430894309
			12.8048780487805	-4.47154471544715
			12.8455284552846	-4.47154471544715
			12.8861788617886	-4.51219512195122
			12.9268292682927	-4.55284552845528
			12.9674796747967	-4.59349593495935
			13.0081300813008	-4.63414634146341
			13.0487804878049	-4.67479674796748
			13.0894308943089	-4.71544715447154
			13.130081300813	-4.75609756097561
			13.1707317073171	-4.79674796747967
			13.2113821138211	-4.83739837398374
			13.2520325203252	-4.8780487804878
			13.2926829268293	-4.91869918699187
			13.3333333333333	-4.95934959349593
			13.3739837398374	-5
			13.4146341463415	-5.04065040650407
			13.4552845528455	-5.08130081300813
			13.4959349593496	-5.1219512195122
			13.5365853658537	-5.16260162601626
			13.5365853658537	-5.20325203252033
			13.5772357723577	-5.24390243902439
			13.6178861788618	-5.28455284552845
			13.6585365853659	-5.28455284552845
			13.6585365853659	-5.32520325203252
			13.6991869918699	-5.36585365853658
			13.739837398374	-5.40650406504065
			13.739837398374	-5.44715447154472
			13.780487804878	-5.48780487804878
			13.8211382113821	-5.52845528455285
			13.8617886178862	-5.56910569105691
			13.9024390243902	-5.60975609756098
			13.9430894308943	-5.65040650406504
			13.9837398373984	-5.69105691056911
			13.9837398373984	-5.73170731707317
			14.0243902439024	-5.77235772357724
			14.0650406504065	-5.8130081300813
			14.1056910569106	-5.85365853658537
			14.1056910569106	-5.89430894308943
			14.1463414634146	-5.9349593495935
			14.1869918699187	-5.97560975609756
			14.1869918699187	-6.01626016260163
			14.2276422764228	-6.05691056910569
			14.2682926829268	-6.09756097560976
			14.2682926829268	-6.13821138211382
			14.3089430894309	-6.17886178861789
			14.349593495935	-6.21951219512195
			14.349593495935	-6.26016260162602
			14.390243902439	-6.30081300813008
			14.4308943089431	-6.34146341463415
			14.4308943089431	-6.38211382113821
			14.4715447154472	-6.42276422764228
			14.4715447154472	-6.46341463414634
			14.5121951219512	-6.50406504065041
			14.5121951219512	-6.54471544715447
			14.5528455284553	-6.58536585365854
			14.5934959349593	-6.58536585365854
			14.5934959349593	-6.6260162601626
			14.6341463414634	-6.66666666666667
			14.6341463414634	-6.70731707317073
			14.6747967479675	-6.7479674796748
			14.6747967479675	-6.78861788617886
			14.7154471544715	-6.82926829268293
			14.7154471544715	-6.86991869918699
			14.7560975609756	-6.91056910569106
			14.7560975609756	-6.95121951219512
			14.7560975609756	-6.99186991869919
			14.7967479674797	-7.03252032520325
			14.7967479674797	-7.07317073170732
			14.8373983739837	-7.11382113821138
			14.8373983739837	-7.15447154471545
			14.8780487804878	-7.19512195121951
			14.8780487804878	-7.23577235772358
			14.8780487804878	-7.27642276422764
			14.9186991869919	-7.27642276422764
			14.9186991869919	-7.31707317073171
			14.9186991869919	-7.35772357723577
			14.9593495934959	-7.39837398373984
			14.9593495934959	-7.4390243902439
			14.9593495934959	-7.47967479674797
			15	-7.52032520325203
			15	-7.5609756097561
			15	-7.60162601626016
			15.0406504065041	-7.64227642276423
			15.0406504065041	-7.68292682926829
			15.0406504065041	-7.72357723577236
			15.0813008130081	-7.76422764227642
			15.0813008130081	-7.80487804878049
			15.0813008130081	-7.84552845528455
			15.1219512195122	-7.88617886178862
			15.1219512195122	-7.92682926829268
			15.1626016260163	-7.96747967479675
			15.1626016260163	-8.00813008130081
			15.1626016260163	-8.04878048780488
			15.2032520325203	-8.08943089430894
			15.2032520325203	-8.13008130081301
			15.2032520325203	-8.17073170731707
			15.2032520325203	-8.21138211382114
			15.2439024390244	-8.2520325203252
			15.2439024390244	-8.29268292682927
			15.2439024390244	-8.33333333333333
			15.2845528455285	-8.3739837398374
			15.2845528455285	-8.41463414634146
			15.2845528455285	-8.45528455284553
			15.3252032520325	-8.49593495934959
			15.3252032520325	-8.53658536585366
			15.3252032520325	-8.57723577235772
			15.3252032520325	-8.61788617886179
			15.3658536585366	-8.61788617886179
			15.3658536585366	-8.65853658536585
			15.3658536585366	-8.69918699186992
			15.3658536585366	-8.73983739837398
			15.4065040650407	-8.78048780487805
			15.4065040650407	-8.82113821138211
			15.4065040650407	-8.86178861788618
			15.4471544715447	-8.90243902439024
			15.4471544715447	-8.94308943089431
			15.4471544715447	-8.98373983739837
			15.4471544715447	-9.02439024390244
			15.4878048780488	-9.0650406504065
			15.4878048780488	-9.10569105691057
			15.4878048780488	-9.14634146341463
			15.4878048780488	-9.1869918699187
			15.5284552845528	-9.1869918699187
			15.5284552845528	-9.22764227642276
			15.5284552845528	-9.26829268292683
			15.5284552845528	-9.30894308943089
			15.5284552845528	-9.34959349593496
			15.5691056910569	-9.39024390243902
			15.5691056910569	-9.43089430894309
			15.5691056910569	-9.47154471544715
			15.609756097561	-9.51219512195122
			15.609756097561	-9.55284552845528
			15.609756097561	-9.59349593495935
			15.650406504065	-9.63414634146342
			15.650406504065	-9.67479674796748
			15.650406504065	-9.71544715447154
			15.6910569105691	-9.75609756097561
			15.6910569105691	-9.79674796747967
			15.6910569105691	-9.83739837398374
			15.6910569105691	-9.8780487804878
			15.6910569105691	-9.91869918699187
			15.7317073170732	-9.95934959349593
			15.7317073170732	-10
			15.7317073170732	-10.0406504065041
			15.7317073170732	-10.0813008130081
			15.7317073170732	-10.1219512195122
			15.7317073170732	-10.1626016260163
			15.7317073170732	-10.2032520325203
			15.7317073170732	-10.2439024390244
			15.7317073170732	-10.2845528455285
			15.7317073170732	-10.3252032520325
			15.7317073170732	-10.3658536585366
			15.7317073170732	-10.4065040650407
			15.6910569105691	-10.4471544715447
			15.6910569105691	-10.4878048780488
			15.6910569105691	-10.5284552845528
			15.650406504065	-10.5691056910569
			15.650406504065	-10.609756097561
			15.609756097561	-10.650406504065
			15.609756097561	-10.6910569105691
			15.609756097561	-10.7317073170732
			15.5691056910569	-10.7317073170732
			15.5691056910569	-10.7723577235772
			15.5691056910569	-10.8130081300813
			15.5284552845528	-10.8130081300813
			15.5284552845528	-10.8536585365854
			15.5284552845528	-10.8943089430894
			15.4878048780488	-10.9349593495935
			15.4878048780488	-10.9756097560976
			15.4471544715447	-11.0162601626016
			15.4471544715447	-11.0569105691057
			15.4471544715447	-11.0975609756098
			15.4065040650407	-11.1382113821138
			15.4065040650407	-11.1788617886179
			15.3658536585366	-11.219512195122
			15.3658536585366	-11.260162601626
			15.3252032520325	-11.260162601626
			15.3252032520325	-11.3008130081301
			15.3252032520325	-11.3414634146341
			15.2845528455285	-11.3414634146341
			15.2845528455285	-11.3821138211382
			15.2439024390244	-11.4227642276423
			15.2032520325203	-11.4634146341463
		</anterior>
		<posterior type=matrix rownames=FALSE colnames=FALSE nrow=178 ncol=2 as.numeric=TRUE >
			8.21138211382114	-11.4634146341463
			8.2520325203252	-11.4634146341463
			8.29268292682927	-11.4634146341463
			8.33333333333333	-11.4634146341463
			8.3739837398374	-11.4634146341463
			8.41463414634146	-11.4634146341463
			8.45528455284553	-11.4634146341463
			8.49593495934959	-11.4634146341463
			8.53658536585366	-11.4634146341463
			8.57723577235772	-11.4634146341463
			8.61788617886179	-11.4634146341463
			8.65853658536585	-11.4634146341463
			8.69918699186992	-11.4634146341463
			8.73983739837398	-11.4634146341463
			8.78048780487805	-11.4634146341463
			8.82113821138211	-11.4634146341463
			8.86178861788618	-11.4634146341463
			8.90243902439024	-11.4634146341463
			8.94308943089431	-11.4634146341463
			8.98373983739837	-11.4634146341463
			9.02439024390244	-11.4634146341463
			9.0650406504065	-11.4634146341463
			9.10569105691057	-11.4634146341463
			9.14634146341463	-11.4634146341463
			9.1869918699187	-11.4634146341463
			9.22764227642276	-11.4634146341463
			9.26829268292683	-11.4634146341463
			9.30894308943089	-11.4634146341463
			9.34959349593496	-11.4634146341463
			9.39024390243902	-11.4634146341463
			9.43089430894309	-11.4634146341463
			9.47154471544715	-11.4227642276423
			9.51219512195122	-11.4227642276423
			9.55284552845528	-11.4227642276423
			9.59349593495935	-11.4227642276423
			9.63414634146342	-11.4227642276423
			9.67479674796748	-11.4227642276423
			9.71544715447154	-11.4227642276423
			9.75609756097561	-11.4227642276423
			9.79674796747967	-11.4227642276423
			9.83739837398374	-11.4227642276423
			9.8780487804878	-11.4227642276423
			9.8780487804878	-11.3821138211382
			9.91869918699187	-11.3821138211382
			9.95934959349593	-11.3821138211382
			10	-11.3821138211382
			10.0406504065041	-11.3821138211382
			10.0813008130081	-11.3821138211382
			10.1219512195122	-11.3821138211382
			10.1626016260163	-11.3414634146341
			10.2032520325203	-11.3414634146341
			10.2439024390244	-11.3414634146341
			10.2845528455285	-11.3414634146341
			10.3252032520325	-11.3008130081301
			10.3658536585366	-11.3008130081301
			10.4065040650407	-11.3008130081301
			10.4471544715447	-11.260162601626
			10.4878048780488	-11.260162601626
			10.5284552845528	-11.260162601626
			10.5691056910569	-11.260162601626
			10.609756097561	-11.260162601626
			10.650406504065	-11.219512195122
			10.6910569105691	-11.219512195122
			10.7317073170732	-11.219512195122
			10.7723577235772	-11.219512195122
			10.8130081300813	-11.219512195122
			10.8536585365854	-11.219512195122
			10.8943089430894	-11.219512195122
			10.9349593495935	-11.219512195122
			10.9756097560976	-11.219512195122
			11.0162601626016	-11.219512195122
			11.0569105691057	-11.260162601626
			11.0975609756098	-11.260162601626
			11.1382113821138	-11.260162601626
			11.1788617886179	-11.260162601626
			11.219512195122	-11.260162601626
			11.260162601626	-11.260162601626
			11.3008130081301	-11.3008130081301
			11.3414634146341	-11.3008130081301
			11.3821138211382	-11.3008130081301
			11.4227642276423	-11.3008130081301
			11.4634146341463	-11.3414634146341
			11.5040650406504	-11.3414634146341
			11.5447154471545	-11.3414634146341
			11.5853658536585	-11.3414634146341
			11.6260162601626	-11.3821138211382
			11.6666666666667	-11.3821138211382
			11.7073170731707	-11.3821138211382
			11.7479674796748	-11.3821138211382
			11.7886178861789	-11.3821138211382
			11.8292682926829	-11.3821138211382
			11.869918699187	-11.3821138211382
			11.9105691056911	-11.3821138211382
			11.9512195121951	-11.3821138211382
			11.9918699186992	-11.3821138211382
			12.0325203252033	-11.3821138211382
			12.0731707317073	-11.3821138211382
			12.1138211382114	-11.3821138211382
			12.1544715447154	-11.3821138211382
			12.1951219512195	-11.3821138211382
			12.2357723577236	-11.3821138211382
			12.2764227642276	-11.3821138211382
			12.3170731707317	-11.3414634146341
			12.3577235772358	-11.3414634146341
			12.3983739837398	-11.3414634146341
			12.4390243902439	-11.3414634146341
			12.479674796748	-11.3414634146341
			12.520325203252	-11.3414634146341
			12.5609756097561	-11.3414634146341
			12.6016260162602	-11.3008130081301
			12.6422764227642	-11.3008130081301
			12.6829268292683	-11.3008130081301
			12.7235772357724	-11.3008130081301
			12.7642276422764	-11.260162601626
			12.8048780487805	-11.260162601626
			12.8455284552846	-11.260162601626
			12.8861788617886	-11.260162601626
			12.9268292682927	-11.219512195122
			12.9674796747967	-11.219512195122
			13.0081300813008	-11.1788617886179
			13.0487804878049	-11.1788617886179
			13.0894308943089	-11.1788617886179
			13.130081300813	-11.1382113821138
			13.1707317073171	-11.1382113821138
			13.2113821138211	-11.0975609756098
			13.2520325203252	-11.0975609756098
			13.2926829268293	-11.0975609756098
			13.3333333333333	-11.1382113821138
			13.3739837398374	-11.1382113821138
			13.4146341463415	-11.1382113821138
			13.4552845528455	-11.1788617886179
			13.4959349593496	-11.1788617886179
			13.5365853658537	-11.1788617886179
			13.5772357723577	-11.219512195122
			13.6178861788618	-11.219512195122
			13.6585365853659	-11.219512195122
			13.6991869918699	-11.260162601626
			13.739837398374	-11.260162601626
			13.780487804878	-11.260162601626
			13.8211382113821	-11.260162601626
			13.8617886178862	-11.3008130081301
			13.9024390243902	-11.3008130081301
			13.9430894308943	-11.3414634146341
			13.9837398373984	-11.3414634146341
			14.0243902439024	-11.3414634146341
			14.0650406504065	-11.3821138211382
			14.1056910569106	-11.3821138211382
			14.1463414634146	-11.3821138211382
			14.1463414634146	-11.4227642276423
			14.1869918699187	-11.4227642276423
			14.2276422764228	-11.4227642276423
			14.2276422764228	-11.4634146341463
			14.2682926829268	-11.4634146341463
			14.2682926829268	-11.5040650406504
			14.3089430894309	-11.5040650406504
			14.349593495935	-11.5447154471545
			14.390243902439	-11.5853658536585
			14.4308943089431	-11.5853658536585
			14.4715447154472	-11.6260162601626
			14.5121951219512	-11.6260162601626
			14.5528455284553	-11.6260162601626
			14.5934959349593	-11.6260162601626
			14.6341463414634	-11.6260162601626
			14.6747967479675	-11.6260162601626
			14.7154471544715	-11.6260162601626
			14.7560975609756	-11.6260162601626
			14.7967479674797	-11.6260162601626
			14.8373983739837	-11.6260162601626
			14.8780487804878	-11.6260162601626
			14.9186991869919	-11.6260162601626
			14.9186991869919	-11.5853658536585
			14.9593495934959	-11.5853658536585
			15	-11.5853658536585
			15.0406504065041	-11.5447154471545
			15.0813008130081	-11.5447154471545
			15.1219512195122	-11.5040650406504
			15.1626016260163	-11.5040650406504
			15.2032520325203	-11.4634146341463
		</posterior>
	</curves.scaled>
	<ruler.points type=matrix rownames=TRUE colnames=FALSE nrow=2 ncol=2 as.numeric=TRUE >
		Ruler point 1	295	370
		Ruler point 2	418	370
	</ruler.points>
</shapes>

