<shapes type=list>
	<ruler.pixel type=vector names=FALSE length=1 as.numeric=TRUE >521</ruler.pixel>
	<ruler.interval type=vector names=FALSE length=1 as.numeric=TRUE >1.875</ruler.interval>
	<scaling.units type=vector names=FALSE length=1 as.numeric=FALSE >cm</scaling.units>
	<scaling type=vector names=FALSE length=1 as.numeric=TRUE >0.00359884836852207</scaling>
	<landmarks.pixel type=matrix rownames=TRUE colnames=FALSE nrow=16 ncol=2 as.numeric=TRUE >
		LM1	601	27
		LM2	601	33
		LM3	601	125
		LM4	601	147
		LM5	647	105
		LM6	627	130
		LM7	631	141
		LM8	675	93
		LM9	677	111
		LM10	601	27
		LM11	728	137
		LM12	734	146
		LM13	601	27
		LM14	694	104
		LM15	772	147
		LM16	832	246
	</landmarks.pixel>
	<landmarks.scaled type=matrix rownames=TRUE colnames=FALSE nrow=16 ncol=2 as.numeric=TRUE >
		LM1	2.16290786948177	-0.097168905950096
		LM2	2.16290786948177	-0.118761996161228
		LM3	2.16290786948177	-0.449856046065259
		LM4	2.16290786948177	-0.529030710172745
		LM5	2.32845489443378	-0.377879078694818
		LM6	2.25647792706334	-0.467850287907869
		LM7	2.27087332053743	-0.507437619961612
		LM8	2.4292226487524	-0.334692898272553
		LM9	2.43642034548944	-0.39947216890595
		LM10	2.16290786948177	-0.097168905950096
		LM11	2.61996161228407	-0.493042226487524
		LM12	2.6415547024952	-0.525431861804223
		LM13	2.16290786948177	-0.097168905950096
		LM14	2.49760076775432	-0.374280230326296
		LM15	2.77831094049904	-0.529030710172745
		LM16	2.99424184261036	-0.88531669865643
	</landmarks.scaled>
	<curves.control type=list>
		<glabella type=matrix rownames=FALSE colnames=FALSE nrow=13 ncol=2 as.numeric=TRUE >
			601	33
			623	33
			637	42
			636	54
			628	60
			649	51
			647	64
			643	72
			639	81
			664	90
			627	130
			638	133
			631	141
		</glabella>
		<suture type=matrix rownames=FALSE colnames=FALSE nrow=13 ncol=2 as.numeric=TRUE >
			601	27
			635	26
			663	38
			684	55
			675	93
			688	90
			687	109
			685	116
			676	114
			673	120
			685	130
			735	133
			734	146
		</suture>
		<anterior type=matrix rownames=FALSE colnames=FALSE nrow=97 ncol=2 as.numeric=TRUE >
			601	27
			635	26
			663	38
			666	37
			669	35
			672	35
			668	41
			671	43
			677	38
			682	33
			678	42
			680	43
			682	44
			685	43
			687	40
			691	37
			690	40
			687	46
			692	47
			696	43
			700	41
			698	46
			698	49
			701	49
			708	42
			709	45
			702	51
			704	52
			712	45
			712	48
			706	54
			713	54
			720	46
			723	49
			713	56
			717	62
			730	52
			732	52
			720	61
			721	63
			724	64
			733	58
			738	55
			738	58
			727	66
			729	69
			744	61
			747	61
			731	71
			732	78
			742	72
			760	65
			749	71
			737	77
			740	79
			753	74
			761	73
			750	78
			742	82
			743	84
			748	83
			777	77
			765	82
			752	86
			746	90
			748	93
			752	98
			782	94
			786	97
			777	100
			755	103
			753	107
			756	108
			794	105
			795	111
			771	110
			756	113
			755	116
			763	116
			790	117
			799	120
			790	123
			757	121
			754	123
			758	125
			766	126
			795	130
			803	134
			759	129
			760	134
			766	135
			782	138
			803	147
			798	150
			766	139
			768	142
			772	147
		</anterior>
		<posterior type=matrix rownames=FALSE colnames=FALSE nrow=19 ncol=2 as.numeric=TRUE >
			601	147
			608	151
			631	142
			658	136
			709	142
			723	144
			734	146
			745	148
			755	149
			769	155
			797	184
			821	219
			828	240
			835	256
			832	235
			826	205
			798	171
			782	151
			772	147
		</posterior>
	</curves.control>
	<curves.pixel type=list>
		<glabella type=matrix rownames=FALSE colnames=FALSE nrow=169 ncol=2 as.numeric=TRUE >
			601	33
			602	33
			603	33
			604	33
			605	33
			606	33
			607	33
			608	33
			609	33
			610	33
			611	34
			612	34
			613	34
			614	34
			615	34
			616	34
			617	34
			618	35
			619	35
			620	35
			621	35
			622	36
			623	36
			624	36
			625	37
			626	37
			627	37
			628	38
			629	38
			630	38
			631	39
			632	39
			633	40
			634	40
			635	41
			636	42
			637	43
			637	44
			637	45
			636	46
			636	47
			636	48
			636	49
			635	50
			635	51
			634	52
			634	53
			634	54
			633	54
			633	55
			632	56
			631	57
			630	58
			629	59
			629	60
			630	59
			631	59
			632	58
			633	58
			634	58
			635	57
			636	57
			637	57
			638	57
			639	56
			640	56
			641	56
			642	56
			643	56
			644	57
			645	57
			646	58
			646	59
			647	60
			647	61
			647	62
			647	63
			647	64
			647	65
			646	65
			646	66
			646	67
			645	67
			645	68
			645	69
			644	70
			643	71
			643	72
			643	73
			642	74
			642	75
			641	76
			641	77
			640	78
			640	79
			640	80
			639	81
			640	82
			641	82
			642	82
			643	83
			644	83
			644	84
			645	84
			645	85
			646	85
			646	86
			647	86
			647	87
			648	88
			648	89
			649	90
			649	91
			649	92
			649	93
			649	94
			649	95
			649	96
			649	97
			648	98
			648	99
			648	100
			647	101
			647	102
			647	103
			646	103
			646	104
			646	105
			645	106
			644	107
			644	108
			643	109
			643	110
			642	111
			641	112
			641	113
			640	114
			639	115
			639	116
			638	116
			638	117
			637	118
			636	119
			636	120
			635	121
			634	122
			634	123
			633	123
			632	124
			631	125
			631	126
			630	127
			629	128
			628	129
			627	130
			628	130
			629	131
			630	131
			631	132
			632	132
			633	133
			634	134
			634	135
			634	136
			634	137
			633	138
			632	139
			632	140
			631	141
		</glabella>
		<suture type=matrix rownames=FALSE colnames=FALSE nrow=229 ncol=2 as.numeric=TRUE >
			601	27
			602	27
			603	27
			604	27
			605	27
			606	27
			607	27
			608	27
			609	27
			610	27
			611	27
			612	27
			613	27
			614	27
			615	27
			616	27
			617	27
			618	27
			619	27
			620	28
			621	28
			622	28
			623	28
			624	28
			625	28
			626	28
			627	28
			628	28
			629	29
			630	29
			631	29
			632	29
			633	29
			634	29
			635	29
			636	30
			637	30
			638	30
			639	30
			640	31
			641	31
			642	31
			643	31
			644	32
			645	32
			646	32
			647	32
			648	33
			649	33
			650	33
			651	34
			652	34
			653	34
			654	34
			655	35
			656	35
			657	36
			658	36
			659	36
			660	37
			661	37
			662	38
			663	38
			664	39
			665	40
			666	41
			667	42
			668	43
			669	43
			669	44
			670	45
			671	46
			671	47
			672	48
			673	49
			673	50
			673	51
			674	52
			674	53
			675	54
			675	55
			675	56
			676	57
			676	58
			676	59
			676	60
			677	61
			677	62
			677	63
			677	64
			677	65
			677	66
			677	67
			678	68
			678	69
			678	70
			678	71
			678	72
			678	73
			678	74
			678	75
			678	76
			678	77
			677	77
			677	78
			677	79
			677	80
			677	81
			677	82
			677	83
			677	84
			677	85
			676	86
			676	87
			676	88
			676	89
			676	90
			676	91
			675	91
			675	92
			675	93
			676	93
			677	93
			678	93
			679	93
			680	93
			681	93
			682	93
			683	94
			684	95
			685	96
			685	97
			686	98
			686	99
			686	100
			687	101
			687	102
			687	103
			687	104
			687	105
			687	106
			687	107
			687	108
			687	109
			687	110
			686	110
			686	111
			686	112
			685	112
			685	113
			684	113
			684	114
			683	114
			682	114
			681	114
			680	114
			679	114
			678	114
			677	114
			676	114
			676	115
			675	116
			675	117
			676	118
			676	119
			676	120
			677	121
			677	122
			678	123
			678	124
			679	124
			680	125
			681	126
			682	127
			683	128
			684	129
			685	130
			686	130
			687	130
			688	130
			689	130
			690	130
			691	130
			692	131
			693	131
			694	131
			695	131
			696	131
			697	131
			698	131
			699	131
			700	131
			701	131
			702	132
			703	132
			704	132
			705	132
			706	132
			707	132
			708	132
			709	133
			710	133
			711	133
			712	133
			713	133
			714	133
			715	134
			716	134
			717	134
			718	134
			719	135
			720	135
			721	135
			722	135
			723	136
			724	136
			725	137
			726	137
			727	137
			728	138
			729	139
			730	139
			731	140
			732	141
			733	142
			733	143
			734	144
			734	145
			734	146
		</suture>
		<anterior type=matrix rownames=FALSE colnames=FALSE nrow=857 ncol=2 as.numeric=TRUE >
			601	27
			602	27
			603	27
			604	27
			605	27
			606	27
			607	27
			608	27
			609	27
			610	27
			611	27
			612	27
			613	27
			614	27
			615	27
			616	27
			617	27
			618	27
			619	27
			620	28
			621	28
			622	28
			623	28
			624	28
			625	28
			626	28
			627	28
			628	28
			629	29
			630	29
			631	29
			632	29
			633	29
			634	29
			635	30
			636	30
			637	30
			638	30
			639	30
			640	31
			641	31
			642	31
			643	31
			644	32
			645	32
			646	32
			647	32
			648	33
			649	33
			650	33
			651	34
			652	34
			653	34
			654	35
			655	35
			656	35
			657	36
			658	36
			659	36
			660	37
			661	37
			662	38
			663	38
			664	38
			665	37
			666	37
			667	36
			668	36
			669	35
			670	35
			670	36
			670	37
			670	38
			669	39
			668	40
			668	41
			669	41
			669	42
			670	42
			671	42
			672	41
			673	41
			674	40
			675	39
			676	39
			677	38
			678	37
			679	37
			679	36
			680	36
			680	37
			680	38
			679	39
			679	40
			679	41
			678	42
			679	42
			679	43
			680	43
			681	43
			682	44
			683	44
			684	43
			685	43
			685	42
			686	41
			687	40
			688	39
			689	39
			690	39
			690	40
			690	41
			689	42
			689	43
			689	44
			689	45
			690	46
			691	47
			692	47
			693	46
			694	45
			695	44
			696	44
			697	43
			698	42
			699	42
			700	41
			700	42
			699	43
			699	44
			699	45
			698	46
			698	47
			698	48
			698	49
			699	49
			700	48
			701	48
			702	47
			703	47
			704	46
			705	45
			706	44
			707	43
			708	42
			708	43
			708	44
			707	45
			707	46
			706	47
			705	48
			704	49
			703	50
			702	51
			703	51
			704	51
			705	50
			706	50
			707	49
			708	48
			709	48
			710	47
			711	46
			712	45
			712	46
			711	47
			711	48
			710	49
			709	50
			709	51
			708	52
			707	53
			706	54
			707	54
			708	54
			709	54
			710	53
			711	53
			712	52
			713	52
			714	51
			715	51
			716	50
			717	49
			718	48
			719	48
			719	47
			720	46
			720	47
			721	47
			721	48
			720	49
			720	50
			719	51
			718	52
			717	53
			716	54
			715	54
			714	55
			714	56
			713	56
			713	57
			714	57
			715	58
			716	58
			717	58
			718	58
			719	58
			720	58
			721	58
			722	57
			723	57
			724	56
			725	55
			726	55
			727	54
			728	54
			729	53
			730	52
			730	53
			729	54
			728	55
			727	55
			726	56
			726	57
			725	57
			724	58
			723	59
			722	59
			722	60
			721	60
			720	61
			720	62
			721	62
			722	63
			723	64
			724	64
			725	63
			726	63
			727	62
			728	61
			729	61
			730	60
			731	60
			731	59
			732	59
			733	58
			734	58
			735	57
			736	56
			737	55
			738	55
			738	56
			737	57
			736	58
			735	59
			734	60
			733	61
			732	62
			731	63
			730	64
			729	65
			728	65
			727	66
			728	67
			729	67
			730	67
			731	67
			732	66
			733	66
			734	66
			735	65
			736	65
			737	64
			738	64
			739	64
			740	63
			741	63
			742	62
			743	62
			744	61
			744	62
			743	63
			742	64
			741	64
			740	65
			739	66
			738	67
			737	67
			736	68
			735	69
			734	69
			733	70
			732	70
			731	71
			731	72
			732	73
			732	74
			733	74
			734	75
			735	75
			736	75
			737	74
			738	74
			739	74
			740	73
			741	72
			742	72
			743	72
			744	71
			745	71
			746	70
			747	70
			748	70
			749	69
			750	69
			751	69
			752	68
			753	68
			752	69
			751	70
			750	71
			749	71
			748	71
			747	72
			746	72
			746	73
			745	73
			744	74
			743	74
			742	75
			741	76
			740	77
			739	78
			740	79
			741	79
			742	78
			743	78
			744	77
			745	77
			746	77
			747	76
			748	76
			749	76
			750	76
			751	75
			752	75
			753	75
			754	74
			755	74
			756	74
			757	74
			758	73
			759	73
			760	73
			761	73
			760	74
			759	74
			758	74
			758	75
			757	75
			756	75
			755	76
			754	76
			753	77
			752	77
			751	77
			751	78
			750	78
			749	79
			748	79
			747	79
			747	80
			746	80
			745	80
			744	81
			743	82
			742	82
			743	83
			744	83
			745	83
			746	83
			747	83
			748	83
			749	83
			750	83
			751	82
			752	82
			753	82
			754	82
			755	82
			756	81
			757	81
			758	81
			759	81
			760	81
			761	81
			762	80
			763	80
			764	80
			765	80
			766	80
			767	80
			768	80
			768	81
			767	81
			766	82
			765	82
			764	82
			763	82
			763	83
			762	83
			761	83
			760	84
			759	84
			758	84
			757	85
			756	85
			755	85
			754	86
			753	86
			752	87
			751	87
			750	88
			749	88
			748	89
			747	90
			746	90
			747	91
			747	92
			748	92
			748	93
			749	94
			749	95
			750	96
			751	96
			752	97
			752	98
			753	98
			754	98
			755	98
			756	98
			756	97
			757	97
			758	97
			759	97
			760	97
			761	97
			762	97
			763	97
			764	97
			765	96
			766	96
			767	96
			768	96
			769	96
			770	96
			771	96
			772	96
			773	96
			774	96
			775	96
			776	96
			777	96
			778	96
			779	96
			780	96
			781	96
			782	96
			783	96
			784	96
			785	96
			786	97
			785	97
			784	98
			783	98
			782	98
			781	99
			780	99
			779	99
			778	99
			777	99
			776	100
			775	100
			774	100
			773	100
			772	100
			771	101
			770	101
			769	101
			768	101
			767	101
			766	101
			765	102
			764	102
			763	102
			762	102
			761	102
			760	102
			759	102
			758	103
			757	103
			756	103
			755	103
			755	104
			754	104
			754	105
			754	106
			754	107
			755	107
			756	108
			757	108
			758	108
			759	108
			760	108
			761	108
			762	108
			763	108
			764	107
			765	107
			766	107
			767	107
			768	107
			769	107
			770	107
			771	107
			772	107
			773	107
			774	107
			775	107
			776	107
			777	107
			778	107
			779	107
			780	107
			781	107
			782	107
			783	107
			784	107
			785	107
			786	107
			787	107
			787	108
			788	108
			789	108
			790	108
			791	108
			792	109
			793	109
			794	109
			794	110
			795	110
			795	111
			794	111
			793	111
			792	111
			791	111
			790	111
			789	111
			788	111
			787	111
			786	111
			785	111
			784	111
			783	111
			782	111
			781	111
			780	111
			779	111
			778	111
			777	111
			776	111
			775	111
			774	111
			773	111
			772	111
			771	111
			770	111
			769	111
			768	111
			767	111
			766	112
			765	112
			764	112
			763	112
			762	112
			761	112
			760	112
			759	112
			758	113
			757	113
			756	113
			756	114
			756	115
			757	115
			758	116
			759	116
			760	116
			761	116
			762	116
			763	116
			764	116
			765	116
			766	116
			767	116
			768	116
			769	116
			770	116
			771	116
			772	116
			773	116
			774	117
			775	117
			776	117
			777	117
			778	117
			779	117
			780	117
			781	117
			782	117
			783	117
			784	117
			785	117
			786	118
			787	118
			788	118
			789	118
			790	118
			791	118
			792	118
			793	119
			794	119
			795	119
			796	119
			797	119
			798	120
			799	120
			798	120
			797	121
			796	121
			795	121
			794	121
			793	121
			792	121
			791	121
			790	121
			789	122
			788	122
			787	122
			786	122
			785	122
			784	122
			783	122
			782	122
			781	122
			780	122
			779	122
			778	122
			777	122
			776	122
			775	122
			774	122
			773	122
			772	122
			771	122
			770	122
			769	122
			768	122
			767	122
			766	121
			765	121
			764	121
			763	121
			762	121
			761	121
			760	121
			759	121
			758	121
			757	121
			756	121
			756	122
			756	123
			756	124
			757	125
			758	125
			759	125
			760	125
			761	125
			762	126
			763	126
			764	126
			765	126
			766	126
			767	126
			768	126
			769	126
			770	127
			771	127
			772	127
			773	127
			774	127
			775	127
			776	127
			777	128
			778	128
			779	128
			780	128
			781	128
			782	128
			783	128
			784	129
			785	129
			786	129
			787	129
			788	129
			789	129
			790	129
			791	129
			792	130
			793	130
			794	130
			795	130
			796	130
			796	131
			795	132
			794	132
			793	132
			792	132
			791	132
			790	132
			789	132
			788	132
			787	132
			786	132
			785	132
			785	131
			784	131
			783	131
			782	131
			781	131
			780	131
			779	131
			778	131
			777	131
			776	131
			775	131
			774	131
			773	130
			772	130
			771	130
			770	130
			769	130
			768	130
			767	130
			766	130
			765	130
			764	130
			763	129
			762	129
			761	129
			760	129
			759	129
			759	130
			760	131
			761	132
			762	133
			763	134
			764	134
			765	135
			766	135
			767	135
			768	135
			769	136
			770	136
			771	136
			772	136
			773	136
			773	137
			774	137
			775	137
			776	137
			777	138
			778	138
			779	138
			780	138
			781	139
			782	139
			783	140
			784	140
			785	140
			786	140
			787	141
			788	141
			789	141
			790	142
			791	142
			792	142
			792	143
			793	143
			794	143
			795	144
			796	144
			797	144
			798	145
			799	145
			800	146
			801	146
			802	147
			803	147
			802	147
			801	148
			800	148
			799	148
			798	148
			797	147
			796	147
			795	147
			794	147
			793	147
			792	147
			791	146
			790	146
			789	146
			788	146
			787	145
			786	145
			785	145
			784	145
			783	144
			782	144
			781	144
			780	144
			779	143
			778	143
			777	143
			776	142
			775	142
			774	142
			773	141
			772	141
			771	141
			770	140
			769	140
			768	140
			767	139
			766	139
			766	140
			767	140
			767	141
			768	141
			768	142
			769	143
			769	144
			770	144
			771	145
			771	146
			772	147
		</anterior>
		<posterior type=matrix rownames=FALSE colnames=FALSE nrow=379 ncol=2 as.numeric=TRUE >
			601	147
			602	147
			602	148
			603	148
			604	148
			605	148
			606	148
			607	148
			608	148
			609	148
			610	148
			611	148
			612	148
			613	148
			614	147
			615	147
			616	147
			617	147
			618	146
			619	146
			620	146
			621	146
			622	145
			623	145
			624	145
			625	144
			626	144
			627	144
			628	143
			629	143
			630	143
			631	142
			632	142
			633	142
			634	141
			635	141
			636	141
			637	141
			638	141
			639	141
			640	140
			641	140
			642	140
			643	140
			644	140
			645	140
			646	140
			647	140
			648	140
			649	139
			650	139
			651	139
			652	139
			653	139
			654	139
			655	139
			656	139
			657	139
			658	139
			659	139
			660	139
			661	139
			662	139
			663	139
			664	139
			665	139
			666	139
			667	139
			668	139
			669	139
			670	139
			671	139
			672	139
			673	139
			674	139
			675	139
			676	139
			677	139
			678	139
			679	139
			680	139
			681	140
			682	140
			683	140
			684	140
			685	140
			686	140
			687	140
			688	140
			689	140
			690	140
			691	140
			692	140
			693	140
			694	140
			695	141
			696	141
			697	141
			698	141
			699	141
			700	141
			701	141
			702	141
			703	141
			704	141
			705	142
			706	142
			707	142
			708	142
			709	142
			710	142
			711	142
			712	142
			713	143
			714	143
			715	143
			716	143
			717	143
			718	143
			719	144
			720	144
			721	144
			722	144
			723	144
			724	144
			725	144
			726	145
			727	145
			728	145
			729	145
			730	145
			731	146
			732	146
			733	146
			734	146
			735	146
			736	146
			737	147
			738	147
			739	147
			740	147
			741	147
			742	147
			743	147
			744	148
			745	148
			746	148
			747	148
			748	148
			749	148
			750	148
			751	149
			752	149
			753	149
			754	149
			755	149
			756	150
			757	150
			758	150
			758	151
			759	151
			760	151
			760	152
			761	152
			762	153
			763	153
			764	154
			764	155
			765	155
			766	156
			767	156
			768	157
			769	158
			770	158
			771	159
			772	160
			773	161
			774	162
			775	162
			776	163
			777	164
			778	165
			779	166
			780	167
			781	168
			782	169
			783	170
			784	171
			785	172
			786	173
			787	174
			788	175
			789	176
			790	177
			791	178
			792	179
			793	180
			794	181
			795	181
			795	182
			796	183
			797	184
			798	185
			798	186
			799	186
			799	187
			800	188
			800	189
			801	190
			802	191
			802	192
			803	193
			803	194
			804	194
			805	195
			805	196
			806	197
			806	198
			807	199
			808	200
			808	201
			809	202
			809	203
			810	204
			811	205
			811	206
			812	207
			813	208
			813	209
			814	210
			814	211
			815	212
			816	213
			816	214
			817	215
			817	216
			818	217
			818	218
			819	219
			819	220
			820	221
			820	222
			821	223
			821	224
			822	225
			822	226
			823	227
			823	228
			824	229
			824	230
			825	231
			825	232
			825	233
			826	234
			826	235
			827	236
			827	237
			827	238
			828	239
			828	240
			828	241
			829	242
			829	243
			830	244
			830	245
			831	246
			832	247
			833	246
			833	245
			833	244
			833	243
			833	242
			833	241
			833	240
			832	239
			832	238
			832	237
			832	236
			832	235
			832	234
			832	233
			831	232
			831	231
			831	230
			831	229
			830	229
			830	228
			830	227
			830	226
			830	225
			829	225
			829	224
			829	223
			829	222
			828	222
			828	221
			828	220
			827	219
			827	218
			826	217
			826	216
			826	215
			825	214
			825	213
			824	212
			824	211
			823	210
			823	209
			823	208
			822	207
			822	206
			821	205
			821	204
			820	203
			819	202
			819	201
			818	200
			818	199
			817	198
			817	197
			816	196
			815	195
			815	194
			814	193
			814	192
			813	191
			812	190
			812	189
			811	188
			810	187
			809	186
			809	185
			808	184
			807	183
			807	182
			806	181
			805	180
			804	179
			803	178
			803	177
			802	176
			801	175
			800	174
			799	173
			798	172
			798	171
			797	170
			796	169
			795	168
			794	167
			793	166
			793	165
			792	164
			791	163
			790	162
			789	161
			788	160
			787	159
			787	158
			786	158
			786	157
			785	156
			784	156
			784	155
			783	155
			783	154
			782	154
			782	153
			781	153
			780	152
			779	152
			778	151
			777	150
			776	149
			775	149
			774	148
			773	148
			773	147
			772	147
		</posterior>
	</curves.pixel>
	<curves.scaled type=list>
		<glabella type=matrix rownames=FALSE colnames=FALSE nrow=169 ncol=2 as.numeric=TRUE >
			2.16290786948177	-0.118761996161228
			2.16650671785029	-0.118761996161228
			2.17010556621881	-0.118761996161228
			2.17370441458733	-0.118761996161228
			2.17730326295585	-0.118761996161228
			2.18090211132438	-0.118761996161228
			2.1845009596929	-0.118761996161228
			2.18809980806142	-0.118761996161228
			2.19169865642994	-0.118761996161228
			2.19529750479846	-0.118761996161228
			2.19889635316699	-0.12236084452975
			2.20249520153551	-0.12236084452975
			2.20609404990403	-0.12236084452975
			2.20969289827255	-0.12236084452975
			2.21329174664108	-0.12236084452975
			2.2168905950096	-0.12236084452975
			2.22048944337812	-0.12236084452975
			2.22408829174664	-0.125959692898273
			2.22768714011516	-0.125959692898273
			2.23128598848369	-0.125959692898273
			2.23488483685221	-0.125959692898273
			2.23848368522073	-0.129558541266795
			2.24208253358925	-0.129558541266795
			2.24568138195777	-0.129558541266795
			2.2492802303263	-0.133157389635317
			2.25287907869482	-0.133157389635317
			2.25647792706334	-0.133157389635317
			2.26007677543186	-0.136756238003839
			2.26367562380038	-0.136756238003839
			2.26727447216891	-0.136756238003839
			2.27087332053743	-0.140355086372361
			2.27447216890595	-0.140355086372361
			2.27807101727447	-0.143953934740883
			2.28166986564299	-0.143953934740883
			2.28526871401152	-0.147552783109405
			2.28886756238004	-0.151151631477927
			2.29246641074856	-0.154750479846449
			2.29246641074856	-0.158349328214971
			2.29246641074856	-0.161948176583493
			2.28886756238004	-0.165547024952015
			2.28886756238004	-0.169145873320537
			2.28886756238004	-0.17274472168906
			2.28886756238004	-0.176343570057582
			2.28526871401152	-0.179942418426104
			2.28526871401152	-0.183541266794626
			2.28166986564299	-0.187140115163148
			2.28166986564299	-0.19073896353167
			2.28166986564299	-0.194337811900192
			2.27807101727447	-0.194337811900192
			2.27807101727447	-0.197936660268714
			2.27447216890595	-0.201535508637236
			2.27087332053743	-0.205134357005758
			2.26727447216891	-0.20873320537428
			2.26367562380038	-0.212332053742802
			2.26367562380038	-0.215930902111324
			2.26727447216891	-0.212332053742802
			2.27087332053743	-0.212332053742802
			2.27447216890595	-0.20873320537428
			2.27807101727447	-0.20873320537428
			2.28166986564299	-0.20873320537428
			2.28526871401152	-0.205134357005758
			2.28886756238004	-0.205134357005758
			2.29246641074856	-0.205134357005758
			2.29606525911708	-0.205134357005758
			2.2996641074856	-0.201535508637236
			2.30326295585413	-0.201535508637236
			2.30686180422265	-0.201535508637236
			2.31046065259117	-0.201535508637236
			2.31405950095969	-0.201535508637236
			2.31765834932822	-0.205134357005758
			2.32125719769674	-0.205134357005758
			2.32485604606526	-0.20873320537428
			2.32485604606526	-0.212332053742802
			2.32845489443378	-0.215930902111324
			2.32845489443378	-0.219529750479846
			2.32845489443378	-0.223128598848369
			2.32845489443378	-0.226727447216891
			2.32845489443378	-0.230326295585413
			2.32845489443378	-0.233925143953935
			2.32485604606526	-0.233925143953935
			2.32485604606526	-0.237523992322457
			2.32485604606526	-0.241122840690979
			2.32125719769674	-0.241122840690979
			2.32125719769674	-0.244721689059501
			2.32125719769674	-0.248320537428023
			2.31765834932822	-0.251919385796545
			2.31405950095969	-0.255518234165067
			2.31405950095969	-0.259117082533589
			2.31405950095969	-0.262715930902111
			2.31046065259117	-0.266314779270633
			2.31046065259117	-0.269913627639155
			2.30686180422265	-0.273512476007678
			2.30686180422265	-0.2771113243762
			2.30326295585413	-0.280710172744722
			2.30326295585413	-0.284309021113244
			2.30326295585413	-0.287907869481766
			2.2996641074856	-0.291506717850288
			2.30326295585413	-0.29510556621881
			2.30686180422265	-0.29510556621881
			2.31046065259117	-0.29510556621881
			2.31405950095969	-0.298704414587332
			2.31765834932822	-0.298704414587332
			2.31765834932822	-0.302303262955854
			2.32125719769674	-0.302303262955854
			2.32125719769674	-0.305902111324376
			2.32485604606526	-0.305902111324376
			2.32485604606526	-0.309500959692898
			2.32845489443378	-0.309500959692898
			2.32845489443378	-0.31309980806142
			2.3320537428023	-0.316698656429942
			2.3320537428023	-0.320297504798465
			2.33565259117083	-0.323896353166987
			2.33565259117083	-0.327495201535509
			2.33565259117083	-0.331094049904031
			2.33565259117083	-0.334692898272553
			2.33565259117083	-0.338291746641075
			2.33565259117083	-0.341890595009597
			2.33565259117083	-0.345489443378119
			2.33565259117083	-0.349088291746641
			2.3320537428023	-0.352687140115163
			2.3320537428023	-0.356285988483685
			2.3320537428023	-0.359884836852207
			2.32845489443378	-0.363483685220729
			2.32845489443378	-0.367082533589251
			2.32845489443378	-0.370681381957774
			2.32485604606526	-0.370681381957774
			2.32485604606526	-0.374280230326296
			2.32485604606526	-0.377879078694818
			2.32125719769674	-0.38147792706334
			2.31765834932822	-0.385076775431862
			2.31765834932822	-0.388675623800384
			2.31405950095969	-0.392274472168906
			2.31405950095969	-0.395873320537428
			2.31046065259117	-0.39947216890595
			2.30686180422265	-0.403071017274472
			2.30686180422265	-0.406669865642994
			2.30326295585413	-0.410268714011516
			2.2996641074856	-0.413867562380038
			2.2996641074856	-0.417466410748561
			2.29606525911708	-0.417466410748561
			2.29606525911708	-0.421065259117083
			2.29246641074856	-0.424664107485605
			2.28886756238004	-0.428262955854127
			2.28886756238004	-0.431861804222649
			2.28526871401152	-0.435460652591171
			2.28166986564299	-0.439059500959693
			2.28166986564299	-0.442658349328215
			2.27807101727447	-0.442658349328215
			2.27447216890595	-0.446257197696737
			2.27087332053743	-0.449856046065259
			2.27087332053743	-0.453454894433781
			2.26727447216891	-0.457053742802303
			2.26367562380038	-0.460652591170825
			2.26007677543186	-0.464251439539347
			2.25647792706334	-0.467850287907869
			2.26007677543186	-0.467850287907869
			2.26367562380038	-0.471449136276392
			2.26727447216891	-0.471449136276392
			2.27087332053743	-0.475047984644914
			2.27447216890595	-0.475047984644914
			2.27807101727447	-0.478646833013436
			2.28166986564299	-0.482245681381958
			2.28166986564299	-0.48584452975048
			2.28166986564299	-0.489443378119002
			2.28166986564299	-0.493042226487524
			2.27807101727447	-0.496641074856046
			2.27447216890595	-0.500239923224568
			2.27447216890595	-0.50383877159309
			2.27087332053743	-0.507437619961612
		</glabella>
		<suture type=matrix rownames=FALSE colnames=FALSE nrow=229 ncol=2 as.numeric=TRUE >
			2.16290786948177	-0.097168905950096
			2.16650671785029	-0.097168905950096
			2.17010556621881	-0.097168905950096
			2.17370441458733	-0.097168905950096
			2.17730326295585	-0.097168905950096
			2.18090211132438	-0.097168905950096
			2.1845009596929	-0.097168905950096
			2.18809980806142	-0.097168905950096
			2.19169865642994	-0.097168905950096
			2.19529750479846	-0.097168905950096
			2.19889635316699	-0.097168905950096
			2.20249520153551	-0.097168905950096
			2.20609404990403	-0.097168905950096
			2.20969289827255	-0.097168905950096
			2.21329174664108	-0.097168905950096
			2.2168905950096	-0.097168905950096
			2.22048944337812	-0.097168905950096
			2.22408829174664	-0.097168905950096
			2.22768714011516	-0.097168905950096
			2.23128598848369	-0.100767754318618
			2.23488483685221	-0.100767754318618
			2.23848368522073	-0.100767754318618
			2.24208253358925	-0.100767754318618
			2.24568138195777	-0.100767754318618
			2.2492802303263	-0.100767754318618
			2.25287907869482	-0.100767754318618
			2.25647792706334	-0.100767754318618
			2.26007677543186	-0.100767754318618
			2.26367562380038	-0.10436660268714
			2.26727447216891	-0.10436660268714
			2.27087332053743	-0.10436660268714
			2.27447216890595	-0.10436660268714
			2.27807101727447	-0.10436660268714
			2.28166986564299	-0.10436660268714
			2.28526871401152	-0.10436660268714
			2.28886756238004	-0.107965451055662
			2.29246641074856	-0.107965451055662
			2.29606525911708	-0.107965451055662
			2.2996641074856	-0.107965451055662
			2.30326295585413	-0.111564299424184
			2.30686180422265	-0.111564299424184
			2.31046065259117	-0.111564299424184
			2.31405950095969	-0.111564299424184
			2.31765834932822	-0.115163147792706
			2.32125719769674	-0.115163147792706
			2.32485604606526	-0.115163147792706
			2.32845489443378	-0.115163147792706
			2.3320537428023	-0.118761996161228
			2.33565259117083	-0.118761996161228
			2.33925143953935	-0.118761996161228
			2.34285028790787	-0.12236084452975
			2.34644913627639	-0.12236084452975
			2.35004798464491	-0.12236084452975
			2.35364683301344	-0.12236084452975
			2.35724568138196	-0.125959692898273
			2.36084452975048	-0.125959692898273
			2.364443378119	-0.129558541266795
			2.36804222648752	-0.129558541266795
			2.37164107485605	-0.129558541266795
			2.37523992322457	-0.133157389635317
			2.37883877159309	-0.133157389635317
			2.38243761996161	-0.136756238003839
			2.38603646833013	-0.136756238003839
			2.38963531669866	-0.140355086372361
			2.39323416506718	-0.143953934740883
			2.3968330134357	-0.147552783109405
			2.40043186180422	-0.151151631477927
			2.40403071017274	-0.154750479846449
			2.40762955854127	-0.154750479846449
			2.40762955854127	-0.158349328214971
			2.41122840690979	-0.161948176583493
			2.41482725527831	-0.165547024952015
			2.41482725527831	-0.169145873320537
			2.41842610364683	-0.17274472168906
			2.42202495201536	-0.176343570057582
			2.42202495201536	-0.179942418426104
			2.42202495201536	-0.183541266794626
			2.42562380038388	-0.187140115163148
			2.42562380038388	-0.19073896353167
			2.4292226487524	-0.194337811900192
			2.4292226487524	-0.197936660268714
			2.4292226487524	-0.201535508637236
			2.43282149712092	-0.205134357005758
			2.43282149712092	-0.20873320537428
			2.43282149712092	-0.212332053742802
			2.43282149712092	-0.215930902111324
			2.43642034548944	-0.219529750479846
			2.43642034548944	-0.223128598848369
			2.43642034548944	-0.226727447216891
			2.43642034548944	-0.230326295585413
			2.43642034548944	-0.233925143953935
			2.43642034548944	-0.237523992322457
			2.43642034548944	-0.241122840690979
			2.44001919385797	-0.244721689059501
			2.44001919385797	-0.248320537428023
			2.44001919385797	-0.251919385796545
			2.44001919385797	-0.255518234165067
			2.44001919385797	-0.259117082533589
			2.44001919385797	-0.262715930902111
			2.44001919385797	-0.266314779270633
			2.44001919385797	-0.269913627639155
			2.44001919385797	-0.273512476007678
			2.44001919385797	-0.2771113243762
			2.43642034548944	-0.2771113243762
			2.43642034548944	-0.280710172744722
			2.43642034548944	-0.284309021113244
			2.43642034548944	-0.287907869481766
			2.43642034548944	-0.291506717850288
			2.43642034548944	-0.29510556621881
			2.43642034548944	-0.298704414587332
			2.43642034548944	-0.302303262955854
			2.43642034548944	-0.305902111324376
			2.43282149712092	-0.309500959692898
			2.43282149712092	-0.31309980806142
			2.43282149712092	-0.316698656429942
			2.43282149712092	-0.320297504798465
			2.43282149712092	-0.323896353166987
			2.43282149712092	-0.327495201535509
			2.4292226487524	-0.327495201535509
			2.4292226487524	-0.331094049904031
			2.4292226487524	-0.334692898272553
			2.43282149712092	-0.334692898272553
			2.43642034548944	-0.334692898272553
			2.44001919385797	-0.334692898272553
			2.44361804222649	-0.334692898272553
			2.44721689059501	-0.334692898272553
			2.45081573896353	-0.334692898272553
			2.45441458733205	-0.334692898272553
			2.45801343570058	-0.338291746641075
			2.4616122840691	-0.341890595009597
			2.46521113243762	-0.345489443378119
			2.46521113243762	-0.349088291746641
			2.46880998080614	-0.352687140115163
			2.46880998080614	-0.356285988483685
			2.46880998080614	-0.359884836852207
			2.47240882917466	-0.363483685220729
			2.47240882917466	-0.367082533589251
			2.47240882917466	-0.370681381957774
			2.47240882917466	-0.374280230326296
			2.47240882917466	-0.377879078694818
			2.47240882917466	-0.38147792706334
			2.47240882917466	-0.385076775431862
			2.47240882917466	-0.388675623800384
			2.47240882917466	-0.392274472168906
			2.47240882917466	-0.395873320537428
			2.46880998080614	-0.395873320537428
			2.46880998080614	-0.39947216890595
			2.46880998080614	-0.403071017274472
			2.46521113243762	-0.403071017274472
			2.46521113243762	-0.406669865642994
			2.4616122840691	-0.406669865642994
			2.4616122840691	-0.410268714011516
			2.45801343570058	-0.410268714011516
			2.45441458733205	-0.410268714011516
			2.45081573896353	-0.410268714011516
			2.44721689059501	-0.410268714011516
			2.44361804222649	-0.410268714011516
			2.44001919385797	-0.410268714011516
			2.43642034548944	-0.410268714011516
			2.43282149712092	-0.410268714011516
			2.43282149712092	-0.413867562380038
			2.4292226487524	-0.417466410748561
			2.4292226487524	-0.421065259117083
			2.43282149712092	-0.424664107485605
			2.43282149712092	-0.428262955854127
			2.43282149712092	-0.431861804222649
			2.43642034548944	-0.435460652591171
			2.43642034548944	-0.439059500959693
			2.44001919385797	-0.442658349328215
			2.44001919385797	-0.446257197696737
			2.44361804222649	-0.446257197696737
			2.44721689059501	-0.449856046065259
			2.45081573896353	-0.453454894433781
			2.45441458733205	-0.457053742802303
			2.45801343570058	-0.460652591170825
			2.4616122840691	-0.464251439539347
			2.46521113243762	-0.467850287907869
			2.46880998080614	-0.467850287907869
			2.47240882917466	-0.467850287907869
			2.47600767754319	-0.467850287907869
			2.47960652591171	-0.467850287907869
			2.48320537428023	-0.467850287907869
			2.48680422264875	-0.467850287907869
			2.49040307101727	-0.471449136276392
			2.4940019193858	-0.471449136276392
			2.49760076775432	-0.471449136276392
			2.50119961612284	-0.471449136276392
			2.50479846449136	-0.471449136276392
			2.50839731285989	-0.471449136276392
			2.51199616122841	-0.471449136276392
			2.51559500959693	-0.471449136276392
			2.51919385796545	-0.471449136276392
			2.52279270633397	-0.471449136276392
			2.5263915547025	-0.475047984644914
			2.52999040307102	-0.475047984644914
			2.53358925143954	-0.475047984644914
			2.53718809980806	-0.475047984644914
			2.54078694817658	-0.475047984644914
			2.54438579654511	-0.475047984644914
			2.54798464491363	-0.475047984644914
			2.55158349328215	-0.478646833013436
			2.55518234165067	-0.478646833013436
			2.55878119001919	-0.478646833013436
			2.56238003838772	-0.478646833013436
			2.56597888675624	-0.478646833013436
			2.56957773512476	-0.478646833013436
			2.57317658349328	-0.482245681381958
			2.5767754318618	-0.482245681381958
			2.58037428023033	-0.482245681381958
			2.58397312859885	-0.482245681381958
			2.58757197696737	-0.48584452975048
			2.59117082533589	-0.48584452975048
			2.59476967370441	-0.48584452975048
			2.59836852207294	-0.48584452975048
			2.60196737044146	-0.489443378119002
			2.60556621880998	-0.489443378119002
			2.6091650671785	-0.493042226487524
			2.61276391554703	-0.493042226487524
			2.61636276391555	-0.493042226487524
			2.61996161228407	-0.496641074856046
			2.62356046065259	-0.500239923224568
			2.62715930902111	-0.500239923224568
			2.63075815738964	-0.50383877159309
			2.63435700575816	-0.507437619961612
			2.63795585412668	-0.511036468330134
			2.63795585412668	-0.514635316698656
			2.6415547024952	-0.518234165067179
			2.6415547024952	-0.521833013435701
			2.6415547024952	-0.525431861804223
		</suture>
		<anterior type=matrix rownames=FALSE colnames=FALSE nrow=857 ncol=2 as.numeric=TRUE >
			2.16290786948177	-0.097168905950096
			2.16650671785029	-0.097168905950096
			2.17010556621881	-0.097168905950096
			2.17370441458733	-0.097168905950096
			2.17730326295585	-0.097168905950096
			2.18090211132438	-0.097168905950096
			2.1845009596929	-0.097168905950096
			2.18809980806142	-0.097168905950096
			2.19169865642994	-0.097168905950096
			2.19529750479846	-0.097168905950096
			2.19889635316699	-0.097168905950096
			2.20249520153551	-0.097168905950096
			2.20609404990403	-0.097168905950096
			2.20969289827255	-0.097168905950096
			2.21329174664108	-0.097168905950096
			2.2168905950096	-0.097168905950096
			2.22048944337812	-0.097168905950096
			2.22408829174664	-0.097168905950096
			2.22768714011516	-0.097168905950096
			2.23128598848369	-0.100767754318618
			2.23488483685221	-0.100767754318618
			2.23848368522073	-0.100767754318618
			2.24208253358925	-0.100767754318618
			2.24568138195777	-0.100767754318618
			2.2492802303263	-0.100767754318618
			2.25287907869482	-0.100767754318618
			2.25647792706334	-0.100767754318618
			2.26007677543186	-0.100767754318618
			2.26367562380038	-0.10436660268714
			2.26727447216891	-0.10436660268714
			2.27087332053743	-0.10436660268714
			2.27447216890595	-0.10436660268714
			2.27807101727447	-0.10436660268714
			2.28166986564299	-0.10436660268714
			2.28526871401152	-0.107965451055662
			2.28886756238004	-0.107965451055662
			2.29246641074856	-0.107965451055662
			2.29606525911708	-0.107965451055662
			2.2996641074856	-0.107965451055662
			2.30326295585413	-0.111564299424184
			2.30686180422265	-0.111564299424184
			2.31046065259117	-0.111564299424184
			2.31405950095969	-0.111564299424184
			2.31765834932822	-0.115163147792706
			2.32125719769674	-0.115163147792706
			2.32485604606526	-0.115163147792706
			2.32845489443378	-0.115163147792706
			2.3320537428023	-0.118761996161228
			2.33565259117083	-0.118761996161228
			2.33925143953935	-0.118761996161228
			2.34285028790787	-0.12236084452975
			2.34644913627639	-0.12236084452975
			2.35004798464491	-0.12236084452975
			2.35364683301344	-0.125959692898273
			2.35724568138196	-0.125959692898273
			2.36084452975048	-0.125959692898273
			2.364443378119	-0.129558541266795
			2.36804222648752	-0.129558541266795
			2.37164107485605	-0.129558541266795
			2.37523992322457	-0.133157389635317
			2.37883877159309	-0.133157389635317
			2.38243761996161	-0.136756238003839
			2.38603646833013	-0.136756238003839
			2.38963531669866	-0.136756238003839
			2.39323416506718	-0.133157389635317
			2.3968330134357	-0.133157389635317
			2.40043186180422	-0.129558541266795
			2.40403071017274	-0.129558541266795
			2.40762955854127	-0.125959692898273
			2.41122840690979	-0.125959692898273
			2.41122840690979	-0.129558541266795
			2.41122840690979	-0.133157389635317
			2.41122840690979	-0.136756238003839
			2.40762955854127	-0.140355086372361
			2.40403071017274	-0.143953934740883
			2.40403071017274	-0.147552783109405
			2.40762955854127	-0.147552783109405
			2.40762955854127	-0.151151631477927
			2.41122840690979	-0.151151631477927
			2.41482725527831	-0.151151631477927
			2.41842610364683	-0.147552783109405
			2.42202495201536	-0.147552783109405
			2.42562380038388	-0.143953934740883
			2.4292226487524	-0.140355086372361
			2.43282149712092	-0.140355086372361
			2.43642034548944	-0.136756238003839
			2.44001919385797	-0.133157389635317
			2.44361804222649	-0.133157389635317
			2.44361804222649	-0.129558541266795
			2.44721689059501	-0.129558541266795
			2.44721689059501	-0.133157389635317
			2.44721689059501	-0.136756238003839
			2.44361804222649	-0.140355086372361
			2.44361804222649	-0.143953934740883
			2.44361804222649	-0.147552783109405
			2.44001919385797	-0.151151631477927
			2.44361804222649	-0.151151631477927
			2.44361804222649	-0.154750479846449
			2.44721689059501	-0.154750479846449
			2.45081573896353	-0.154750479846449
			2.45441458733205	-0.158349328214971
			2.45801343570058	-0.158349328214971
			2.4616122840691	-0.154750479846449
			2.46521113243762	-0.154750479846449
			2.46521113243762	-0.151151631477927
			2.46880998080614	-0.147552783109405
			2.47240882917466	-0.143953934740883
			2.47600767754319	-0.140355086372361
			2.47960652591171	-0.140355086372361
			2.48320537428023	-0.140355086372361
			2.48320537428023	-0.143953934740883
			2.48320537428023	-0.147552783109405
			2.47960652591171	-0.151151631477927
			2.47960652591171	-0.154750479846449
			2.47960652591171	-0.158349328214971
			2.47960652591171	-0.161948176583493
			2.48320537428023	-0.165547024952015
			2.48680422264875	-0.169145873320537
			2.49040307101727	-0.169145873320537
			2.4940019193858	-0.165547024952015
			2.49760076775432	-0.161948176583493
			2.50119961612284	-0.158349328214971
			2.50479846449136	-0.158349328214971
			2.50839731285989	-0.154750479846449
			2.51199616122841	-0.151151631477927
			2.51559500959693	-0.151151631477927
			2.51919385796545	-0.147552783109405
			2.51919385796545	-0.151151631477927
			2.51559500959693	-0.154750479846449
			2.51559500959693	-0.158349328214971
			2.51559500959693	-0.161948176583493
			2.51199616122841	-0.165547024952015
			2.51199616122841	-0.169145873320537
			2.51199616122841	-0.17274472168906
			2.51199616122841	-0.176343570057582
			2.51559500959693	-0.176343570057582
			2.51919385796545	-0.17274472168906
			2.52279270633397	-0.17274472168906
			2.5263915547025	-0.169145873320537
			2.52999040307102	-0.169145873320537
			2.53358925143954	-0.165547024952015
			2.53718809980806	-0.161948176583493
			2.54078694817658	-0.158349328214971
			2.54438579654511	-0.154750479846449
			2.54798464491363	-0.151151631477927
			2.54798464491363	-0.154750479846449
			2.54798464491363	-0.158349328214971
			2.54438579654511	-0.161948176583493
			2.54438579654511	-0.165547024952015
			2.54078694817658	-0.169145873320537
			2.53718809980806	-0.17274472168906
			2.53358925143954	-0.176343570057582
			2.52999040307102	-0.179942418426104
			2.5263915547025	-0.183541266794626
			2.52999040307102	-0.183541266794626
			2.53358925143954	-0.183541266794626
			2.53718809980806	-0.179942418426104
			2.54078694817658	-0.179942418426104
			2.54438579654511	-0.176343570057582
			2.54798464491363	-0.17274472168906
			2.55158349328215	-0.17274472168906
			2.55518234165067	-0.169145873320537
			2.55878119001919	-0.165547024952015
			2.56238003838772	-0.161948176583493
			2.56238003838772	-0.165547024952015
			2.55878119001919	-0.169145873320537
			2.55878119001919	-0.17274472168906
			2.55518234165067	-0.176343570057582
			2.55158349328215	-0.179942418426104
			2.55158349328215	-0.183541266794626
			2.54798464491363	-0.187140115163148
			2.54438579654511	-0.19073896353167
			2.54078694817658	-0.194337811900192
			2.54438579654511	-0.194337811900192
			2.54798464491363	-0.194337811900192
			2.55158349328215	-0.194337811900192
			2.55518234165067	-0.19073896353167
			2.55878119001919	-0.19073896353167
			2.56238003838772	-0.187140115163148
			2.56597888675624	-0.187140115163148
			2.56957773512476	-0.183541266794626
			2.57317658349328	-0.183541266794626
			2.5767754318618	-0.179942418426104
			2.58037428023033	-0.176343570057582
			2.58397312859885	-0.17274472168906
			2.58757197696737	-0.17274472168906
			2.58757197696737	-0.169145873320537
			2.59117082533589	-0.165547024952015
			2.59117082533589	-0.169145873320537
			2.59476967370441	-0.169145873320537
			2.59476967370441	-0.17274472168906
			2.59117082533589	-0.176343570057582
			2.59117082533589	-0.179942418426104
			2.58757197696737	-0.183541266794626
			2.58397312859885	-0.187140115163148
			2.58037428023033	-0.19073896353167
			2.5767754318618	-0.194337811900192
			2.57317658349328	-0.194337811900192
			2.56957773512476	-0.197936660268714
			2.56957773512476	-0.201535508637236
			2.56597888675624	-0.201535508637236
			2.56597888675624	-0.205134357005758
			2.56957773512476	-0.205134357005758
			2.57317658349328	-0.20873320537428
			2.5767754318618	-0.20873320537428
			2.58037428023033	-0.20873320537428
			2.58397312859885	-0.20873320537428
			2.58757197696737	-0.20873320537428
			2.59117082533589	-0.20873320537428
			2.59476967370441	-0.20873320537428
			2.59836852207294	-0.205134357005758
			2.60196737044146	-0.205134357005758
			2.60556621880998	-0.201535508637236
			2.6091650671785	-0.197936660268714
			2.61276391554703	-0.197936660268714
			2.61636276391555	-0.194337811900192
			2.61996161228407	-0.194337811900192
			2.62356046065259	-0.19073896353167
			2.62715930902111	-0.187140115163148
			2.62715930902111	-0.19073896353167
			2.62356046065259	-0.194337811900192
			2.61996161228407	-0.197936660268714
			2.61636276391555	-0.197936660268714
			2.61276391554703	-0.201535508637236
			2.61276391554703	-0.205134357005758
			2.6091650671785	-0.205134357005758
			2.60556621880998	-0.20873320537428
			2.60196737044146	-0.212332053742802
			2.59836852207294	-0.212332053742802
			2.59836852207294	-0.215930902111324
			2.59476967370441	-0.215930902111324
			2.59117082533589	-0.219529750479846
			2.59117082533589	-0.223128598848369
			2.59476967370441	-0.223128598848369
			2.59836852207294	-0.226727447216891
			2.60196737044146	-0.230326295585413
			2.60556621880998	-0.230326295585413
			2.6091650671785	-0.226727447216891
			2.61276391554703	-0.226727447216891
			2.61636276391555	-0.223128598848369
			2.61996161228407	-0.219529750479846
			2.62356046065259	-0.219529750479846
			2.62715930902111	-0.215930902111324
			2.63075815738964	-0.215930902111324
			2.63075815738964	-0.212332053742802
			2.63435700575816	-0.212332053742802
			2.63795585412668	-0.20873320537428
			2.6415547024952	-0.20873320537428
			2.64515355086372	-0.205134357005758
			2.64875239923225	-0.201535508637236
			2.65235124760077	-0.197936660268714
			2.65595009596929	-0.197936660268714
			2.65595009596929	-0.201535508637236
			2.65235124760077	-0.205134357005758
			2.64875239923225	-0.20873320537428
			2.64515355086372	-0.212332053742802
			2.6415547024952	-0.215930902111324
			2.63795585412668	-0.219529750479846
			2.63435700575816	-0.223128598848369
			2.63075815738964	-0.226727447216891
			2.62715930902111	-0.230326295585413
			2.62356046065259	-0.233925143953935
			2.61996161228407	-0.233925143953935
			2.61636276391555	-0.237523992322457
			2.61996161228407	-0.241122840690979
			2.62356046065259	-0.241122840690979
			2.62715930902111	-0.241122840690979
			2.63075815738964	-0.241122840690979
			2.63435700575816	-0.237523992322457
			2.63795585412668	-0.237523992322457
			2.6415547024952	-0.237523992322457
			2.64515355086372	-0.233925143953935
			2.64875239923225	-0.233925143953935
			2.65235124760077	-0.230326295585413
			2.65595009596929	-0.230326295585413
			2.65954894433781	-0.230326295585413
			2.66314779270633	-0.226727447216891
			2.66674664107486	-0.226727447216891
			2.67034548944338	-0.223128598848369
			2.6739443378119	-0.223128598848369
			2.67754318618042	-0.219529750479846
			2.67754318618042	-0.223128598848369
			2.6739443378119	-0.226727447216891
			2.67034548944338	-0.230326295585413
			2.66674664107486	-0.230326295585413
			2.66314779270633	-0.233925143953935
			2.65954894433781	-0.237523992322457
			2.65595009596929	-0.241122840690979
			2.65235124760077	-0.241122840690979
			2.64875239923225	-0.244721689059501
			2.64515355086372	-0.248320537428023
			2.6415547024952	-0.248320537428023
			2.63795585412668	-0.251919385796545
			2.63435700575816	-0.251919385796545
			2.63075815738964	-0.255518234165067
			2.63075815738964	-0.259117082533589
			2.63435700575816	-0.262715930902111
			2.63435700575816	-0.266314779270633
			2.63795585412668	-0.266314779270633
			2.6415547024952	-0.269913627639155
			2.64515355086372	-0.269913627639155
			2.64875239923225	-0.269913627639155
			2.65235124760077	-0.266314779270633
			2.65595009596929	-0.266314779270633
			2.65954894433781	-0.266314779270633
			2.66314779270633	-0.262715930902111
			2.66674664107486	-0.259117082533589
			2.67034548944338	-0.259117082533589
			2.6739443378119	-0.259117082533589
			2.67754318618042	-0.255518234165067
			2.68114203454894	-0.255518234165067
			2.68474088291747	-0.251919385796545
			2.68833973128599	-0.251919385796545
			2.69193857965451	-0.251919385796545
			2.69553742802303	-0.248320537428023
			2.69913627639155	-0.248320537428023
			2.70273512476008	-0.248320537428023
			2.7063339731286	-0.244721689059501
			2.70993282149712	-0.244721689059501
			2.7063339731286	-0.248320537428023
			2.70273512476008	-0.251919385796545
			2.69913627639155	-0.255518234165067
			2.69553742802303	-0.255518234165067
			2.69193857965451	-0.255518234165067
			2.68833973128599	-0.259117082533589
			2.68474088291747	-0.259117082533589
			2.68474088291747	-0.262715930902111
			2.68114203454894	-0.262715930902111
			2.67754318618042	-0.266314779270633
			2.6739443378119	-0.266314779270633
			2.67034548944338	-0.269913627639155
			2.66674664107486	-0.273512476007678
			2.66314779270633	-0.2771113243762
			2.65954894433781	-0.280710172744722
			2.66314779270633	-0.284309021113244
			2.66674664107486	-0.284309021113244
			2.67034548944338	-0.280710172744722
			2.6739443378119	-0.280710172744722
			2.67754318618042	-0.2771113243762
			2.68114203454894	-0.2771113243762
			2.68474088291747	-0.2771113243762
			2.68833973128599	-0.273512476007678
			2.69193857965451	-0.273512476007678
			2.69553742802303	-0.273512476007678
			2.69913627639155	-0.273512476007678
			2.70273512476008	-0.269913627639155
			2.7063339731286	-0.269913627639155
			2.70993282149712	-0.269913627639155
			2.71353166986564	-0.266314779270633
			2.71713051823416	-0.266314779270633
			2.72072936660269	-0.266314779270633
			2.72432821497121	-0.266314779270633
			2.72792706333973	-0.262715930902111
			2.73152591170825	-0.262715930902111
			2.73512476007678	-0.262715930902111
			2.7387236084453	-0.262715930902111
			2.73512476007678	-0.266314779270633
			2.73152591170825	-0.266314779270633
			2.72792706333973	-0.266314779270633
			2.72792706333973	-0.269913627639155
			2.72432821497121	-0.269913627639155
			2.72072936660269	-0.269913627639155
			2.71713051823416	-0.273512476007678
			2.71353166986564	-0.273512476007678
			2.70993282149712	-0.2771113243762
			2.7063339731286	-0.2771113243762
			2.70273512476008	-0.2771113243762
			2.70273512476008	-0.280710172744722
			2.69913627639155	-0.280710172744722
			2.69553742802303	-0.284309021113244
			2.69193857965451	-0.284309021113244
			2.68833973128599	-0.284309021113244
			2.68833973128599	-0.287907869481766
			2.68474088291747	-0.287907869481766
			2.68114203454894	-0.287907869481766
			2.67754318618042	-0.291506717850288
			2.6739443378119	-0.29510556621881
			2.67034548944338	-0.29510556621881
			2.6739443378119	-0.298704414587332
			2.67754318618042	-0.298704414587332
			2.68114203454894	-0.298704414587332
			2.68474088291747	-0.298704414587332
			2.68833973128599	-0.298704414587332
			2.69193857965451	-0.298704414587332
			2.69553742802303	-0.298704414587332
			2.69913627639155	-0.298704414587332
			2.70273512476008	-0.29510556621881
			2.7063339731286	-0.29510556621881
			2.70993282149712	-0.29510556621881
			2.71353166986564	-0.29510556621881
			2.71713051823416	-0.29510556621881
			2.72072936660269	-0.291506717850288
			2.72432821497121	-0.291506717850288
			2.72792706333973	-0.291506717850288
			2.73152591170825	-0.291506717850288
			2.73512476007678	-0.291506717850288
			2.7387236084453	-0.291506717850288
			2.74232245681382	-0.287907869481766
			2.74592130518234	-0.287907869481766
			2.74952015355086	-0.287907869481766
			2.75311900191939	-0.287907869481766
			2.75671785028791	-0.287907869481766
			2.76031669865643	-0.287907869481766
			2.76391554702495	-0.287907869481766
			2.76391554702495	-0.291506717850288
			2.76031669865643	-0.291506717850288
			2.75671785028791	-0.29510556621881
			2.75311900191939	-0.29510556621881
			2.74952015355086	-0.29510556621881
			2.74592130518234	-0.29510556621881
			2.74592130518234	-0.298704414587332
			2.74232245681382	-0.298704414587332
			2.7387236084453	-0.298704414587332
			2.73512476007678	-0.302303262955854
			2.73152591170825	-0.302303262955854
			2.72792706333973	-0.302303262955854
			2.72432821497121	-0.305902111324376
			2.72072936660269	-0.305902111324376
			2.71713051823416	-0.305902111324376
			2.71353166986564	-0.309500959692898
			2.70993282149712	-0.309500959692898
			2.7063339731286	-0.31309980806142
			2.70273512476008	-0.31309980806142
			2.69913627639155	-0.316698656429942
			2.69553742802303	-0.316698656429942
			2.69193857965451	-0.320297504798465
			2.68833973128599	-0.323896353166987
			2.68474088291747	-0.323896353166987
			2.68833973128599	-0.327495201535509
			2.68833973128599	-0.331094049904031
			2.69193857965451	-0.331094049904031
			2.69193857965451	-0.334692898272553
			2.69553742802303	-0.338291746641075
			2.69553742802303	-0.341890595009597
			2.69913627639155	-0.345489443378119
			2.70273512476008	-0.345489443378119
			2.7063339731286	-0.349088291746641
			2.7063339731286	-0.352687140115163
			2.70993282149712	-0.352687140115163
			2.71353166986564	-0.352687140115163
			2.71713051823416	-0.352687140115163
			2.72072936660269	-0.352687140115163
			2.72072936660269	-0.349088291746641
			2.72432821497121	-0.349088291746641
			2.72792706333973	-0.349088291746641
			2.73152591170825	-0.349088291746641
			2.73512476007678	-0.349088291746641
			2.7387236084453	-0.349088291746641
			2.74232245681382	-0.349088291746641
			2.74592130518234	-0.349088291746641
			2.74952015355086	-0.349088291746641
			2.75311900191939	-0.345489443378119
			2.75671785028791	-0.345489443378119
			2.76031669865643	-0.345489443378119
			2.76391554702495	-0.345489443378119
			2.76751439539347	-0.345489443378119
			2.771113243762	-0.345489443378119
			2.77471209213052	-0.345489443378119
			2.77831094049904	-0.345489443378119
			2.78190978886756	-0.345489443378119
			2.78550863723608	-0.345489443378119
			2.78910748560461	-0.345489443378119
			2.79270633397313	-0.345489443378119
			2.79630518234165	-0.345489443378119
			2.79990403071017	-0.345489443378119
			2.8035028790787	-0.345489443378119
			2.80710172744722	-0.345489443378119
			2.81070057581574	-0.345489443378119
			2.81429942418426	-0.345489443378119
			2.81789827255278	-0.345489443378119
			2.82149712092131	-0.345489443378119
			2.82509596928983	-0.345489443378119
			2.82869481765835	-0.349088291746641
			2.82509596928983	-0.349088291746641
			2.82149712092131	-0.352687140115163
			2.81789827255278	-0.352687140115163
			2.81429942418426	-0.352687140115163
			2.81070057581574	-0.356285988483685
			2.80710172744722	-0.356285988483685
			2.8035028790787	-0.356285988483685
			2.79990403071017	-0.356285988483685
			2.79630518234165	-0.356285988483685
			2.79270633397313	-0.359884836852207
			2.78910748560461	-0.359884836852207
			2.78550863723608	-0.359884836852207
			2.78190978886756	-0.359884836852207
			2.77831094049904	-0.359884836852207
			2.77471209213052	-0.363483685220729
			2.771113243762	-0.363483685220729
			2.76751439539347	-0.363483685220729
			2.76391554702495	-0.363483685220729
			2.76031669865643	-0.363483685220729
			2.75671785028791	-0.363483685220729
			2.75311900191939	-0.367082533589251
			2.74952015355086	-0.367082533589251
			2.74592130518234	-0.367082533589251
			2.74232245681382	-0.367082533589251
			2.7387236084453	-0.367082533589251
			2.73512476007678	-0.367082533589251
			2.73152591170825	-0.367082533589251
			2.72792706333973	-0.370681381957774
			2.72432821497121	-0.370681381957774
			2.72072936660269	-0.370681381957774
			2.71713051823416	-0.370681381957774
			2.71713051823416	-0.374280230326296
			2.71353166986564	-0.374280230326296
			2.71353166986564	-0.377879078694818
			2.71353166986564	-0.38147792706334
			2.71353166986564	-0.385076775431862
			2.71713051823416	-0.385076775431862
			2.72072936660269	-0.388675623800384
			2.72432821497121	-0.388675623800384
			2.72792706333973	-0.388675623800384
			2.73152591170825	-0.388675623800384
			2.73512476007678	-0.388675623800384
			2.7387236084453	-0.388675623800384
			2.74232245681382	-0.388675623800384
			2.74592130518234	-0.388675623800384
			2.74952015355086	-0.385076775431862
			2.75311900191939	-0.385076775431862
			2.75671785028791	-0.385076775431862
			2.76031669865643	-0.385076775431862
			2.76391554702495	-0.385076775431862
			2.76751439539347	-0.385076775431862
			2.771113243762	-0.385076775431862
			2.77471209213052	-0.385076775431862
			2.77831094049904	-0.385076775431862
			2.78190978886756	-0.385076775431862
			2.78550863723608	-0.385076775431862
			2.78910748560461	-0.385076775431862
			2.79270633397313	-0.385076775431862
			2.79630518234165	-0.385076775431862
			2.79990403071017	-0.385076775431862
			2.8035028790787	-0.385076775431862
			2.80710172744722	-0.385076775431862
			2.81070057581574	-0.385076775431862
			2.81429942418426	-0.385076775431862
			2.81789827255278	-0.385076775431862
			2.82149712092131	-0.385076775431862
			2.82509596928983	-0.385076775431862
			2.82869481765835	-0.385076775431862
			2.83229366602687	-0.385076775431862
			2.83229366602687	-0.388675623800384
			2.83589251439539	-0.388675623800384
			2.83949136276392	-0.388675623800384
			2.84309021113244	-0.388675623800384
			2.84668905950096	-0.388675623800384
			2.85028790786948	-0.392274472168906
			2.853886756238	-0.392274472168906
			2.85748560460653	-0.392274472168906
			2.85748560460653	-0.395873320537428
			2.86108445297505	-0.395873320537428
			2.86108445297505	-0.39947216890595
			2.85748560460653	-0.39947216890595
			2.853886756238	-0.39947216890595
			2.85028790786948	-0.39947216890595
			2.84668905950096	-0.39947216890595
			2.84309021113244	-0.39947216890595
			2.83949136276392	-0.39947216890595
			2.83589251439539	-0.39947216890595
			2.83229366602687	-0.39947216890595
			2.82869481765835	-0.39947216890595
			2.82509596928983	-0.39947216890595
			2.82149712092131	-0.39947216890595
			2.81789827255278	-0.39947216890595
			2.81429942418426	-0.39947216890595
			2.81070057581574	-0.39947216890595
			2.80710172744722	-0.39947216890595
			2.8035028790787	-0.39947216890595
			2.79990403071017	-0.39947216890595
			2.79630518234165	-0.39947216890595
			2.79270633397313	-0.39947216890595
			2.78910748560461	-0.39947216890595
			2.78550863723608	-0.39947216890595
			2.78190978886756	-0.39947216890595
			2.77831094049904	-0.39947216890595
			2.77471209213052	-0.39947216890595
			2.771113243762	-0.39947216890595
			2.76751439539347	-0.39947216890595
			2.76391554702495	-0.39947216890595
			2.76031669865643	-0.39947216890595
			2.75671785028791	-0.403071017274472
			2.75311900191939	-0.403071017274472
			2.74952015355086	-0.403071017274472
			2.74592130518234	-0.403071017274472
			2.74232245681382	-0.403071017274472
			2.7387236084453	-0.403071017274472
			2.73512476007678	-0.403071017274472
			2.73152591170825	-0.403071017274472
			2.72792706333973	-0.406669865642994
			2.72432821497121	-0.406669865642994
			2.72072936660269	-0.406669865642994
			2.72072936660269	-0.410268714011516
			2.72072936660269	-0.413867562380038
			2.72432821497121	-0.413867562380038
			2.72792706333973	-0.417466410748561
			2.73152591170825	-0.417466410748561
			2.73512476007678	-0.417466410748561
			2.7387236084453	-0.417466410748561
			2.74232245681382	-0.417466410748561
			2.74592130518234	-0.417466410748561
			2.74952015355086	-0.417466410748561
			2.75311900191939	-0.417466410748561
			2.75671785028791	-0.417466410748561
			2.76031669865643	-0.417466410748561
			2.76391554702495	-0.417466410748561
			2.76751439539347	-0.417466410748561
			2.771113243762	-0.417466410748561
			2.77471209213052	-0.417466410748561
			2.77831094049904	-0.417466410748561
			2.78190978886756	-0.417466410748561
			2.78550863723608	-0.421065259117083
			2.78910748560461	-0.421065259117083
			2.79270633397313	-0.421065259117083
			2.79630518234165	-0.421065259117083
			2.79990403071017	-0.421065259117083
			2.8035028790787	-0.421065259117083
			2.80710172744722	-0.421065259117083
			2.81070057581574	-0.421065259117083
			2.81429942418426	-0.421065259117083
			2.81789827255278	-0.421065259117083
			2.82149712092131	-0.421065259117083
			2.82509596928983	-0.421065259117083
			2.82869481765835	-0.424664107485605
			2.83229366602687	-0.424664107485605
			2.83589251439539	-0.424664107485605
			2.83949136276392	-0.424664107485605
			2.84309021113244	-0.424664107485605
			2.84668905950096	-0.424664107485605
			2.85028790786948	-0.424664107485605
			2.853886756238	-0.428262955854127
			2.85748560460653	-0.428262955854127
			2.86108445297505	-0.428262955854127
			2.86468330134357	-0.428262955854127
			2.86828214971209	-0.428262955854127
			2.87188099808061	-0.431861804222649
			2.87547984644914	-0.431861804222649
			2.87188099808061	-0.431861804222649
			2.86828214971209	-0.435460652591171
			2.86468330134357	-0.435460652591171
			2.86108445297505	-0.435460652591171
			2.85748560460653	-0.435460652591171
			2.853886756238	-0.435460652591171
			2.85028790786948	-0.435460652591171
			2.84668905950096	-0.435460652591171
			2.84309021113244	-0.435460652591171
			2.83949136276392	-0.439059500959693
			2.83589251439539	-0.439059500959693
			2.83229366602687	-0.439059500959693
			2.82869481765835	-0.439059500959693
			2.82509596928983	-0.439059500959693
			2.82149712092131	-0.439059500959693
			2.81789827255278	-0.439059500959693
			2.81429942418426	-0.439059500959693
			2.81070057581574	-0.439059500959693
			2.80710172744722	-0.439059500959693
			2.8035028790787	-0.439059500959693
			2.79990403071017	-0.439059500959693
			2.79630518234165	-0.439059500959693
			2.79270633397313	-0.439059500959693
			2.78910748560461	-0.439059500959693
			2.78550863723608	-0.439059500959693
			2.78190978886756	-0.439059500959693
			2.77831094049904	-0.439059500959693
			2.77471209213052	-0.439059500959693
			2.771113243762	-0.439059500959693
			2.76751439539347	-0.439059500959693
			2.76391554702495	-0.439059500959693
			2.76031669865643	-0.439059500959693
			2.75671785028791	-0.435460652591171
			2.75311900191939	-0.435460652591171
			2.74952015355086	-0.435460652591171
			2.74592130518234	-0.435460652591171
			2.74232245681382	-0.435460652591171
			2.7387236084453	-0.435460652591171
			2.73512476007678	-0.435460652591171
			2.73152591170825	-0.435460652591171
			2.72792706333973	-0.435460652591171
			2.72432821497121	-0.435460652591171
			2.72072936660269	-0.435460652591171
			2.72072936660269	-0.439059500959693
			2.72072936660269	-0.442658349328215
			2.72072936660269	-0.446257197696737
			2.72432821497121	-0.449856046065259
			2.72792706333973	-0.449856046065259
			2.73152591170825	-0.449856046065259
			2.73512476007678	-0.449856046065259
			2.7387236084453	-0.449856046065259
			2.74232245681382	-0.453454894433781
			2.74592130518234	-0.453454894433781
			2.74952015355086	-0.453454894433781
			2.75311900191939	-0.453454894433781
			2.75671785028791	-0.453454894433781
			2.76031669865643	-0.453454894433781
			2.76391554702495	-0.453454894433781
			2.76751439539347	-0.453454894433781
			2.771113243762	-0.457053742802303
			2.77471209213052	-0.457053742802303
			2.77831094049904	-0.457053742802303
			2.78190978886756	-0.457053742802303
			2.78550863723608	-0.457053742802303
			2.78910748560461	-0.457053742802303
			2.79270633397313	-0.457053742802303
			2.79630518234165	-0.460652591170825
			2.79990403071017	-0.460652591170825
			2.8035028790787	-0.460652591170825
			2.80710172744722	-0.460652591170825
			2.81070057581574	-0.460652591170825
			2.81429942418426	-0.460652591170825
			2.81789827255278	-0.460652591170825
			2.82149712092131	-0.464251439539347
			2.82509596928983	-0.464251439539347
			2.82869481765835	-0.464251439539347
			2.83229366602687	-0.464251439539347
			2.83589251439539	-0.464251439539347
			2.83949136276392	-0.464251439539347
			2.84309021113244	-0.464251439539347
			2.84668905950096	-0.464251439539347
			2.85028790786948	-0.467850287907869
			2.853886756238	-0.467850287907869
			2.85748560460653	-0.467850287907869
			2.86108445297505	-0.467850287907869
			2.86468330134357	-0.467850287907869
			2.86468330134357	-0.471449136276392
			2.86108445297505	-0.475047984644914
			2.85748560460653	-0.475047984644914
			2.853886756238	-0.475047984644914
			2.85028790786948	-0.475047984644914
			2.84668905950096	-0.475047984644914
			2.84309021113244	-0.475047984644914
			2.83949136276392	-0.475047984644914
			2.83589251439539	-0.475047984644914
			2.83229366602687	-0.475047984644914
			2.82869481765835	-0.475047984644914
			2.82509596928983	-0.475047984644914
			2.82509596928983	-0.471449136276392
			2.82149712092131	-0.471449136276392
			2.81789827255278	-0.471449136276392
			2.81429942418426	-0.471449136276392
			2.81070057581574	-0.471449136276392
			2.80710172744722	-0.471449136276392
			2.8035028790787	-0.471449136276392
			2.79990403071017	-0.471449136276392
			2.79630518234165	-0.471449136276392
			2.79270633397313	-0.471449136276392
			2.78910748560461	-0.471449136276392
			2.78550863723608	-0.471449136276392
			2.78190978886756	-0.467850287907869
			2.77831094049904	-0.467850287907869
			2.77471209213052	-0.467850287907869
			2.771113243762	-0.467850287907869
			2.76751439539347	-0.467850287907869
			2.76391554702495	-0.467850287907869
			2.76031669865643	-0.467850287907869
			2.75671785028791	-0.467850287907869
			2.75311900191939	-0.467850287907869
			2.74952015355086	-0.467850287907869
			2.74592130518234	-0.464251439539347
			2.74232245681382	-0.464251439539347
			2.7387236084453	-0.464251439539347
			2.73512476007678	-0.464251439539347
			2.73152591170825	-0.464251439539347
			2.73152591170825	-0.467850287907869
			2.73512476007678	-0.471449136276392
			2.7387236084453	-0.475047984644914
			2.74232245681382	-0.478646833013436
			2.74592130518234	-0.482245681381958
			2.74952015355086	-0.482245681381958
			2.75311900191939	-0.48584452975048
			2.75671785028791	-0.48584452975048
			2.76031669865643	-0.48584452975048
			2.76391554702495	-0.48584452975048
			2.76751439539347	-0.489443378119002
			2.771113243762	-0.489443378119002
			2.77471209213052	-0.489443378119002
			2.77831094049904	-0.489443378119002
			2.78190978886756	-0.489443378119002
			2.78190978886756	-0.493042226487524
			2.78550863723608	-0.493042226487524
			2.78910748560461	-0.493042226487524
			2.79270633397313	-0.493042226487524
			2.79630518234165	-0.496641074856046
			2.79990403071017	-0.496641074856046
			2.8035028790787	-0.496641074856046
			2.80710172744722	-0.496641074856046
			2.81070057581574	-0.500239923224568
			2.81429942418426	-0.500239923224568
			2.81789827255278	-0.50383877159309
			2.82149712092131	-0.50383877159309
			2.82509596928983	-0.50383877159309
			2.82869481765835	-0.50383877159309
			2.83229366602687	-0.507437619961612
			2.83589251439539	-0.507437619961612
			2.83949136276392	-0.507437619961612
			2.84309021113244	-0.511036468330134
			2.84668905950096	-0.511036468330134
			2.85028790786948	-0.511036468330134
			2.85028790786948	-0.514635316698656
			2.853886756238	-0.514635316698656
			2.85748560460653	-0.514635316698656
			2.86108445297505	-0.518234165067179
			2.86468330134357	-0.518234165067179
			2.86828214971209	-0.518234165067179
			2.87188099808061	-0.521833013435701
			2.87547984644914	-0.521833013435701
			2.87907869481766	-0.525431861804223
			2.88267754318618	-0.525431861804223
			2.8862763915547	-0.529030710172745
			2.88987523992322	-0.529030710172745
			2.8862763915547	-0.529030710172745
			2.88267754318618	-0.532629558541267
			2.87907869481766	-0.532629558541267
			2.87547984644914	-0.532629558541267
			2.87188099808061	-0.532629558541267
			2.86828214971209	-0.529030710172745
			2.86468330134357	-0.529030710172745
			2.86108445297505	-0.529030710172745
			2.85748560460653	-0.529030710172745
			2.853886756238	-0.529030710172745
			2.85028790786948	-0.529030710172745
			2.84668905950096	-0.525431861804223
			2.84309021113244	-0.525431861804223
			2.83949136276392	-0.525431861804223
			2.83589251439539	-0.525431861804223
			2.83229366602687	-0.521833013435701
			2.82869481765835	-0.521833013435701
			2.82509596928983	-0.521833013435701
			2.82149712092131	-0.521833013435701
			2.81789827255278	-0.518234165067179
			2.81429942418426	-0.518234165067179
			2.81070057581574	-0.518234165067179
			2.80710172744722	-0.518234165067179
			2.8035028790787	-0.514635316698656
			2.79990403071017	-0.514635316698656
			2.79630518234165	-0.514635316698656
			2.79270633397313	-0.511036468330134
			2.78910748560461	-0.511036468330134
			2.78550863723608	-0.511036468330134
			2.78190978886756	-0.507437619961612
			2.77831094049904	-0.507437619961612
			2.77471209213052	-0.507437619961612
			2.771113243762	-0.50383877159309
			2.76751439539347	-0.50383877159309
			2.76391554702495	-0.50383877159309
			2.76031669865643	-0.500239923224568
			2.75671785028791	-0.500239923224568
			2.75671785028791	-0.50383877159309
			2.76031669865643	-0.50383877159309
			2.76031669865643	-0.507437619961612
			2.76391554702495	-0.507437619961612
			2.76391554702495	-0.511036468330134
			2.76751439539347	-0.514635316698656
			2.76751439539347	-0.518234165067179
			2.771113243762	-0.518234165067179
			2.77471209213052	-0.521833013435701
			2.77471209213052	-0.525431861804223
			2.77831094049904	-0.529030710172745
		</anterior>
		<posterior type=matrix rownames=FALSE colnames=FALSE nrow=379 ncol=2 as.numeric=TRUE >
			2.16290786948177	-0.529030710172745
			2.16650671785029	-0.529030710172745
			2.16650671785029	-0.532629558541267
			2.17010556621881	-0.532629558541267
			2.17370441458733	-0.532629558541267
			2.17730326295585	-0.532629558541267
			2.18090211132438	-0.532629558541267
			2.1845009596929	-0.532629558541267
			2.18809980806142	-0.532629558541267
			2.19169865642994	-0.532629558541267
			2.19529750479846	-0.532629558541267
			2.19889635316699	-0.532629558541267
			2.20249520153551	-0.532629558541267
			2.20609404990403	-0.532629558541267
			2.20969289827255	-0.529030710172745
			2.21329174664108	-0.529030710172745
			2.2168905950096	-0.529030710172745
			2.22048944337812	-0.529030710172745
			2.22408829174664	-0.525431861804223
			2.22768714011516	-0.525431861804223
			2.23128598848369	-0.525431861804223
			2.23488483685221	-0.525431861804223
			2.23848368522073	-0.521833013435701
			2.24208253358925	-0.521833013435701
			2.24568138195777	-0.521833013435701
			2.2492802303263	-0.518234165067179
			2.25287907869482	-0.518234165067179
			2.25647792706334	-0.518234165067179
			2.26007677543186	-0.514635316698656
			2.26367562380038	-0.514635316698656
			2.26727447216891	-0.514635316698656
			2.27087332053743	-0.511036468330134
			2.27447216890595	-0.511036468330134
			2.27807101727447	-0.511036468330134
			2.28166986564299	-0.507437619961612
			2.28526871401152	-0.507437619961612
			2.28886756238004	-0.507437619961612
			2.29246641074856	-0.507437619961612
			2.29606525911708	-0.507437619961612
			2.2996641074856	-0.507437619961612
			2.30326295585413	-0.50383877159309
			2.30686180422265	-0.50383877159309
			2.31046065259117	-0.50383877159309
			2.31405950095969	-0.50383877159309
			2.31765834932822	-0.50383877159309
			2.32125719769674	-0.50383877159309
			2.32485604606526	-0.50383877159309
			2.32845489443378	-0.50383877159309
			2.3320537428023	-0.50383877159309
			2.33565259117083	-0.500239923224568
			2.33925143953935	-0.500239923224568
			2.34285028790787	-0.500239923224568
			2.34644913627639	-0.500239923224568
			2.35004798464491	-0.500239923224568
			2.35364683301344	-0.500239923224568
			2.35724568138196	-0.500239923224568
			2.36084452975048	-0.500239923224568
			2.364443378119	-0.500239923224568
			2.36804222648752	-0.500239923224568
			2.37164107485605	-0.500239923224568
			2.37523992322457	-0.500239923224568
			2.37883877159309	-0.500239923224568
			2.38243761996161	-0.500239923224568
			2.38603646833013	-0.500239923224568
			2.38963531669866	-0.500239923224568
			2.39323416506718	-0.500239923224568
			2.3968330134357	-0.500239923224568
			2.40043186180422	-0.500239923224568
			2.40403071017274	-0.500239923224568
			2.40762955854127	-0.500239923224568
			2.41122840690979	-0.500239923224568
			2.41482725527831	-0.500239923224568
			2.41842610364683	-0.500239923224568
			2.42202495201536	-0.500239923224568
			2.42562380038388	-0.500239923224568
			2.4292226487524	-0.500239923224568
			2.43282149712092	-0.500239923224568
			2.43642034548944	-0.500239923224568
			2.44001919385797	-0.500239923224568
			2.44361804222649	-0.500239923224568
			2.44721689059501	-0.500239923224568
			2.45081573896353	-0.50383877159309
			2.45441458733205	-0.50383877159309
			2.45801343570058	-0.50383877159309
			2.4616122840691	-0.50383877159309
			2.46521113243762	-0.50383877159309
			2.46880998080614	-0.50383877159309
			2.47240882917466	-0.50383877159309
			2.47600767754319	-0.50383877159309
			2.47960652591171	-0.50383877159309
			2.48320537428023	-0.50383877159309
			2.48680422264875	-0.50383877159309
			2.49040307101727	-0.50383877159309
			2.4940019193858	-0.50383877159309
			2.49760076775432	-0.50383877159309
			2.50119961612284	-0.507437619961612
			2.50479846449136	-0.507437619961612
			2.50839731285989	-0.507437619961612
			2.51199616122841	-0.507437619961612
			2.51559500959693	-0.507437619961612
			2.51919385796545	-0.507437619961612
			2.52279270633397	-0.507437619961612
			2.5263915547025	-0.507437619961612
			2.52999040307102	-0.507437619961612
			2.53358925143954	-0.507437619961612
			2.53718809980806	-0.511036468330134
			2.54078694817658	-0.511036468330134
			2.54438579654511	-0.511036468330134
			2.54798464491363	-0.511036468330134
			2.55158349328215	-0.511036468330134
			2.55518234165067	-0.511036468330134
			2.55878119001919	-0.511036468330134
			2.56238003838772	-0.511036468330134
			2.56597888675624	-0.514635316698656
			2.56957773512476	-0.514635316698656
			2.57317658349328	-0.514635316698656
			2.5767754318618	-0.514635316698656
			2.58037428023033	-0.514635316698656
			2.58397312859885	-0.514635316698656
			2.58757197696737	-0.518234165067179
			2.59117082533589	-0.518234165067179
			2.59476967370441	-0.518234165067179
			2.59836852207294	-0.518234165067179
			2.60196737044146	-0.518234165067179
			2.60556621880998	-0.518234165067179
			2.6091650671785	-0.518234165067179
			2.61276391554703	-0.521833013435701
			2.61636276391555	-0.521833013435701
			2.61996161228407	-0.521833013435701
			2.62356046065259	-0.521833013435701
			2.62715930902111	-0.521833013435701
			2.63075815738964	-0.525431861804223
			2.63435700575816	-0.525431861804223
			2.63795585412668	-0.525431861804223
			2.6415547024952	-0.525431861804223
			2.64515355086372	-0.525431861804223
			2.64875239923225	-0.525431861804223
			2.65235124760077	-0.529030710172745
			2.65595009596929	-0.529030710172745
			2.65954894433781	-0.529030710172745
			2.66314779270633	-0.529030710172745
			2.66674664107486	-0.529030710172745
			2.67034548944338	-0.529030710172745
			2.6739443378119	-0.529030710172745
			2.67754318618042	-0.532629558541267
			2.68114203454894	-0.532629558541267
			2.68474088291747	-0.532629558541267
			2.68833973128599	-0.532629558541267
			2.69193857965451	-0.532629558541267
			2.69553742802303	-0.532629558541267
			2.69913627639155	-0.532629558541267
			2.70273512476008	-0.536228406909789
			2.7063339731286	-0.536228406909789
			2.70993282149712	-0.536228406909789
			2.71353166986564	-0.536228406909789
			2.71713051823416	-0.536228406909789
			2.72072936660269	-0.539827255278311
			2.72432821497121	-0.539827255278311
			2.72792706333973	-0.539827255278311
			2.72792706333973	-0.543426103646833
			2.73152591170825	-0.543426103646833
			2.73512476007678	-0.543426103646833
			2.73512476007678	-0.547024952015355
			2.7387236084453	-0.547024952015355
			2.74232245681382	-0.550623800383877
			2.74592130518234	-0.550623800383877
			2.74952015355086	-0.554222648752399
			2.74952015355086	-0.557821497120921
			2.75311900191939	-0.557821497120921
			2.75671785028791	-0.561420345489443
			2.76031669865643	-0.561420345489443
			2.76391554702495	-0.565019193857966
			2.76751439539347	-0.568618042226488
			2.771113243762	-0.568618042226488
			2.77471209213052	-0.57221689059501
			2.77831094049904	-0.575815738963532
			2.78190978886756	-0.579414587332054
			2.78550863723608	-0.583013435700576
			2.78910748560461	-0.583013435700576
			2.79270633397313	-0.586612284069098
			2.79630518234165	-0.59021113243762
			2.79990403071017	-0.593809980806142
			2.8035028790787	-0.597408829174664
			2.80710172744722	-0.601007677543186
			2.81070057581574	-0.604606525911708
			2.81429942418426	-0.60820537428023
			2.81789827255278	-0.611804222648752
			2.82149712092131	-0.615403071017275
			2.82509596928983	-0.619001919385797
			2.82869481765835	-0.622600767754319
			2.83229366602687	-0.626199616122841
			2.83589251439539	-0.629798464491363
			2.83949136276392	-0.633397312859885
			2.84309021113244	-0.636996161228407
			2.84668905950096	-0.640595009596929
			2.85028790786948	-0.644193857965451
			2.853886756238	-0.647792706333973
			2.85748560460653	-0.651391554702495
			2.86108445297505	-0.651391554702495
			2.86108445297505	-0.654990403071017
			2.86468330134357	-0.658589251439539
			2.86828214971209	-0.662188099808061
			2.87188099808061	-0.665786948176584
			2.87188099808061	-0.669385796545106
			2.87547984644914	-0.669385796545106
			2.87547984644914	-0.672984644913628
			2.87907869481766	-0.67658349328215
			2.87907869481766	-0.680182341650672
			2.88267754318618	-0.683781190019194
			2.8862763915547	-0.687380038387716
			2.8862763915547	-0.690978886756238
			2.88987523992322	-0.69457773512476
			2.88987523992322	-0.698176583493282
			2.89347408829175	-0.698176583493282
			2.89707293666027	-0.701775431861804
			2.89707293666027	-0.705374280230326
			2.90067178502879	-0.708973128598848
			2.90067178502879	-0.712571976967371
			2.90427063339731	-0.716170825335892
			2.90786948176584	-0.719769673704415
			2.90786948176584	-0.723368522072937
			2.91146833013436	-0.726967370441459
			2.91146833013436	-0.730566218809981
			2.91506717850288	-0.734165067178503
			2.9186660268714	-0.737763915547025
			2.9186660268714	-0.741362763915547
			2.92226487523992	-0.744961612284069
			2.92586372360845	-0.748560460652591
			2.92586372360845	-0.752159309021113
			2.92946257197697	-0.755758157389635
			2.92946257197697	-0.759357005758157
			2.93306142034549	-0.76295585412668
			2.93666026871401	-0.766554702495202
			2.93666026871401	-0.770153550863724
			2.94025911708253	-0.773752399232246
			2.94025911708253	-0.777351247600768
			2.94385796545106	-0.78095009596929
			2.94385796545106	-0.784548944337812
			2.94745681381958	-0.788147792706334
			2.94745681381958	-0.791746641074856
			2.9510556621881	-0.795345489443378
			2.9510556621881	-0.7989443378119
			2.95465451055662	-0.802543186180422
			2.95465451055662	-0.806142034548944
			2.95825335892514	-0.809740882917466
			2.95825335892514	-0.813339731285988
			2.96185220729367	-0.816938579654511
			2.96185220729367	-0.820537428023033
			2.96545105566219	-0.824136276391555
			2.96545105566219	-0.827735124760077
			2.96904990403071	-0.831333973128599
			2.96904990403071	-0.834932821497121
			2.96904990403071	-0.838531669865643
			2.97264875239923	-0.842130518234165
			2.97264875239923	-0.845729366602687
			2.97624760076775	-0.849328214971209
			2.97624760076775	-0.852927063339731
			2.97624760076775	-0.856525911708253
			2.97984644913628	-0.860124760076776
			2.97984644913628	-0.863723608445297
			2.97984644913628	-0.86732245681382
			2.9834452975048	-0.870921305182342
			2.9834452975048	-0.874520153550864
			2.98704414587332	-0.878119001919386
			2.98704414587332	-0.881717850287908
			2.99064299424184	-0.88531669865643
			2.99424184261036	-0.888915547024952
			2.99784069097889	-0.88531669865643
			2.99784069097889	-0.881717850287908
			2.99784069097889	-0.878119001919386
			2.99784069097889	-0.874520153550864
			2.99784069097889	-0.870921305182342
			2.99784069097889	-0.86732245681382
			2.99784069097889	-0.863723608445297
			2.99424184261036	-0.860124760076776
			2.99424184261036	-0.856525911708253
			2.99424184261036	-0.852927063339731
			2.99424184261036	-0.849328214971209
			2.99424184261036	-0.845729366602687
			2.99424184261036	-0.842130518234165
			2.99424184261036	-0.838531669865643
			2.99064299424184	-0.834932821497121
			2.99064299424184	-0.831333973128599
			2.99064299424184	-0.827735124760077
			2.99064299424184	-0.824136276391555
			2.98704414587332	-0.824136276391555
			2.98704414587332	-0.820537428023033
			2.98704414587332	-0.816938579654511
			2.98704414587332	-0.813339731285988
			2.98704414587332	-0.809740882917466
			2.9834452975048	-0.809740882917466
			2.9834452975048	-0.806142034548944
			2.9834452975048	-0.802543186180422
			2.9834452975048	-0.7989443378119
			2.97984644913628	-0.7989443378119
			2.97984644913628	-0.795345489443378
			2.97984644913628	-0.791746641074856
			2.97624760076775	-0.788147792706334
			2.97624760076775	-0.784548944337812
			2.97264875239923	-0.78095009596929
			2.97264875239923	-0.777351247600768
			2.97264875239923	-0.773752399232246
			2.96904990403071	-0.770153550863724
			2.96904990403071	-0.766554702495202
			2.96545105566219	-0.76295585412668
			2.96545105566219	-0.759357005758157
			2.96185220729367	-0.755758157389635
			2.96185220729367	-0.752159309021113
			2.96185220729367	-0.748560460652591
			2.95825335892514	-0.744961612284069
			2.95825335892514	-0.741362763915547
			2.95465451055662	-0.737763915547025
			2.95465451055662	-0.734165067178503
			2.9510556621881	-0.730566218809981
			2.94745681381958	-0.726967370441459
			2.94745681381958	-0.723368522072937
			2.94385796545106	-0.719769673704415
			2.94385796545106	-0.716170825335892
			2.94025911708253	-0.712571976967371
			2.94025911708253	-0.708973128598848
			2.93666026871401	-0.705374280230326
			2.93306142034549	-0.701775431861804
			2.93306142034549	-0.698176583493282
			2.92946257197697	-0.69457773512476
			2.92946257197697	-0.690978886756238
			2.92586372360845	-0.687380038387716
			2.92226487523992	-0.683781190019194
			2.92226487523992	-0.680182341650672
			2.9186660268714	-0.67658349328215
			2.91506717850288	-0.672984644913628
			2.91146833013436	-0.669385796545106
			2.91146833013436	-0.665786948176584
			2.90786948176584	-0.662188099808061
			2.90427063339731	-0.658589251439539
			2.90427063339731	-0.654990403071017
			2.90067178502879	-0.651391554702495
			2.89707293666027	-0.647792706333973
			2.89347408829175	-0.644193857965451
			2.88987523992322	-0.640595009596929
			2.88987523992322	-0.636996161228407
			2.8862763915547	-0.633397312859885
			2.88267754318618	-0.629798464491363
			2.87907869481766	-0.626199616122841
			2.87547984644914	-0.622600767754319
			2.87188099808061	-0.619001919385797
			2.87188099808061	-0.615403071017275
			2.86828214971209	-0.611804222648752
			2.86468330134357	-0.60820537428023
			2.86108445297505	-0.604606525911708
			2.85748560460653	-0.601007677543186
			2.853886756238	-0.597408829174664
			2.853886756238	-0.593809980806142
			2.85028790786948	-0.59021113243762
			2.84668905950096	-0.586612284069098
			2.84309021113244	-0.583013435700576
			2.83949136276392	-0.579414587332054
			2.83589251439539	-0.575815738963532
			2.83229366602687	-0.57221689059501
			2.83229366602687	-0.568618042226488
			2.82869481765835	-0.568618042226488
			2.82869481765835	-0.565019193857966
			2.82509596928983	-0.561420345489443
			2.82149712092131	-0.561420345489443
			2.82149712092131	-0.557821497120921
			2.81789827255278	-0.557821497120921
			2.81789827255278	-0.554222648752399
			2.81429942418426	-0.554222648752399
			2.81429942418426	-0.550623800383877
			2.81070057581574	-0.550623800383877
			2.80710172744722	-0.547024952015355
			2.8035028790787	-0.547024952015355
			2.79990403071017	-0.543426103646833
			2.79630518234165	-0.539827255278311
			2.79270633397313	-0.536228406909789
			2.78910748560461	-0.536228406909789
			2.78550863723608	-0.532629558541267
			2.78190978886756	-0.532629558541267
			2.78190978886756	-0.529030710172745
			2.77831094049904	-0.529030710172745
		</posterior>
	</curves.scaled>
	<ruler.points type=matrix rownames=TRUE colnames=FALSE nrow=2 ncol=2 as.numeric=TRUE >
		Ruler point 1	343	589
		Ruler point 2	864	589
	</ruler.points>
</shapes>

