<shapes type=list>
	<ruler.pixel type=vector names=FALSE length=1 as.numeric=TRUE >378</ruler.pixel>
	<ruler.interval type=vector names=FALSE length=1 as.numeric=TRUE >10.78</ruler.interval>
	<scaling.units type=vector names=FALSE length=1 as.numeric=FALSE >mm</scaling.units>
	<scaling type=vector names=FALSE length=1 as.numeric=TRUE >0.0285185185185185</scaling>
	<landmarks.pixel type=matrix rownames=TRUE colnames=FALSE nrow=16 ncol=2 as.numeric=TRUE >
		LM1	439	589
		LM2	439	594
		LM3	439	910
		LM4	439	966
		LM5	612	651
		LM6	509	921
		LM7	515	951
		LM8	618	673
		LM9	641	749
		LM10	439	594
		LM11	694	736
		LM12	727	744
		LM13	439	589
		LM14	666	715
		LM15	748	966
		LM16	738	971
	</landmarks.pixel>
	<landmarks.scaled type=matrix rownames=TRUE colnames=FALSE nrow=16 ncol=2 as.numeric=TRUE >
		LM1	12.5196296296296	-16.7974074074074
		LM2	12.5196296296296	-16.94
		LM3	12.5196296296296	-25.9518518518518
		LM4	12.5196296296296	-27.5488888888889
		LM5	17.4533333333333	-18.5655555555556
		LM6	14.5159259259259	-26.2655555555556
		LM7	14.687037037037	-27.1211111111111
		LM8	17.6244444444444	-19.192962962963
		LM9	18.2803703703704	-21.3603703703704
		LM10	12.5196296296296	-16.94
		LM11	19.7918518518518	-20.9896296296296
		LM12	20.732962962963	-21.2177777777778
		LM13	12.5196296296296	-16.7974074074074
		LM14	18.9933333333333	-20.3907407407407
		LM15	21.3318518518519	-27.5488888888889
		LM16	21.0466666666667	-27.6914814814815
	</landmarks.scaled>
	<curves.control type=list>
		<glabella type=matrix rownames=FALSE colnames=FALSE nrow=11 ncol=2 as.numeric=TRUE >
			439	594
			509	591
			589	628
			624	649
			608	680
			543	824
			512	874
			518	904
			509	922
			517	935
			515	951
		</glabella>
		<suture type=matrix rownames=FALSE colnames=FALSE nrow=13 ncol=2 as.numeric=TRUE >
			439	594
			509	591
			590	629
			614	641
			618	674
			669	719
			642	749
			635	756
			662	752
			674	747
			694	736
			720	736
			727	744
		</suture>
		<anterior type=matrix rownames=FALSE colnames=FALSE nrow=9 ncol=2 as.numeric=TRUE >
			439	589
			518	588
			591	620
			680	660
			727	744
			757	805
			763	899
			764	938
			748	966
		</anterior>
		<posterior type=matrix rownames=FALSE colnames=FALSE nrow=11 ncol=2 as.numeric=TRUE >
			439	966
			498	969
			515	952
			536	952
			579	959
			626	966
			676	966
			704	970
			738	971
			744	970
			748	966
		</posterior>
	</curves.control>
	<curves.pixel type=list>
		<glabella type=matrix rownames=FALSE colnames=FALSE nrow=494 ncol=2 as.numeric=TRUE >
			439	594
			440	594
			441	594
			442	594
			443	594
			444	594
			445	594
			446	594
			447	594
			448	594
			449	594
			450	594
			451	594
			452	594
			453	594
			454	594
			455	594
			456	594
			457	594
			458	594
			459	594
			460	594
			461	594
			462	594
			463	594
			464	594
			465	594
			466	594
			467	594
			468	594
			469	595
			470	595
			471	595
			472	595
			473	595
			474	595
			475	595
			476	595
			477	595
			478	595
			479	596
			480	596
			481	596
			482	596
			483	596
			484	596
			485	596
			486	596
			487	596
			488	597
			489	597
			490	597
			491	597
			492	597
			493	597
			494	598
			495	598
			496	598
			497	598
			498	598
			499	598
			499	599
			500	599
			501	599
			502	599
			503	599
			504	599
			505	600
			506	600
			507	600
			508	600
			509	600
			510	601
			511	601
			512	601
			513	601
			514	602
			515	602
			516	602
			517	602
			518	602
			518	603
			519	603
			520	603
			521	603
			522	604
			523	604
			524	604
			525	604
			526	605
			527	605
			528	605
			529	605
			530	606
			531	606
			532	606
			533	607
			534	607
			535	607
			536	607
			537	608
			538	608
			539	608
			540	609
			541	609
			542	610
			543	610
			544	610
			545	610
			546	611
			547	611
			548	611
			549	612
			550	612
			551	612
			552	613
			553	613
			554	614
			555	614
			556	614
			557	615
			558	615
			559	616
			560	616
			561	616
			562	617
			563	617
			564	617
			565	618
			566	618
			567	619
			568	619
			569	619
			570	620
			571	620
			572	621
			573	621
			574	621
			575	622
			576	622
			577	623
			578	623
			579	623
			580	624
			581	624
			582	625
			583	625
			584	626
			585	626
			586	627
			587	627
			588	628
			589	628
			590	629
			591	629
			592	630
			593	631
			594	631
			595	632
			596	633
			597	633
			598	634
			599	635
			600	636
			601	637
			602	638
			603	639
			604	640
			605	641
			606	642
			606	643
			607	644
			608	645
			609	646
			609	647
			610	648
			610	649
			611	650
			611	651
			612	652
			612	653
			612	654
			612	655
			612	656
			613	657
			613	658
			613	659
			613	660
			613	661
			613	662
			613	663
			613	664
			613	665
			613	666
			613	667
			612	668
			612	669
			612	670
			612	671
			611	672
			611	673
			611	674
			610	675
			610	676
			609	677
			609	678
			609	679
			608	680
			607	681
			607	682
			607	683
			606	684
			606	685
			606	686
			605	686
			605	687
			604	688
			604	689
			603	690
			603	691
			603	692
			602	693
			602	694
			601	695
			601	696
			600	697
			600	698
			599	699
			599	700
			598	701
			598	702
			598	703
			597	704
			597	705
			596	705
			596	706
			596	707
			595	708
			595	709
			594	710
			594	711
			594	712
			593	713
			593	714
			592	715
			591	716
			591	717
			590	718
			590	719
			590	720
			589	721
			589	722
			588	723
			588	724
			588	725
			587	726
			587	727
			586	728
			585	729
			585	730
			585	731
			584	732
			584	733
			583	734
			583	735
			583	736
			582	736
			582	737
			581	738
			581	739
			581	740
			580	741
			580	742
			579	742
			579	743
			579	744
			578	745
			578	746
			577	747
			577	748
			576	749
			576	750
			575	751
			575	752
			574	753
			574	754
			573	755
			573	756
			572	757
			572	758
			571	759
			571	760
			571	761
			570	762
			570	763
			569	764
			569	765
			568	766
			568	767
			567	768
			567	769
			567	770
			566	771
			565	772
			565	773
			564	774
			564	775
			563	776
			563	777
			562	778
			562	779
			562	780
			561	780
			561	781
			561	782
			560	783
			560	784
			559	784
			559	785
			559	786
			558	787
			558	788
			557	789
			557	790
			556	791
			556	792
			555	792
			555	793
			555	794
			554	795
			554	796
			553	797
			553	798
			552	799
			552	800
			551	801
			551	802
			550	803
			550	804
			549	805
			549	806
			548	807
			548	808
			547	809
			547	810
			546	811
			546	812
			545	813
			545	814
			544	815
			544	816
			543	817
			543	818
			542	819
			542	820
			541	821
			541	822
			540	823
			540	824
			539	825
			539	826
			538	827
			538	828
			537	828
			537	829
			537	830
			536	831
			536	832
			535	833
			534	834
			534	835
			533	836
			533	837
			533	838
			532	838
			532	839
			531	840
			531	841
			530	842
			530	843
			529	844
			529	845
			528	846
			528	847
			527	848
			527	849
			526	850
			526	851
			525	851
			525	852
			524	853
			524	854
			523	855
			523	856
			522	857
			521	858
			521	859
			520	860
			520	861
			519	862
			519	863
			518	864
			517	865
			517	866
			516	867
			516	868
			515	868
			515	869
			514	870
			514	871
			513	872
			513	873
			512	873
			512	874
			512	875
			512	876
			513	877
			513	878
			513	879
			513	880
			513	881
			513	882
			513	883
			514	884
			514	885
			514	886
			514	887
			514	888
			514	889
			514	890
			514	891
			514	892
			514	893
			514	894
			514	895
			514	896
			514	897
			514	898
			514	899
			514	900
			514	901
			514	902
			514	903
			514	904
			514	905
			514	906
			514	907
			513	908
			513	909
			513	910
			513	911
			513	912
			512	913
			512	914
			512	915
			511	916
			511	917
			511	918
			510	919
			510	920
			510	921
			509	921
			509	922
			509	923
			510	923
			510	924
			511	925
			511	926
			512	927
			512	928
			513	929
			513	930
			513	931
			513	932
			514	932
			514	933
			514	934
			514	935
			515	936
			515	937
			515	938
			515	939
			515	940
			515	941
			515	942
			515	943
			515	944
			515	945
			515	946
			515	947
			515	948
			515	949
			515	950
			515	951
		</glabella>
		<suture type=matrix rownames=FALSE colnames=FALSE nrow=380 ncol=2 as.numeric=TRUE >
			439	594
			440	594
			441	594
			442	594
			443	594
			444	594
			445	594
			446	594
			447	594
			448	594
			449	594
			450	594
			451	594
			452	594
			453	594
			454	594
			455	594
			456	594
			457	594
			458	594
			459	594
			460	594
			461	594
			462	594
			463	594
			464	594
			465	594
			466	594
			467	594
			468	594
			469	595
			470	595
			471	595
			472	595
			473	595
			474	595
			475	595
			476	595
			477	595
			478	595
			479	596
			480	596
			481	596
			482	596
			483	596
			484	596
			485	596
			486	596
			487	597
			488	597
			489	597
			490	597
			491	597
			492	597
			493	597
			494	598
			495	598
			496	598
			497	598
			498	598
			499	599
			500	599
			501	599
			502	599
			503	599
			504	600
			505	600
			506	600
			507	600
			508	600
			509	601
			510	601
			511	601
			512	601
			513	602
			514	602
			515	602
			516	602
			517	603
			518	603
			519	603
			520	603
			521	604
			522	604
			523	604
			524	604
			525	605
			526	605
			527	605
			528	606
			529	606
			530	606
			531	606
			532	607
			533	607
			534	607
			535	607
			536	608
			537	608
			538	608
			538	609
			539	609
			540	609
			541	609
			542	610
			543	610
			544	610
			545	611
			546	611
			547	611
			548	612
			549	612
			550	613
			551	613
			552	613
			553	614
			554	614
			555	614
			556	615
			557	615
			558	615
			558	616
			559	616
			560	616
			561	617
			562	617
			563	617
			564	618
			565	618
			566	619
			567	619
			568	619
			569	620
			570	620
			571	621
			572	621
			573	621
			574	622
			575	622
			576	623
			577	623
			578	623
			579	624
			580	624
			581	625
			582	625
			583	626
			584	626
			585	626
			586	627
			587	627
			588	628
			589	629
			590	629
			591	630
			592	630
			593	630
			594	631
			595	632
			596	632
			597	633
			598	634
			599	635
			600	636
			601	636
			602	637
			603	638
			603	639
			604	640
			605	641
			606	642
			607	643
			607	644
			608	645
			609	646
			610	647
			610	648
			611	649
			611	650
			612	651
			612	652
			613	653
			613	654
			614	655
			614	656
			614	657
			615	658
			615	659
			615	660
			615	661
			616	662
			616	663
			616	664
			617	665
			617	666
			617	667
			617	668
			617	669
			617	670
			618	670
			618	671
			618	672
			618	673
			618	674
			619	675
			620	676
			621	677
			622	677
			623	678
			623	679
			624	679
			625	680
			625	681
			626	681
			627	682
			627	683
			628	683
			629	684
			629	685
			630	685
			630	686
			631	687
			632	687
			632	688
			633	689
			634	690
			635	691
			636	692
			637	693
			637	694
			638	695
			639	695
			639	696
			640	697
			640	698
			641	698
			641	699
			642	700
			642	701
			643	701
			643	702
			644	703
			644	704
			645	705
			646	706
			646	707
			647	708
			647	709
			647	710
			648	711
			648	712
			649	713
			649	714
			649	715
			650	716
			650	717
			650	718
			651	719
			651	720
			651	721
			651	722
			651	723
			651	724
			651	725
			651	726
			651	727
			651	728
			651	729
			651	730
			651	731
			651	732
			651	733
			650	734
			650	735
			650	736
			650	737
			649	738
			649	739
			648	740
			648	741
			647	742
			647	743
			646	744
			645	745
			645	746
			644	746
			644	747
			643	748
			642	749
			641	750
			641	751
			641	752
			642	753
			643	753
			644	753
			645	753
			646	753
			647	753
			648	753
			649	753
			650	753
			651	753
			652	753
			653	753
			654	753
			655	753
			656	753
			657	753
			658	753
			659	752
			660	752
			661	752
			662	752
			663	752
			664	751
			665	751
			666	750
			667	750
			668	749
			669	749
			670	749
			671	748
			672	748
			673	747
			674	747
			675	746
			676	746
			677	745
			678	744
			679	744
			680	743
			681	743
			682	742
			683	742
			684	742
			684	741
			685	741
			686	740
			687	740
			688	739
			689	739
			690	738
			691	738
			692	737
			693	737
			694	736
			695	736
			696	736
			697	736
			698	736
			699	736
			700	736
			701	736
			702	736
			703	736
			704	736
			705	736
			706	736
			706	737
			707	737
			708	737
			709	737
			710	737
			711	737
			712	737
			713	737
			714	738
			715	738
			716	738
			717	738
			718	739
			719	739
			720	739
			721	740
			722	740
			723	741
			724	742
			725	742
			726	743
			727	744
		</suture>
		<anterior type=matrix rownames=FALSE colnames=FALSE nrow=536 ncol=2 as.numeric=TRUE >
			439	589
			440	589
			441	589
			442	589
			443	589
			444	589
			445	589
			446	589
			447	589
			448	589
			449	589
			450	589
			451	589
			452	589
			453	589
			454	589
			455	589
			456	589
			457	589
			458	589
			459	589
			460	589
			461	589
			462	589
			463	589
			464	590
			465	590
			466	590
			467	590
			468	590
			469	590
			470	590
			471	590
			472	590
			473	590
			474	590
			475	590
			476	590
			477	590
			478	591
			479	591
			480	591
			481	591
			482	591
			483	591
			484	591
			485	591
			486	591
			487	591
			488	592
			489	592
			490	592
			491	592
			492	592
			493	592
			494	592
			495	593
			496	593
			497	593
			498	593
			499	593
			500	593
			501	593
			502	594
			503	594
			504	594
			505	594
			506	594
			507	594
			508	595
			509	595
			510	595
			511	595
			512	595
			513	596
			514	596
			515	596
			516	596
			517	596
			518	597
			519	597
			520	597
			521	597
			522	597
			523	598
			524	598
			525	598
			526	598
			527	599
			528	599
			529	599
			530	599
			531	599
			532	600
			533	600
			534	600
			535	600
			536	601
			537	601
			538	601
			539	601
			540	602
			541	602
			542	602
			543	603
			544	603
			545	603
			546	604
			547	604
			548	604
			549	605
			550	605
			551	605
			552	605
			553	606
			554	606
			555	606
			556	607
			557	607
			558	607
			559	608
			560	608
			561	608
			562	609
			563	609
			564	609
			565	610
			566	610
			567	610
			568	611
			569	611
			570	612
			571	612
			572	612
			573	613
			574	613
			575	613
			576	614
			577	614
			578	615
			579	615
			580	615
			581	616
			582	616
			583	617
			584	617
			585	617
			586	618
			587	618
			588	619
			589	619
			590	620
			591	620
			592	620
			593	621
			594	622
			595	622
			596	622
			597	623
			598	623
			599	624
			600	624
			601	625
			602	625
			603	626
			604	626
			605	627
			606	627
			607	628
			608	628
			609	629
			610	629
			611	630
			612	630
			613	631
			614	631
			615	632
			616	633
			617	633
			618	634
			619	634
			620	635
			621	635
			622	636
			623	636
			624	637
			624	638
			625	638
			626	639
			627	639
			628	640
			629	640
			630	641
			631	642
			632	642
			633	643
			634	643
			635	644
			636	645
			637	646
			638	646
			639	647
			640	648
			641	648
			641	649
			642	649
			643	649
			643	650
			644	650
			645	651
			646	652
			647	653
			648	654
			649	654
			650	655
			651	655
			651	656
			652	656
			653	657
			654	658
			655	659
			656	659
			657	660
			658	661
			659	662
			660	663
			661	664
			662	665
			663	666
			664	666
			665	667
			666	668
			667	669
			668	670
			669	671
			670	672
			671	673
			672	673
			673	674
			674	675
			675	676
			676	677
			677	678
			678	679
			679	680
			680	681
			681	682
			682	683
			683	684
			684	685
			684	686
			685	687
			686	688
			687	689
			688	690
			689	691
			690	692
			691	693
			692	694
			692	695
			693	696
			694	697
			695	698
			696	699
			697	700
			698	701
			698	702
			699	703
			700	704
			701	705
			702	706
			703	707
			703	708
			704	709
			705	710
			706	711
			707	712
			707	713
			708	714
			709	715
			710	716
			710	717
			711	718
			711	719
			712	720
			713	721
			714	722
			714	723
			715	724
			716	725
			716	726
			717	727
			717	728
			718	729
			719	730
			719	731
			720	732
			721	733
			721	734
			722	735
			722	736
			723	737
			724	738
			724	739
			725	740
			725	741
			726	742
			727	743
			727	744
			728	745
			728	746
			728	747
			729	747
			729	748
			729	749
			730	750
			730	751
			731	752
			731	753
			732	754
			732	755
			733	756
			733	757
			733	758
			734	759
			734	760
			735	761
			735	762
			735	763
			736	764
			736	765
			737	766
			737	767
			737	768
			738	769
			738	770
			738	771
			739	772
			739	773
			740	774
			740	775
			740	776
			741	777
			741	778
			741	779
			742	780
			742	781
			742	782
			743	783
			743	784
			743	785
			744	786
			744	787
			744	788
			745	789
			745	790
			745	791
			745	792
			746	792
			746	793
			746	794
			746	795
			746	796
			747	796
			747	797
			747	798
			747	799
			748	800
			748	801
			748	802
			749	803
			749	804
			749	805
			749	806
			750	807
			750	808
			750	809
			750	810
			750	811
			751	812
			751	813
			751	814
			751	815
			752	816
			752	817
			752	818
			752	819
			753	820
			753	821
			753	822
			753	823
			753	824
			754	825
			754	826
			754	827
			754	828
			754	829
			755	830
			755	831
			755	832
			755	833
			755	834
			755	835
			756	836
			756	837
			756	838
			756	839
			756	840
			756	841
			757	842
			757	843
			757	844
			757	845
			757	846
			758	847
			758	848
			758	849
			758	850
			758	851
			758	852
			758	853
			759	854
			759	855
			759	856
			759	857
			759	858
			759	859
			759	860
			759	861
			760	862
			760	863
			760	864
			760	865
			760	866
			760	867
			760	868
			760	869
			761	870
			761	871
			761	872
			761	873
			761	874
			761	875
			761	876
			761	877
			761	878
			761	879
			762	880
			762	881
			762	882
			762	883
			762	884
			762	885
			762	886
			762	887
			762	888
			762	889
			762	890
			762	891
			763	892
			763	893
			763	894
			763	895
			763	896
			763	897
			763	898
			763	899
			763	900
			763	901
			763	902
			763	903
			763	904
			763	905
			763	906
			763	907
			763	908
			763	909
			763	910
			763	911
			763	912
			763	913
			763	914
			763	915
			763	916
			762	917
			762	918
			762	919
			762	920
			762	921
			762	922
			762	923
			762	924
			762	925
			762	926
			761	926
			761	927
			761	928
			761	929
			761	930
			761	931
			760	932
			760	933
			760	934
			760	935
			759	936
			759	937
			759	938
			759	939
			758	940
			758	941
			758	942
			758	943
			757	944
			757	945
			757	946
			756	947
			756	948
			756	949
			755	950
			755	951
			755	952
			754	953
			754	954
			753	955
			753	956
			753	957
			752	958
			752	959
			751	960
			751	961
			750	961
			750	962
			750	963
			749	964
			749	965
			748	966
		</anterior>
		<posterior type=matrix rownames=FALSE colnames=FALSE nrow=313 ncol=2 as.numeric=TRUE >
			439	966
			440	966
			441	966
			442	966
			443	966
			444	966
			445	966
			446	966
			447	966
			448	966
			449	966
			450	966
			451	966
			452	966
			453	966
			454	966
			455	966
			456	966
			457	966
			458	966
			459	966
			460	966
			461	966
			462	966
			463	966
			464	966
			465	966
			466	966
			467	966
			468	966
			469	966
			470	966
			471	966
			472	966
			473	966
			474	966
			475	966
			476	966
			477	965
			478	965
			479	965
			480	965
			481	965
			482	965
			483	965
			484	965
			485	964
			486	964
			487	964
			488	964
			489	964
			490	964
			491	963
			492	963
			493	963
			494	963
			495	962
			496	962
			497	962
			498	961
			499	961
			500	961
			501	961
			501	960
			502	960
			503	960
			504	959
			505	959
			506	958
			507	958
			508	957
			509	957
			509	956
			510	956
			511	955
			512	955
			512	954
			513	954
			514	953
			515	952
			516	952
			517	952
			518	952
			519	952
			520	952
			521	952
			522	952
			523	952
			524	952
			525	952
			526	952
			527	952
			528	953
			529	953
			530	953
			531	953
			532	953
			533	953
			534	953
			535	953
			536	953
			537	953
			538	953
			539	953
			540	954
			541	954
			542	954
			543	954
			544	954
			545	954
			546	954
			547	954
			548	954
			549	955
			550	955
			551	955
			552	955
			553	955
			554	955
			555	955
			556	955
			557	956
			558	956
			559	956
			560	956
			561	956
			562	956
			563	957
			564	957
			565	957
			566	957
			567	957
			568	957
			569	957
			570	958
			571	958
			572	958
			573	958
			574	958
			575	958
			576	959
			577	959
			578	959
			579	959
			580	959
			581	959
			582	960
			583	960
			584	960
			585	960
			586	960
			587	960
			588	960
			589	960
			590	961
			591	961
			592	961
			593	961
			594	961
			595	961
			596	961
			597	961
			598	961
			599	962
			600	962
			601	962
			602	962
			603	962
			604	962
			605	962
			606	962
			607	963
			608	963
			609	963
			610	963
			611	963
			612	963
			613	963
			614	963
			615	963
			616	963
			617	963
			618	964
			619	964
			620	964
			621	964
			622	964
			623	964
			624	964
			625	964
			626	964
			627	964
			628	964
			629	964
			630	964
			631	965
			632	965
			633	965
			634	965
			635	965
			636	965
			637	965
			638	965
			639	965
			640	965
			641	965
			642	965
			643	965
			644	965
			645	965
			646	965
			647	965
			648	965
			649	965
			650	966
			651	966
			652	966
			653	966
			654	966
			655	966
			656	966
			657	966
			658	966
			659	966
			660	966
			661	966
			662	966
			663	966
			664	966
			665	966
			666	966
			667	966
			668	966
			669	966
			670	966
			671	966
			672	966
			673	966
			674	966
			675	966
			676	966
			677	966
			678	966
			679	966
			680	967
			681	967
			682	967
			683	967
			684	967
			685	967
			686	967
			687	967
			688	968
			689	968
			690	968
			691	968
			692	968
			693	968
			694	968
			695	968
			696	968
			697	969
			698	969
			699	969
			700	969
			701	969
			702	969
			703	969
			704	969
			705	969
			706	969
			707	969
			708	969
			709	970
			710	970
			711	970
			712	970
			713	970
			714	970
			715	970
			716	970
			717	970
			718	970
			719	970
			720	970
			721	970
			722	970
			723	970
			724	970
			725	970
			726	971
			727	971
			728	971
			729	971
			730	971
			731	971
			732	971
			733	971
			734	971
			735	971
			736	971
			737	971
			738	971
			739	971
			740	971
			741	970
			742	970
			743	969
			744	969
			745	968
			746	967
			747	967
			748	966
		</posterior>
	</curves.pixel>
	<curves.scaled type=list>
		<glabella type=matrix rownames=FALSE colnames=FALSE nrow=494 ncol=2 as.numeric=TRUE >
			12.5196296296296	-16.94
			12.5481481481481	-16.94
			12.5766666666667	-16.94
			12.6051851851852	-16.94
			12.6337037037037	-16.94
			12.6622222222222	-16.94
			12.6907407407407	-16.94
			12.7192592592593	-16.94
			12.7477777777778	-16.94
			12.7762962962963	-16.94
			12.8048148148148	-16.94
			12.8333333333333	-16.94
			12.8618518518519	-16.94
			12.8903703703704	-16.94
			12.9188888888889	-16.94
			12.9474074074074	-16.94
			12.9759259259259	-16.94
			13.0044444444444	-16.94
			13.032962962963	-16.94
			13.0614814814815	-16.94
			13.09	-16.94
			13.1185185185185	-16.94
			13.147037037037	-16.94
			13.1755555555556	-16.94
			13.2040740740741	-16.94
			13.2325925925926	-16.94
			13.2611111111111	-16.94
			13.2896296296296	-16.94
			13.3181481481481	-16.94
			13.3466666666667	-16.94
			13.3751851851852	-16.9685185185185
			13.4037037037037	-16.9685185185185
			13.4322222222222	-16.9685185185185
			13.4607407407407	-16.9685185185185
			13.4892592592593	-16.9685185185185
			13.5177777777778	-16.9685185185185
			13.5462962962963	-16.9685185185185
			13.5748148148148	-16.9685185185185
			13.6033333333333	-16.9685185185185
			13.6318518518519	-16.9685185185185
			13.6603703703704	-16.997037037037
			13.6888888888889	-16.997037037037
			13.7174074074074	-16.997037037037
			13.7459259259259	-16.997037037037
			13.7744444444444	-16.997037037037
			13.802962962963	-16.997037037037
			13.8314814814815	-16.997037037037
			13.86	-16.997037037037
			13.8885185185185	-16.997037037037
			13.917037037037	-17.0255555555556
			13.9455555555556	-17.0255555555556
			13.9740740740741	-17.0255555555556
			14.0025925925926	-17.0255555555556
			14.0311111111111	-17.0255555555556
			14.0596296296296	-17.0255555555556
			14.0881481481481	-17.0540740740741
			14.1166666666667	-17.0540740740741
			14.1451851851852	-17.0540740740741
			14.1737037037037	-17.0540740740741
			14.2022222222222	-17.0540740740741
			14.2307407407407	-17.0540740740741
			14.2307407407407	-17.0825925925926
			14.2592592592593	-17.0825925925926
			14.2877777777778	-17.0825925925926
			14.3162962962963	-17.0825925925926
			14.3448148148148	-17.0825925925926
			14.3733333333333	-17.0825925925926
			14.4018518518519	-17.1111111111111
			14.4303703703704	-17.1111111111111
			14.4588888888889	-17.1111111111111
			14.4874074074074	-17.1111111111111
			14.5159259259259	-17.1111111111111
			14.5444444444444	-17.1396296296296
			14.572962962963	-17.1396296296296
			14.6014814814815	-17.1396296296296
			14.63	-17.1396296296296
			14.6585185185185	-17.1681481481481
			14.687037037037	-17.1681481481481
			14.7155555555556	-17.1681481481481
			14.7440740740741	-17.1681481481481
			14.7725925925926	-17.1681481481481
			14.7725925925926	-17.1966666666667
			14.8011111111111	-17.1966666666667
			14.8296296296296	-17.1966666666667
			14.8581481481481	-17.1966666666667
			14.8866666666667	-17.2251851851852
			14.9151851851852	-17.2251851851852
			14.9437037037037	-17.2251851851852
			14.9722222222222	-17.2251851851852
			15.0007407407407	-17.2537037037037
			15.0292592592593	-17.2537037037037
			15.0577777777778	-17.2537037037037
			15.0862962962963	-17.2537037037037
			15.1148148148148	-17.2822222222222
			15.1433333333333	-17.2822222222222
			15.1718518518518	-17.2822222222222
			15.2003703703704	-17.3107407407407
			15.2288888888889	-17.3107407407407
			15.2574074074074	-17.3107407407407
			15.2859259259259	-17.3107407407407
			15.3144444444444	-17.3392592592593
			15.342962962963	-17.3392592592593
			15.3714814814815	-17.3392592592593
			15.4	-17.3677777777778
			15.4285185185185	-17.3677777777778
			15.457037037037	-17.3962962962963
			15.4855555555556	-17.3962962962963
			15.5140740740741	-17.3962962962963
			15.5425925925926	-17.3962962962963
			15.5711111111111	-17.4248148148148
			15.5996296296296	-17.4248148148148
			15.6281481481481	-17.4248148148148
			15.6566666666667	-17.4533333333333
			15.6851851851852	-17.4533333333333
			15.7137037037037	-17.4533333333333
			15.7422222222222	-17.4818518518519
			15.7707407407407	-17.4818518518519
			15.7992592592593	-17.5103703703704
			15.8277777777778	-17.5103703703704
			15.8562962962963	-17.5103703703704
			15.8848148148148	-17.5388888888889
			15.9133333333333	-17.5388888888889
			15.9418518518519	-17.5674074074074
			15.9703703703704	-17.5674074074074
			15.9988888888889	-17.5674074074074
			16.0274074074074	-17.5959259259259
			16.0559259259259	-17.5959259259259
			16.0844444444444	-17.5959259259259
			16.112962962963	-17.6244444444444
			16.1414814814815	-17.6244444444444
			16.17	-17.652962962963
			16.1985185185185	-17.652962962963
			16.227037037037	-17.652962962963
			16.2555555555556	-17.6814814814815
			16.2840740740741	-17.6814814814815
			16.3125925925926	-17.71
			16.3411111111111	-17.71
			16.3696296296296	-17.71
			16.3981481481481	-17.7385185185185
			16.4266666666667	-17.7385185185185
			16.4551851851852	-17.767037037037
			16.4837037037037	-17.767037037037
			16.5122222222222	-17.767037037037
			16.5407407407407	-17.7955555555556
			16.5692592592593	-17.7955555555556
			16.5977777777778	-17.8240740740741
			16.6262962962963	-17.8240740740741
			16.6548148148148	-17.8525925925926
			16.6833333333333	-17.8525925925926
			16.7118518518519	-17.8811111111111
			16.7403703703704	-17.8811111111111
			16.7688888888889	-17.9096296296296
			16.7974074074074	-17.9096296296296
			16.8259259259259	-17.9381481481481
			16.8544444444444	-17.9381481481481
			16.882962962963	-17.9666666666667
			16.9114814814815	-17.9951851851852
			16.94	-17.9951851851852
			16.9685185185185	-18.0237037037037
			16.997037037037	-18.0522222222222
			17.0255555555556	-18.0522222222222
			17.0540740740741	-18.0807407407407
			17.0825925925926	-18.1092592592593
			17.1111111111111	-18.1377777777778
			17.1396296296296	-18.1662962962963
			17.1681481481481	-18.1948148148148
			17.1966666666667	-18.2233333333333
			17.2251851851852	-18.2518518518518
			17.2537037037037	-18.2803703703704
			17.2822222222222	-18.3088888888889
			17.2822222222222	-18.3374074074074
			17.3107407407407	-18.3659259259259
			17.3392592592593	-18.3944444444444
			17.3677777777778	-18.422962962963
			17.3677777777778	-18.4514814814815
			17.3962962962963	-18.48
			17.3962962962963	-18.5085185185185
			17.4248148148148	-18.537037037037
			17.4248148148148	-18.5655555555556
			17.4533333333333	-18.5940740740741
			17.4533333333333	-18.6225925925926
			17.4533333333333	-18.6511111111111
			17.4533333333333	-18.6796296296296
			17.4533333333333	-18.7081481481481
			17.4818518518519	-18.7366666666667
			17.4818518518519	-18.7651851851852
			17.4818518518519	-18.7937037037037
			17.4818518518519	-18.8222222222222
			17.4818518518519	-18.8507407407407
			17.4818518518519	-18.8792592592593
			17.4818518518519	-18.9077777777778
			17.4818518518519	-18.9362962962963
			17.4818518518519	-18.9648148148148
			17.4818518518519	-18.9933333333333
			17.4818518518519	-19.0218518518518
			17.4533333333333	-19.0503703703704
			17.4533333333333	-19.0788888888889
			17.4533333333333	-19.1074074074074
			17.4533333333333	-19.1359259259259
			17.4248148148148	-19.1644444444444
			17.4248148148148	-19.192962962963
			17.4248148148148	-19.2214814814815
			17.3962962962963	-19.25
			17.3962962962963	-19.2785185185185
			17.3677777777778	-19.307037037037
			17.3677777777778	-19.3355555555556
			17.3677777777778	-19.3640740740741
			17.3392592592593	-19.3925925925926
			17.3107407407407	-19.4211111111111
			17.3107407407407	-19.4496296296296
			17.3107407407407	-19.4781481481481
			17.2822222222222	-19.5066666666667
			17.2822222222222	-19.5351851851852
			17.2822222222222	-19.5637037037037
			17.2537037037037	-19.5637037037037
			17.2537037037037	-19.5922222222222
			17.2251851851852	-19.6207407407407
			17.2251851851852	-19.6492592592593
			17.1966666666667	-19.6777777777778
			17.1966666666667	-19.7062962962963
			17.1966666666667	-19.7348148148148
			17.1681481481481	-19.7633333333333
			17.1681481481481	-19.7918518518518
			17.1396296296296	-19.8203703703704
			17.1396296296296	-19.8488888888889
			17.1111111111111	-19.8774074074074
			17.1111111111111	-19.9059259259259
			17.0825925925926	-19.9344444444444
			17.0825925925926	-19.962962962963
			17.0540740740741	-19.9914814814815
			17.0540740740741	-20.02
			17.0540740740741	-20.0485185185185
			17.0255555555556	-20.077037037037
			17.0255555555556	-20.1055555555556
			16.997037037037	-20.1055555555556
			16.997037037037	-20.1340740740741
			16.997037037037	-20.1625925925926
			16.9685185185185	-20.1911111111111
			16.9685185185185	-20.2196296296296
			16.94	-20.2481481481481
			16.94	-20.2766666666667
			16.94	-20.3051851851852
			16.9114814814815	-20.3337037037037
			16.9114814814815	-20.3622222222222
			16.882962962963	-20.3907407407407
			16.8544444444444	-20.4192592592593
			16.8544444444444	-20.4477777777778
			16.8259259259259	-20.4762962962963
			16.8259259259259	-20.5048148148148
			16.8259259259259	-20.5333333333333
			16.7974074074074	-20.5618518518518
			16.7974074074074	-20.5903703703704
			16.7688888888889	-20.6188888888889
			16.7688888888889	-20.6474074074074
			16.7688888888889	-20.6759259259259
			16.7403703703704	-20.7044444444444
			16.7403703703704	-20.732962962963
			16.7118518518519	-20.7614814814815
			16.6833333333333	-20.79
			16.6833333333333	-20.8185185185185
			16.6833333333333	-20.847037037037
			16.6548148148148	-20.8755555555556
			16.6548148148148	-20.9040740740741
			16.6262962962963	-20.9325925925926
			16.6262962962963	-20.9611111111111
			16.6262962962963	-20.9896296296296
			16.5977777777778	-20.9896296296296
			16.5977777777778	-21.0181481481481
			16.5692592592593	-21.0466666666667
			16.5692592592593	-21.0751851851852
			16.5692592592593	-21.1037037037037
			16.5407407407407	-21.1322222222222
			16.5407407407407	-21.1607407407407
			16.5122222222222	-21.1607407407407
			16.5122222222222	-21.1892592592593
			16.5122222222222	-21.2177777777778
			16.4837037037037	-21.2462962962963
			16.4837037037037	-21.2748148148148
			16.4551851851852	-21.3033333333333
			16.4551851851852	-21.3318518518519
			16.4266666666667	-21.3603703703704
			16.4266666666667	-21.3888888888889
			16.3981481481481	-21.4174074074074
			16.3981481481481	-21.4459259259259
			16.3696296296296	-21.4744444444444
			16.3696296296296	-21.502962962963
			16.3411111111111	-21.5314814814815
			16.3411111111111	-21.56
			16.3125925925926	-21.5885185185185
			16.3125925925926	-21.617037037037
			16.2840740740741	-21.6455555555556
			16.2840740740741	-21.6740740740741
			16.2840740740741	-21.7025925925926
			16.2555555555556	-21.7311111111111
			16.2555555555556	-21.7596296296296
			16.227037037037	-21.7881481481481
			16.227037037037	-21.8166666666667
			16.1985185185185	-21.8451851851852
			16.1985185185185	-21.8737037037037
			16.17	-21.9022222222222
			16.17	-21.9307407407407
			16.17	-21.9592592592593
			16.1414814814815	-21.9877777777778
			16.112962962963	-22.0162962962963
			16.112962962963	-22.0448148148148
			16.0844444444444	-22.0733333333333
			16.0844444444444	-22.1018518518519
			16.0559259259259	-22.1303703703704
			16.0559259259259	-22.1588888888889
			16.0274074074074	-22.1874074074074
			16.0274074074074	-22.2159259259259
			16.0274074074074	-22.2444444444444
			15.9988888888889	-22.2444444444444
			15.9988888888889	-22.272962962963
			15.9988888888889	-22.3014814814815
			15.9703703703704	-22.33
			15.9703703703704	-22.3585185185185
			15.9418518518519	-22.3585185185185
			15.9418518518519	-22.387037037037
			15.9418518518519	-22.4155555555556
			15.9133333333333	-22.4440740740741
			15.9133333333333	-22.4725925925926
			15.8848148148148	-22.5011111111111
			15.8848148148148	-22.5296296296296
			15.8562962962963	-22.5581481481481
			15.8562962962963	-22.5866666666667
			15.8277777777778	-22.5866666666667
			15.8277777777778	-22.6151851851852
			15.8277777777778	-22.6437037037037
			15.7992592592593	-22.6722222222222
			15.7992592592593	-22.7007407407407
			15.7707407407407	-22.7292592592593
			15.7707407407407	-22.7577777777778
			15.7422222222222	-22.7862962962963
			15.7422222222222	-22.8148148148148
			15.7137037037037	-22.8433333333333
			15.7137037037037	-22.8718518518519
			15.6851851851852	-22.9003703703704
			15.6851851851852	-22.9288888888889
			15.6566666666667	-22.9574074074074
			15.6566666666667	-22.9859259259259
			15.6281481481481	-23.0144444444444
			15.6281481481481	-23.042962962963
			15.5996296296296	-23.0714814814815
			15.5996296296296	-23.1
			15.5711111111111	-23.1285185185185
			15.5711111111111	-23.157037037037
			15.5425925925926	-23.1855555555556
			15.5425925925926	-23.2140740740741
			15.5140740740741	-23.2425925925926
			15.5140740740741	-23.2711111111111
			15.4855555555556	-23.2996296296296
			15.4855555555556	-23.3281481481481
			15.457037037037	-23.3566666666667
			15.457037037037	-23.3851851851852
			15.4285185185185	-23.4137037037037
			15.4285185185185	-23.4422222222222
			15.4	-23.4707407407407
			15.4	-23.4992592592593
			15.3714814814815	-23.5277777777778
			15.3714814814815	-23.5562962962963
			15.342962962963	-23.5848148148148
			15.342962962963	-23.6133333333333
			15.3144444444444	-23.6133333333333
			15.3144444444444	-23.6418518518519
			15.3144444444444	-23.6703703703704
			15.2859259259259	-23.6988888888889
			15.2859259259259	-23.7274074074074
			15.2574074074074	-23.7559259259259
			15.2288888888889	-23.7844444444444
			15.2288888888889	-23.812962962963
			15.2003703703704	-23.8414814814815
			15.2003703703704	-23.87
			15.2003703703704	-23.8985185185185
			15.1718518518518	-23.8985185185185
			15.1718518518518	-23.927037037037
			15.1433333333333	-23.9555555555556
			15.1433333333333	-23.9840740740741
			15.1148148148148	-24.0125925925926
			15.1148148148148	-24.0411111111111
			15.0862962962963	-24.0696296296296
			15.0862962962963	-24.0981481481481
			15.0577777777778	-24.1266666666667
			15.0577777777778	-24.1551851851852
			15.0292592592593	-24.1837037037037
			15.0292592592593	-24.2122222222222
			15.0007407407407	-24.2407407407407
			15.0007407407407	-24.2692592592593
			14.9722222222222	-24.2692592592593
			14.9722222222222	-24.2977777777778
			14.9437037037037	-24.3262962962963
			14.9437037037037	-24.3548148148148
			14.9151851851852	-24.3833333333333
			14.9151851851852	-24.4118518518518
			14.8866666666667	-24.4403703703704
			14.8581481481481	-24.4688888888889
			14.8581481481481	-24.4974074074074
			14.8296296296296	-24.5259259259259
			14.8296296296296	-24.5544444444444
			14.8011111111111	-24.582962962963
			14.8011111111111	-24.6114814814815
			14.7725925925926	-24.64
			14.7440740740741	-24.6685185185185
			14.7440740740741	-24.697037037037
			14.7155555555556	-24.7255555555556
			14.7155555555556	-24.7540740740741
			14.687037037037	-24.7540740740741
			14.687037037037	-24.7825925925926
			14.6585185185185	-24.8111111111111
			14.6585185185185	-24.8396296296296
			14.63	-24.8681481481481
			14.63	-24.8966666666667
			14.6014814814815	-24.8966666666667
			14.6014814814815	-24.9251851851852
			14.6014814814815	-24.9537037037037
			14.6014814814815	-24.9822222222222
			14.63	-25.0107407407407
			14.63	-25.0392592592593
			14.63	-25.0677777777778
			14.63	-25.0962962962963
			14.63	-25.1248148148148
			14.63	-25.1533333333333
			14.63	-25.1818518518518
			14.6585185185185	-25.2103703703704
			14.6585185185185	-25.2388888888889
			14.6585185185185	-25.2674074074074
			14.6585185185185	-25.2959259259259
			14.6585185185185	-25.3244444444444
			14.6585185185185	-25.352962962963
			14.6585185185185	-25.3814814814815
			14.6585185185185	-25.41
			14.6585185185185	-25.4385185185185
			14.6585185185185	-25.467037037037
			14.6585185185185	-25.4955555555556
			14.6585185185185	-25.5240740740741
			14.6585185185185	-25.5525925925926
			14.6585185185185	-25.5811111111111
			14.6585185185185	-25.6096296296296
			14.6585185185185	-25.6381481481481
			14.6585185185185	-25.6666666666667
			14.6585185185185	-25.6951851851852
			14.6585185185185	-25.7237037037037
			14.6585185185185	-25.7522222222222
			14.6585185185185	-25.7807407407407
			14.6585185185185	-25.8092592592593
			14.6585185185185	-25.8377777777778
			14.6585185185185	-25.8662962962963
			14.63	-25.8948148148148
			14.63	-25.9233333333333
			14.63	-25.9518518518518
			14.63	-25.9803703703704
			14.63	-26.0088888888889
			14.6014814814815	-26.0374074074074
			14.6014814814815	-26.0659259259259
			14.6014814814815	-26.0944444444444
			14.572962962963	-26.122962962963
			14.572962962963	-26.1514814814815
			14.572962962963	-26.18
			14.5444444444444	-26.2085185185185
			14.5444444444444	-26.237037037037
			14.5444444444444	-26.2655555555556
			14.5159259259259	-26.2655555555556
			14.5159259259259	-26.2940740740741
			14.5159259259259	-26.3225925925926
			14.5444444444444	-26.3225925925926
			14.5444444444444	-26.3511111111111
			14.572962962963	-26.3796296296296
			14.572962962963	-26.4081481481481
			14.6014814814815	-26.4366666666667
			14.6014814814815	-26.4651851851852
			14.63	-26.4937037037037
			14.63	-26.5222222222222
			14.63	-26.5507407407407
			14.63	-26.5792592592593
			14.6585185185185	-26.5792592592593
			14.6585185185185	-26.6077777777778
			14.6585185185185	-26.6362962962963
			14.6585185185185	-26.6648148148148
			14.687037037037	-26.6933333333333
			14.687037037037	-26.7218518518518
			14.687037037037	-26.7503703703704
			14.687037037037	-26.7788888888889
			14.687037037037	-26.8074074074074
			14.687037037037	-26.8359259259259
			14.687037037037	-26.8644444444444
			14.687037037037	-26.892962962963
			14.687037037037	-26.9214814814815
			14.687037037037	-26.95
			14.687037037037	-26.9785185185185
			14.687037037037	-27.007037037037
			14.687037037037	-27.0355555555556
			14.687037037037	-27.0640740740741
			14.687037037037	-27.0925925925926
			14.687037037037	-27.1211111111111
		</glabella>
		<suture type=matrix rownames=FALSE colnames=FALSE nrow=380 ncol=2 as.numeric=TRUE >
			12.5196296296296	-16.94
			12.5481481481481	-16.94
			12.5766666666667	-16.94
			12.6051851851852	-16.94
			12.6337037037037	-16.94
			12.6622222222222	-16.94
			12.6907407407407	-16.94
			12.7192592592593	-16.94
			12.7477777777778	-16.94
			12.7762962962963	-16.94
			12.8048148148148	-16.94
			12.8333333333333	-16.94
			12.8618518518519	-16.94
			12.8903703703704	-16.94
			12.9188888888889	-16.94
			12.9474074074074	-16.94
			12.9759259259259	-16.94
			13.0044444444444	-16.94
			13.032962962963	-16.94
			13.0614814814815	-16.94
			13.09	-16.94
			13.1185185185185	-16.94
			13.147037037037	-16.94
			13.1755555555556	-16.94
			13.2040740740741	-16.94
			13.2325925925926	-16.94
			13.2611111111111	-16.94
			13.2896296296296	-16.94
			13.3181481481481	-16.94
			13.3466666666667	-16.94
			13.3751851851852	-16.9685185185185
			13.4037037037037	-16.9685185185185
			13.4322222222222	-16.9685185185185
			13.4607407407407	-16.9685185185185
			13.4892592592593	-16.9685185185185
			13.5177777777778	-16.9685185185185
			13.5462962962963	-16.9685185185185
			13.5748148148148	-16.9685185185185
			13.6033333333333	-16.9685185185185
			13.6318518518519	-16.9685185185185
			13.6603703703704	-16.997037037037
			13.6888888888889	-16.997037037037
			13.7174074074074	-16.997037037037
			13.7459259259259	-16.997037037037
			13.7744444444444	-16.997037037037
			13.802962962963	-16.997037037037
			13.8314814814815	-16.997037037037
			13.86	-16.997037037037
			13.8885185185185	-17.0255555555556
			13.917037037037	-17.0255555555556
			13.9455555555556	-17.0255555555556
			13.9740740740741	-17.0255555555556
			14.0025925925926	-17.0255555555556
			14.0311111111111	-17.0255555555556
			14.0596296296296	-17.0255555555556
			14.0881481481481	-17.0540740740741
			14.1166666666667	-17.0540740740741
			14.1451851851852	-17.0540740740741
			14.1737037037037	-17.0540740740741
			14.2022222222222	-17.0540740740741
			14.2307407407407	-17.0825925925926
			14.2592592592593	-17.0825925925926
			14.2877777777778	-17.0825925925926
			14.3162962962963	-17.0825925925926
			14.3448148148148	-17.0825925925926
			14.3733333333333	-17.1111111111111
			14.4018518518519	-17.1111111111111
			14.4303703703704	-17.1111111111111
			14.4588888888889	-17.1111111111111
			14.4874074074074	-17.1111111111111
			14.5159259259259	-17.1396296296296
			14.5444444444444	-17.1396296296296
			14.572962962963	-17.1396296296296
			14.6014814814815	-17.1396296296296
			14.63	-17.1681481481481
			14.6585185185185	-17.1681481481481
			14.687037037037	-17.1681481481481
			14.7155555555556	-17.1681481481481
			14.7440740740741	-17.1966666666667
			14.7725925925926	-17.1966666666667
			14.8011111111111	-17.1966666666667
			14.8296296296296	-17.1966666666667
			14.8581481481481	-17.2251851851852
			14.8866666666667	-17.2251851851852
			14.9151851851852	-17.2251851851852
			14.9437037037037	-17.2251851851852
			14.9722222222222	-17.2537037037037
			15.0007407407407	-17.2537037037037
			15.0292592592593	-17.2537037037037
			15.0577777777778	-17.2822222222222
			15.0862962962963	-17.2822222222222
			15.1148148148148	-17.2822222222222
			15.1433333333333	-17.2822222222222
			15.1718518518518	-17.3107407407407
			15.2003703703704	-17.3107407407407
			15.2288888888889	-17.3107407407407
			15.2574074074074	-17.3107407407407
			15.2859259259259	-17.3392592592593
			15.3144444444444	-17.3392592592593
			15.342962962963	-17.3392592592593
			15.342962962963	-17.3677777777778
			15.3714814814815	-17.3677777777778
			15.4	-17.3677777777778
			15.4285185185185	-17.3677777777778
			15.457037037037	-17.3962962962963
			15.4855555555556	-17.3962962962963
			15.5140740740741	-17.3962962962963
			15.5425925925926	-17.4248148148148
			15.5711111111111	-17.4248148148148
			15.5996296296296	-17.4248148148148
			15.6281481481481	-17.4533333333333
			15.6566666666667	-17.4533333333333
			15.6851851851852	-17.4818518518519
			15.7137037037037	-17.4818518518519
			15.7422222222222	-17.4818518518519
			15.7707407407407	-17.5103703703704
			15.7992592592593	-17.5103703703704
			15.8277777777778	-17.5103703703704
			15.8562962962963	-17.5388888888889
			15.8848148148148	-17.5388888888889
			15.9133333333333	-17.5388888888889
			15.9133333333333	-17.5674074074074
			15.9418518518519	-17.5674074074074
			15.9703703703704	-17.5674074074074
			15.9988888888889	-17.5959259259259
			16.0274074074074	-17.5959259259259
			16.0559259259259	-17.5959259259259
			16.0844444444444	-17.6244444444444
			16.112962962963	-17.6244444444444
			16.1414814814815	-17.652962962963
			16.17	-17.652962962963
			16.1985185185185	-17.652962962963
			16.227037037037	-17.6814814814815
			16.2555555555556	-17.6814814814815
			16.2840740740741	-17.71
			16.3125925925926	-17.71
			16.3411111111111	-17.71
			16.3696296296296	-17.7385185185185
			16.3981481481481	-17.7385185185185
			16.4266666666667	-17.767037037037
			16.4551851851852	-17.767037037037
			16.4837037037037	-17.767037037037
			16.5122222222222	-17.7955555555556
			16.5407407407407	-17.7955555555556
			16.5692592592593	-17.8240740740741
			16.5977777777778	-17.8240740740741
			16.6262962962963	-17.8525925925926
			16.6548148148148	-17.8525925925926
			16.6833333333333	-17.8525925925926
			16.7118518518519	-17.8811111111111
			16.7403703703704	-17.8811111111111
			16.7688888888889	-17.9096296296296
			16.7974074074074	-17.9381481481481
			16.8259259259259	-17.9381481481481
			16.8544444444444	-17.9666666666667
			16.882962962963	-17.9666666666667
			16.9114814814815	-17.9666666666667
			16.94	-17.9951851851852
			16.9685185185185	-18.0237037037037
			16.997037037037	-18.0237037037037
			17.0255555555556	-18.0522222222222
			17.0540740740741	-18.0807407407407
			17.0825925925926	-18.1092592592593
			17.1111111111111	-18.1377777777778
			17.1396296296296	-18.1377777777778
			17.1681481481481	-18.1662962962963
			17.1966666666667	-18.1948148148148
			17.1966666666667	-18.2233333333333
			17.2251851851852	-18.2518518518518
			17.2537037037037	-18.2803703703704
			17.2822222222222	-18.3088888888889
			17.3107407407407	-18.3374074074074
			17.3107407407407	-18.3659259259259
			17.3392592592593	-18.3944444444444
			17.3677777777778	-18.422962962963
			17.3962962962963	-18.4514814814815
			17.3962962962963	-18.48
			17.4248148148148	-18.5085185185185
			17.4248148148148	-18.537037037037
			17.4533333333333	-18.5655555555556
			17.4533333333333	-18.5940740740741
			17.4818518518519	-18.6225925925926
			17.4818518518519	-18.6511111111111
			17.5103703703704	-18.6796296296296
			17.5103703703704	-18.7081481481481
			17.5103703703704	-18.7366666666667
			17.5388888888889	-18.7651851851852
			17.5388888888889	-18.7937037037037
			17.5388888888889	-18.8222222222222
			17.5388888888889	-18.8507407407407
			17.5674074074074	-18.8792592592593
			17.5674074074074	-18.9077777777778
			17.5674074074074	-18.9362962962963
			17.5959259259259	-18.9648148148148
			17.5959259259259	-18.9933333333333
			17.5959259259259	-19.0218518518518
			17.5959259259259	-19.0503703703704
			17.5959259259259	-19.0788888888889
			17.5959259259259	-19.1074074074074
			17.6244444444444	-19.1074074074074
			17.6244444444444	-19.1359259259259
			17.6244444444444	-19.1644444444444
			17.6244444444444	-19.192962962963
			17.6244444444444	-19.2214814814815
			17.652962962963	-19.25
			17.6814814814815	-19.2785185185185
			17.71	-19.307037037037
			17.7385185185185	-19.307037037037
			17.767037037037	-19.3355555555556
			17.767037037037	-19.3640740740741
			17.7955555555556	-19.3640740740741
			17.8240740740741	-19.3925925925926
			17.8240740740741	-19.4211111111111
			17.8525925925926	-19.4211111111111
			17.8811111111111	-19.4496296296296
			17.8811111111111	-19.4781481481481
			17.9096296296296	-19.4781481481481
			17.9381481481481	-19.5066666666667
			17.9381481481481	-19.5351851851852
			17.9666666666667	-19.5351851851852
			17.9666666666667	-19.5637037037037
			17.9951851851852	-19.5922222222222
			18.0237037037037	-19.5922222222222
			18.0237037037037	-19.6207407407407
			18.0522222222222	-19.6492592592593
			18.0807407407407	-19.6777777777778
			18.1092592592593	-19.7062962962963
			18.1377777777778	-19.7348148148148
			18.1662962962963	-19.7633333333333
			18.1662962962963	-19.7918518518518
			18.1948148148148	-19.8203703703704
			18.2233333333333	-19.8203703703704
			18.2233333333333	-19.8488888888889
			18.2518518518518	-19.8774074074074
			18.2518518518518	-19.9059259259259
			18.2803703703704	-19.9059259259259
			18.2803703703704	-19.9344444444444
			18.3088888888889	-19.962962962963
			18.3088888888889	-19.9914814814815
			18.3374074074074	-19.9914814814815
			18.3374074074074	-20.02
			18.3659259259259	-20.0485185185185
			18.3659259259259	-20.077037037037
			18.3944444444444	-20.1055555555556
			18.422962962963	-20.1340740740741
			18.422962962963	-20.1625925925926
			18.4514814814815	-20.1911111111111
			18.4514814814815	-20.2196296296296
			18.4514814814815	-20.2481481481481
			18.48	-20.2766666666667
			18.48	-20.3051851851852
			18.5085185185185	-20.3337037037037
			18.5085185185185	-20.3622222222222
			18.5085185185185	-20.3907407407407
			18.537037037037	-20.4192592592593
			18.537037037037	-20.4477777777778
			18.537037037037	-20.4762962962963
			18.5655555555556	-20.5048148148148
			18.5655555555556	-20.5333333333333
			18.5655555555556	-20.5618518518518
			18.5655555555556	-20.5903703703704
			18.5655555555556	-20.6188888888889
			18.5655555555556	-20.6474074074074
			18.5655555555556	-20.6759259259259
			18.5655555555556	-20.7044444444444
			18.5655555555556	-20.732962962963
			18.5655555555556	-20.7614814814815
			18.5655555555556	-20.79
			18.5655555555556	-20.8185185185185
			18.5655555555556	-20.847037037037
			18.5655555555556	-20.8755555555556
			18.5655555555556	-20.9040740740741
			18.537037037037	-20.9325925925926
			18.537037037037	-20.9611111111111
			18.537037037037	-20.9896296296296
			18.537037037037	-21.0181481481481
			18.5085185185185	-21.0466666666667
			18.5085185185185	-21.0751851851852
			18.48	-21.1037037037037
			18.48	-21.1322222222222
			18.4514814814815	-21.1607407407407
			18.4514814814815	-21.1892592592593
			18.422962962963	-21.2177777777778
			18.3944444444444	-21.2462962962963
			18.3944444444444	-21.2748148148148
			18.3659259259259	-21.2748148148148
			18.3659259259259	-21.3033333333333
			18.3374074074074	-21.3318518518519
			18.3088888888889	-21.3603703703704
			18.2803703703704	-21.3888888888889
			18.2803703703704	-21.4174074074074
			18.2803703703704	-21.4459259259259
			18.3088888888889	-21.4744444444444
			18.3374074074074	-21.4744444444444
			18.3659259259259	-21.4744444444444
			18.3944444444444	-21.4744444444444
			18.422962962963	-21.4744444444444
			18.4514814814815	-21.4744444444444
			18.48	-21.4744444444444
			18.5085185185185	-21.4744444444444
			18.537037037037	-21.4744444444444
			18.5655555555556	-21.4744444444444
			18.5940740740741	-21.4744444444444
			18.6225925925926	-21.4744444444444
			18.6511111111111	-21.4744444444444
			18.6796296296296	-21.4744444444444
			18.7081481481481	-21.4744444444444
			18.7366666666667	-21.4744444444444
			18.7651851851852	-21.4744444444444
			18.7937037037037	-21.4459259259259
			18.8222222222222	-21.4459259259259
			18.8507407407407	-21.4459259259259
			18.8792592592593	-21.4459259259259
			18.9077777777778	-21.4459259259259
			18.9362962962963	-21.4174074074074
			18.9648148148148	-21.4174074074074
			18.9933333333333	-21.3888888888889
			19.0218518518518	-21.3888888888889
			19.0503703703704	-21.3603703703704
			19.0788888888889	-21.3603703703704
			19.1074074074074	-21.3603703703704
			19.1359259259259	-21.3318518518519
			19.1644444444444	-21.3318518518519
			19.192962962963	-21.3033333333333
			19.2214814814815	-21.3033333333333
			19.25	-21.2748148148148
			19.2785185185185	-21.2748148148148
			19.307037037037	-21.2462962962963
			19.3355555555556	-21.2177777777778
			19.3640740740741	-21.2177777777778
			19.3925925925926	-21.1892592592593
			19.4211111111111	-21.1892592592593
			19.4496296296296	-21.1607407407407
			19.4781481481481	-21.1607407407407
			19.5066666666667	-21.1607407407407
			19.5066666666667	-21.1322222222222
			19.5351851851852	-21.1322222222222
			19.5637037037037	-21.1037037037037
			19.5922222222222	-21.1037037037037
			19.6207407407407	-21.0751851851852
			19.6492592592593	-21.0751851851852
			19.6777777777778	-21.0466666666667
			19.7062962962963	-21.0466666666667
			19.7348148148148	-21.0181481481481
			19.7633333333333	-21.0181481481481
			19.7918518518518	-20.9896296296296
			19.8203703703704	-20.9896296296296
			19.8488888888889	-20.9896296296296
			19.8774074074074	-20.9896296296296
			19.9059259259259	-20.9896296296296
			19.9344444444444	-20.9896296296296
			19.962962962963	-20.9896296296296
			19.9914814814815	-20.9896296296296
			20.02	-20.9896296296296
			20.0485185185185	-20.9896296296296
			20.077037037037	-20.9896296296296
			20.1055555555556	-20.9896296296296
			20.1340740740741	-20.9896296296296
			20.1340740740741	-21.0181481481481
			20.1625925925926	-21.0181481481481
			20.1911111111111	-21.0181481481481
			20.2196296296296	-21.0181481481481
			20.2481481481481	-21.0181481481481
			20.2766666666667	-21.0181481481481
			20.3051851851852	-21.0181481481481
			20.3337037037037	-21.0181481481481
			20.3622222222222	-21.0466666666667
			20.3907407407407	-21.0466666666667
			20.4192592592593	-21.0466666666667
			20.4477777777778	-21.0466666666667
			20.4762962962963	-21.0751851851852
			20.5048148148148	-21.0751851851852
			20.5333333333333	-21.0751851851852
			20.5618518518518	-21.1037037037037
			20.5903703703704	-21.1037037037037
			20.6188888888889	-21.1322222222222
			20.6474074074074	-21.1607407407407
			20.6759259259259	-21.1607407407407
			20.7044444444444	-21.1892592592593
			20.732962962963	-21.2177777777778
		</suture>
		<anterior type=matrix rownames=FALSE colnames=FALSE nrow=536 ncol=2 as.numeric=TRUE >
			12.5196296296296	-16.7974074074074
			12.5481481481481	-16.7974074074074
			12.5766666666667	-16.7974074074074
			12.6051851851852	-16.7974074074074
			12.6337037037037	-16.7974074074074
			12.6622222222222	-16.7974074074074
			12.6907407407407	-16.7974074074074
			12.7192592592593	-16.7974074074074
			12.7477777777778	-16.7974074074074
			12.7762962962963	-16.7974074074074
			12.8048148148148	-16.7974074074074
			12.8333333333333	-16.7974074074074
			12.8618518518519	-16.7974074074074
			12.8903703703704	-16.7974074074074
			12.9188888888889	-16.7974074074074
			12.9474074074074	-16.7974074074074
			12.9759259259259	-16.7974074074074
			13.0044444444444	-16.7974074074074
			13.032962962963	-16.7974074074074
			13.0614814814815	-16.7974074074074
			13.09	-16.7974074074074
			13.1185185185185	-16.7974074074074
			13.147037037037	-16.7974074074074
			13.1755555555556	-16.7974074074074
			13.2040740740741	-16.7974074074074
			13.2325925925926	-16.8259259259259
			13.2611111111111	-16.8259259259259
			13.2896296296296	-16.8259259259259
			13.3181481481481	-16.8259259259259
			13.3466666666667	-16.8259259259259
			13.3751851851852	-16.8259259259259
			13.4037037037037	-16.8259259259259
			13.4322222222222	-16.8259259259259
			13.4607407407407	-16.8259259259259
			13.4892592592593	-16.8259259259259
			13.5177777777778	-16.8259259259259
			13.5462962962963	-16.8259259259259
			13.5748148148148	-16.8259259259259
			13.6033333333333	-16.8259259259259
			13.6318518518519	-16.8544444444444
			13.6603703703704	-16.8544444444444
			13.6888888888889	-16.8544444444444
			13.7174074074074	-16.8544444444444
			13.7459259259259	-16.8544444444444
			13.7744444444444	-16.8544444444444
			13.802962962963	-16.8544444444444
			13.8314814814815	-16.8544444444444
			13.86	-16.8544444444444
			13.8885185185185	-16.8544444444444
			13.917037037037	-16.882962962963
			13.9455555555556	-16.882962962963
			13.9740740740741	-16.882962962963
			14.0025925925926	-16.882962962963
			14.0311111111111	-16.882962962963
			14.0596296296296	-16.882962962963
			14.0881481481481	-16.882962962963
			14.1166666666667	-16.9114814814815
			14.1451851851852	-16.9114814814815
			14.1737037037037	-16.9114814814815
			14.2022222222222	-16.9114814814815
			14.2307407407407	-16.9114814814815
			14.2592592592593	-16.9114814814815
			14.2877777777778	-16.9114814814815
			14.3162962962963	-16.94
			14.3448148148148	-16.94
			14.3733333333333	-16.94
			14.4018518518519	-16.94
			14.4303703703704	-16.94
			14.4588888888889	-16.94
			14.4874074074074	-16.9685185185185
			14.5159259259259	-16.9685185185185
			14.5444444444444	-16.9685185185185
			14.572962962963	-16.9685185185185
			14.6014814814815	-16.9685185185185
			14.63	-16.997037037037
			14.6585185185185	-16.997037037037
			14.687037037037	-16.997037037037
			14.7155555555556	-16.997037037037
			14.7440740740741	-16.997037037037
			14.7725925925926	-17.0255555555556
			14.8011111111111	-17.0255555555556
			14.8296296296296	-17.0255555555556
			14.8581481481481	-17.0255555555556
			14.8866666666667	-17.0255555555556
			14.9151851851852	-17.0540740740741
			14.9437037037037	-17.0540740740741
			14.9722222222222	-17.0540740740741
			15.0007407407407	-17.0540740740741
			15.0292592592593	-17.0825925925926
			15.0577777777778	-17.0825925925926
			15.0862962962963	-17.0825925925926
			15.1148148148148	-17.0825925925926
			15.1433333333333	-17.0825925925926
			15.1718518518518	-17.1111111111111
			15.2003703703704	-17.1111111111111
			15.2288888888889	-17.1111111111111
			15.2574074074074	-17.1111111111111
			15.2859259259259	-17.1396296296296
			15.3144444444444	-17.1396296296296
			15.342962962963	-17.1396296296296
			15.3714814814815	-17.1396296296296
			15.4	-17.1681481481481
			15.4285185185185	-17.1681481481481
			15.457037037037	-17.1681481481481
			15.4855555555556	-17.1966666666667
			15.5140740740741	-17.1966666666667
			15.5425925925926	-17.1966666666667
			15.5711111111111	-17.2251851851852
			15.5996296296296	-17.2251851851852
			15.6281481481481	-17.2251851851852
			15.6566666666667	-17.2537037037037
			15.6851851851852	-17.2537037037037
			15.7137037037037	-17.2537037037037
			15.7422222222222	-17.2537037037037
			15.7707407407407	-17.2822222222222
			15.7992592592593	-17.2822222222222
			15.8277777777778	-17.2822222222222
			15.8562962962963	-17.3107407407407
			15.8848148148148	-17.3107407407407
			15.9133333333333	-17.3107407407407
			15.9418518518519	-17.3392592592593
			15.9703703703704	-17.3392592592593
			15.9988888888889	-17.3392592592593
			16.0274074074074	-17.3677777777778
			16.0559259259259	-17.3677777777778
			16.0844444444444	-17.3677777777778
			16.112962962963	-17.3962962962963
			16.1414814814815	-17.3962962962963
			16.17	-17.3962962962963
			16.1985185185185	-17.4248148148148
			16.227037037037	-17.4248148148148
			16.2555555555556	-17.4533333333333
			16.2840740740741	-17.4533333333333
			16.3125925925926	-17.4533333333333
			16.3411111111111	-17.4818518518519
			16.3696296296296	-17.4818518518519
			16.3981481481481	-17.4818518518519
			16.4266666666667	-17.5103703703704
			16.4551851851852	-17.5103703703704
			16.4837037037037	-17.5388888888889
			16.5122222222222	-17.5388888888889
			16.5407407407407	-17.5388888888889
			16.5692592592593	-17.5674074074074
			16.5977777777778	-17.5674074074074
			16.6262962962963	-17.5959259259259
			16.6548148148148	-17.5959259259259
			16.6833333333333	-17.5959259259259
			16.7118518518519	-17.6244444444444
			16.7403703703704	-17.6244444444444
			16.7688888888889	-17.652962962963
			16.7974074074074	-17.652962962963
			16.8259259259259	-17.6814814814815
			16.8544444444444	-17.6814814814815
			16.882962962963	-17.6814814814815
			16.9114814814815	-17.71
			16.94	-17.7385185185185
			16.9685185185185	-17.7385185185185
			16.997037037037	-17.7385185185185
			17.0255555555556	-17.767037037037
			17.0540740740741	-17.767037037037
			17.0825925925926	-17.7955555555556
			17.1111111111111	-17.7955555555556
			17.1396296296296	-17.8240740740741
			17.1681481481481	-17.8240740740741
			17.1966666666667	-17.8525925925926
			17.2251851851852	-17.8525925925926
			17.2537037037037	-17.8811111111111
			17.2822222222222	-17.8811111111111
			17.3107407407407	-17.9096296296296
			17.3392592592593	-17.9096296296296
			17.3677777777778	-17.9381481481481
			17.3962962962963	-17.9381481481481
			17.4248148148148	-17.9666666666667
			17.4533333333333	-17.9666666666667
			17.4818518518519	-17.9951851851852
			17.5103703703704	-17.9951851851852
			17.5388888888889	-18.0237037037037
			17.5674074074074	-18.0522222222222
			17.5959259259259	-18.0522222222222
			17.6244444444444	-18.0807407407407
			17.652962962963	-18.0807407407407
			17.6814814814815	-18.1092592592593
			17.71	-18.1092592592593
			17.7385185185185	-18.1377777777778
			17.767037037037	-18.1377777777778
			17.7955555555556	-18.1662962962963
			17.7955555555556	-18.1948148148148
			17.8240740740741	-18.1948148148148
			17.8525925925926	-18.2233333333333
			17.8811111111111	-18.2233333333333
			17.9096296296296	-18.2518518518518
			17.9381481481481	-18.2518518518518
			17.9666666666667	-18.2803703703704
			17.9951851851852	-18.3088888888889
			18.0237037037037	-18.3088888888889
			18.0522222222222	-18.3374074074074
			18.0807407407407	-18.3374074074074
			18.1092592592593	-18.3659259259259
			18.1377777777778	-18.3944444444444
			18.1662962962963	-18.422962962963
			18.1948148148148	-18.422962962963
			18.2233333333333	-18.4514814814815
			18.2518518518518	-18.48
			18.2803703703704	-18.48
			18.2803703703704	-18.5085185185185
			18.3088888888889	-18.5085185185185
			18.3374074074074	-18.5085185185185
			18.3374074074074	-18.537037037037
			18.3659259259259	-18.537037037037
			18.3944444444444	-18.5655555555556
			18.422962962963	-18.5940740740741
			18.4514814814815	-18.6225925925926
			18.48	-18.6511111111111
			18.5085185185185	-18.6511111111111
			18.537037037037	-18.6796296296296
			18.5655555555556	-18.6796296296296
			18.5655555555556	-18.7081481481481
			18.5940740740741	-18.7081481481481
			18.6225925925926	-18.7366666666667
			18.6511111111111	-18.7651851851852
			18.6796296296296	-18.7937037037037
			18.7081481481481	-18.7937037037037
			18.7366666666667	-18.8222222222222
			18.7651851851852	-18.8507407407407
			18.7937037037037	-18.8792592592593
			18.8222222222222	-18.9077777777778
			18.8507407407407	-18.9362962962963
			18.8792592592593	-18.9648148148148
			18.9077777777778	-18.9933333333333
			18.9362962962963	-18.9933333333333
			18.9648148148148	-19.0218518518518
			18.9933333333333	-19.0503703703704
			19.0218518518518	-19.0788888888889
			19.0503703703704	-19.1074074074074
			19.0788888888889	-19.1359259259259
			19.1074074074074	-19.1644444444444
			19.1359259259259	-19.192962962963
			19.1644444444444	-19.192962962963
			19.192962962963	-19.2214814814815
			19.2214814814815	-19.25
			19.25	-19.2785185185185
			19.2785185185185	-19.307037037037
			19.307037037037	-19.3355555555556
			19.3355555555556	-19.3640740740741
			19.3640740740741	-19.3925925925926
			19.3925925925926	-19.4211111111111
			19.4211111111111	-19.4496296296296
			19.4496296296296	-19.4781481481481
			19.4781481481481	-19.5066666666667
			19.5066666666667	-19.5351851851852
			19.5066666666667	-19.5637037037037
			19.5351851851852	-19.5922222222222
			19.5637037037037	-19.6207407407407
			19.5922222222222	-19.6492592592593
			19.6207407407407	-19.6777777777778
			19.6492592592593	-19.7062962962963
			19.6777777777778	-19.7348148148148
			19.7062962962963	-19.7633333333333
			19.7348148148148	-19.7918518518518
			19.7348148148148	-19.8203703703704
			19.7633333333333	-19.8488888888889
			19.7918518518518	-19.8774074074074
			19.8203703703704	-19.9059259259259
			19.8488888888889	-19.9344444444444
			19.8774074074074	-19.962962962963
			19.9059259259259	-19.9914814814815
			19.9059259259259	-20.02
			19.9344444444444	-20.0485185185185
			19.962962962963	-20.077037037037
			19.9914814814815	-20.1055555555556
			20.02	-20.1340740740741
			20.0485185185185	-20.1625925925926
			20.0485185185185	-20.1911111111111
			20.077037037037	-20.2196296296296
			20.1055555555556	-20.2481481481481
			20.1340740740741	-20.2766666666667
			20.1625925925926	-20.3051851851852
			20.1625925925926	-20.3337037037037
			20.1911111111111	-20.3622222222222
			20.2196296296296	-20.3907407407407
			20.2481481481481	-20.4192592592593
			20.2481481481481	-20.4477777777778
			20.2766666666667	-20.4762962962963
			20.2766666666667	-20.5048148148148
			20.3051851851852	-20.5333333333333
			20.3337037037037	-20.5618518518518
			20.3622222222222	-20.5903703703704
			20.3622222222222	-20.6188888888889
			20.3907407407407	-20.6474074074074
			20.4192592592593	-20.6759259259259
			20.4192592592593	-20.7044444444444
			20.4477777777778	-20.732962962963
			20.4477777777778	-20.7614814814815
			20.4762962962963	-20.79
			20.5048148148148	-20.8185185185185
			20.5048148148148	-20.847037037037
			20.5333333333333	-20.8755555555556
			20.5618518518518	-20.9040740740741
			20.5618518518518	-20.9325925925926
			20.5903703703704	-20.9611111111111
			20.5903703703704	-20.9896296296296
			20.6188888888889	-21.0181481481481
			20.6474074074074	-21.0466666666667
			20.6474074074074	-21.0751851851852
			20.6759259259259	-21.1037037037037
			20.6759259259259	-21.1322222222222
			20.7044444444444	-21.1607407407407
			20.732962962963	-21.1892592592593
			20.732962962963	-21.2177777777778
			20.7614814814815	-21.2462962962963
			20.7614814814815	-21.2748148148148
			20.7614814814815	-21.3033333333333
			20.79	-21.3033333333333
			20.79	-21.3318518518519
			20.79	-21.3603703703704
			20.8185185185185	-21.3888888888889
			20.8185185185185	-21.4174074074074
			20.847037037037	-21.4459259259259
			20.847037037037	-21.4744444444444
			20.8755555555556	-21.502962962963
			20.8755555555556	-21.5314814814815
			20.9040740740741	-21.56
			20.9040740740741	-21.5885185185185
			20.9040740740741	-21.617037037037
			20.9325925925926	-21.6455555555556
			20.9325925925926	-21.6740740740741
			20.9611111111111	-21.7025925925926
			20.9611111111111	-21.7311111111111
			20.9611111111111	-21.7596296296296
			20.9896296296296	-21.7881481481481
			20.9896296296296	-21.8166666666667
			21.0181481481481	-21.8451851851852
			21.0181481481481	-21.8737037037037
			21.0181481481481	-21.9022222222222
			21.0466666666667	-21.9307407407407
			21.0466666666667	-21.9592592592593
			21.0466666666667	-21.9877777777778
			21.0751851851852	-22.0162962962963
			21.0751851851852	-22.0448148148148
			21.1037037037037	-22.0733333333333
			21.1037037037037	-22.1018518518519
			21.1037037037037	-22.1303703703704
			21.1322222222222	-22.1588888888889
			21.1322222222222	-22.1874074074074
			21.1322222222222	-22.2159259259259
			21.1607407407407	-22.2444444444444
			21.1607407407407	-22.272962962963
			21.1607407407407	-22.3014814814815
			21.1892592592593	-22.33
			21.1892592592593	-22.3585185185185
			21.1892592592593	-22.387037037037
			21.2177777777778	-22.4155555555556
			21.2177777777778	-22.4440740740741
			21.2177777777778	-22.4725925925926
			21.2462962962963	-22.5011111111111
			21.2462962962963	-22.5296296296296
			21.2462962962963	-22.5581481481481
			21.2462962962963	-22.5866666666667
			21.2748148148148	-22.5866666666667
			21.2748148148148	-22.6151851851852
			21.2748148148148	-22.6437037037037
			21.2748148148148	-22.6722222222222
			21.2748148148148	-22.7007407407407
			21.3033333333333	-22.7007407407407
			21.3033333333333	-22.7292592592593
			21.3033333333333	-22.7577777777778
			21.3033333333333	-22.7862962962963
			21.3318518518519	-22.8148148148148
			21.3318518518519	-22.8433333333333
			21.3318518518519	-22.8718518518519
			21.3603703703704	-22.9003703703704
			21.3603703703704	-22.9288888888889
			21.3603703703704	-22.9574074074074
			21.3603703703704	-22.9859259259259
			21.3888888888889	-23.0144444444444
			21.3888888888889	-23.042962962963
			21.3888888888889	-23.0714814814815
			21.3888888888889	-23.1
			21.3888888888889	-23.1285185185185
			21.4174074074074	-23.157037037037
			21.4174074074074	-23.1855555555556
			21.4174074074074	-23.2140740740741
			21.4174074074074	-23.2425925925926
			21.4459259259259	-23.2711111111111
			21.4459259259259	-23.2996296296296
			21.4459259259259	-23.3281481481481
			21.4459259259259	-23.3566666666667
			21.4744444444444	-23.3851851851852
			21.4744444444444	-23.4137037037037
			21.4744444444444	-23.4422222222222
			21.4744444444444	-23.4707407407407
			21.4744444444444	-23.4992592592593
			21.502962962963	-23.5277777777778
			21.502962962963	-23.5562962962963
			21.502962962963	-23.5848148148148
			21.502962962963	-23.6133333333333
			21.502962962963	-23.6418518518519
			21.5314814814815	-23.6703703703704
			21.5314814814815	-23.6988888888889
			21.5314814814815	-23.7274074074074
			21.5314814814815	-23.7559259259259
			21.5314814814815	-23.7844444444444
			21.5314814814815	-23.812962962963
			21.56	-23.8414814814815
			21.56	-23.87
			21.56	-23.8985185185185
			21.56	-23.927037037037
			21.56	-23.9555555555556
			21.56	-23.9840740740741
			21.5885185185185	-24.0125925925926
			21.5885185185185	-24.0411111111111
			21.5885185185185	-24.0696296296296
			21.5885185185185	-24.0981481481481
			21.5885185185185	-24.1266666666667
			21.617037037037	-24.1551851851852
			21.617037037037	-24.1837037037037
			21.617037037037	-24.2122222222222
			21.617037037037	-24.2407407407407
			21.617037037037	-24.2692592592593
			21.617037037037	-24.2977777777778
			21.617037037037	-24.3262962962963
			21.6455555555556	-24.3548148148148
			21.6455555555556	-24.3833333333333
			21.6455555555556	-24.4118518518518
			21.6455555555556	-24.4403703703704
			21.6455555555556	-24.4688888888889
			21.6455555555556	-24.4974074074074
			21.6455555555556	-24.5259259259259
			21.6455555555556	-24.5544444444444
			21.6740740740741	-24.582962962963
			21.6740740740741	-24.6114814814815
			21.6740740740741	-24.64
			21.6740740740741	-24.6685185185185
			21.6740740740741	-24.697037037037
			21.6740740740741	-24.7255555555556
			21.6740740740741	-24.7540740740741
			21.6740740740741	-24.7825925925926
			21.7025925925926	-24.8111111111111
			21.7025925925926	-24.8396296296296
			21.7025925925926	-24.8681481481481
			21.7025925925926	-24.8966666666667
			21.7025925925926	-24.9251851851852
			21.7025925925926	-24.9537037037037
			21.7025925925926	-24.9822222222222
			21.7025925925926	-25.0107407407407
			21.7025925925926	-25.0392592592593
			21.7025925925926	-25.0677777777778
			21.7311111111111	-25.0962962962963
			21.7311111111111	-25.1248148148148
			21.7311111111111	-25.1533333333333
			21.7311111111111	-25.1818518518518
			21.7311111111111	-25.2103703703704
			21.7311111111111	-25.2388888888889
			21.7311111111111	-25.2674074074074
			21.7311111111111	-25.2959259259259
			21.7311111111111	-25.3244444444444
			21.7311111111111	-25.352962962963
			21.7311111111111	-25.3814814814815
			21.7311111111111	-25.41
			21.7596296296296	-25.4385185185185
			21.7596296296296	-25.467037037037
			21.7596296296296	-25.4955555555556
			21.7596296296296	-25.5240740740741
			21.7596296296296	-25.5525925925926
			21.7596296296296	-25.5811111111111
			21.7596296296296	-25.6096296296296
			21.7596296296296	-25.6381481481481
			21.7596296296296	-25.6666666666667
			21.7596296296296	-25.6951851851852
			21.7596296296296	-25.7237037037037
			21.7596296296296	-25.7522222222222
			21.7596296296296	-25.7807407407407
			21.7596296296296	-25.8092592592593
			21.7596296296296	-25.8377777777778
			21.7596296296296	-25.8662962962963
			21.7596296296296	-25.8948148148148
			21.7596296296296	-25.9233333333333
			21.7596296296296	-25.9518518518518
			21.7596296296296	-25.9803703703704
			21.7596296296296	-26.0088888888889
			21.7596296296296	-26.0374074074074
			21.7596296296296	-26.0659259259259
			21.7596296296296	-26.0944444444444
			21.7596296296296	-26.122962962963
			21.7311111111111	-26.1514814814815
			21.7311111111111	-26.18
			21.7311111111111	-26.2085185185185
			21.7311111111111	-26.237037037037
			21.7311111111111	-26.2655555555556
			21.7311111111111	-26.2940740740741
			21.7311111111111	-26.3225925925926
			21.7311111111111	-26.3511111111111
			21.7311111111111	-26.3796296296296
			21.7311111111111	-26.4081481481481
			21.7025925925926	-26.4081481481481
			21.7025925925926	-26.4366666666667
			21.7025925925926	-26.4651851851852
			21.7025925925926	-26.4937037037037
			21.7025925925926	-26.5222222222222
			21.7025925925926	-26.5507407407407
			21.6740740740741	-26.5792592592593
			21.6740740740741	-26.6077777777778
			21.6740740740741	-26.6362962962963
			21.6740740740741	-26.6648148148148
			21.6455555555556	-26.6933333333333
			21.6455555555556	-26.7218518518518
			21.6455555555556	-26.7503703703704
			21.6455555555556	-26.7788888888889
			21.617037037037	-26.8074074074074
			21.617037037037	-26.8359259259259
			21.617037037037	-26.8644444444444
			21.617037037037	-26.892962962963
			21.5885185185185	-26.9214814814815
			21.5885185185185	-26.95
			21.5885185185185	-26.9785185185185
			21.56	-27.007037037037
			21.56	-27.0355555555556
			21.56	-27.0640740740741
			21.5314814814815	-27.0925925925926
			21.5314814814815	-27.1211111111111
			21.5314814814815	-27.1496296296296
			21.502962962963	-27.1781481481481
			21.502962962963	-27.2066666666667
			21.4744444444444	-27.2351851851852
			21.4744444444444	-27.2637037037037
			21.4744444444444	-27.2922222222222
			21.4459259259259	-27.3207407407407
			21.4459259259259	-27.3492592592593
			21.4174074074074	-27.3777777777778
			21.4174074074074	-27.4062962962963
			21.3888888888889	-27.4062962962963
			21.3888888888889	-27.4348148148148
			21.3888888888889	-27.4633333333333
			21.3603703703704	-27.4918518518518
			21.3603703703704	-27.5203703703704
			21.3318518518519	-27.5488888888889
		</anterior>
		<posterior type=matrix rownames=FALSE colnames=FALSE nrow=313 ncol=2 as.numeric=TRUE >
			12.5196296296296	-27.5488888888889
			12.5481481481481	-27.5488888888889
			12.5766666666667	-27.5488888888889
			12.6051851851852	-27.5488888888889
			12.6337037037037	-27.5488888888889
			12.6622222222222	-27.5488888888889
			12.6907407407407	-27.5488888888889
			12.7192592592593	-27.5488888888889
			12.7477777777778	-27.5488888888889
			12.7762962962963	-27.5488888888889
			12.8048148148148	-27.5488888888889
			12.8333333333333	-27.5488888888889
			12.8618518518519	-27.5488888888889
			12.8903703703704	-27.5488888888889
			12.9188888888889	-27.5488888888889
			12.9474074074074	-27.5488888888889
			12.9759259259259	-27.5488888888889
			13.0044444444444	-27.5488888888889
			13.032962962963	-27.5488888888889
			13.0614814814815	-27.5488888888889
			13.09	-27.5488888888889
			13.1185185185185	-27.5488888888889
			13.147037037037	-27.5488888888889
			13.1755555555556	-27.5488888888889
			13.2040740740741	-27.5488888888889
			13.2325925925926	-27.5488888888889
			13.2611111111111	-27.5488888888889
			13.2896296296296	-27.5488888888889
			13.3181481481481	-27.5488888888889
			13.3466666666667	-27.5488888888889
			13.3751851851852	-27.5488888888889
			13.4037037037037	-27.5488888888889
			13.4322222222222	-27.5488888888889
			13.4607407407407	-27.5488888888889
			13.4892592592593	-27.5488888888889
			13.5177777777778	-27.5488888888889
			13.5462962962963	-27.5488888888889
			13.5748148148148	-27.5488888888889
			13.6033333333333	-27.5203703703704
			13.6318518518519	-27.5203703703704
			13.6603703703704	-27.5203703703704
			13.6888888888889	-27.5203703703704
			13.7174074074074	-27.5203703703704
			13.7459259259259	-27.5203703703704
			13.7744444444444	-27.5203703703704
			13.802962962963	-27.5203703703704
			13.8314814814815	-27.4918518518518
			13.86	-27.4918518518518
			13.8885185185185	-27.4918518518518
			13.917037037037	-27.4918518518518
			13.9455555555556	-27.4918518518518
			13.9740740740741	-27.4918518518518
			14.0025925925926	-27.4633333333333
			14.0311111111111	-27.4633333333333
			14.0596296296296	-27.4633333333333
			14.0881481481481	-27.4633333333333
			14.1166666666667	-27.4348148148148
			14.1451851851852	-27.4348148148148
			14.1737037037037	-27.4348148148148
			14.2022222222222	-27.4062962962963
			14.2307407407407	-27.4062962962963
			14.2592592592593	-27.4062962962963
			14.2877777777778	-27.4062962962963
			14.2877777777778	-27.3777777777778
			14.3162962962963	-27.3777777777778
			14.3448148148148	-27.3777777777778
			14.3733333333333	-27.3492592592593
			14.4018518518519	-27.3492592592593
			14.4303703703704	-27.3207407407407
			14.4588888888889	-27.3207407407407
			14.4874074074074	-27.2922222222222
			14.5159259259259	-27.2922222222222
			14.5159259259259	-27.2637037037037
			14.5444444444444	-27.2637037037037
			14.572962962963	-27.2351851851852
			14.6014814814815	-27.2351851851852
			14.6014814814815	-27.2066666666667
			14.63	-27.2066666666667
			14.6585185185185	-27.1781481481481
			14.687037037037	-27.1496296296296
			14.7155555555556	-27.1496296296296
			14.7440740740741	-27.1496296296296
			14.7725925925926	-27.1496296296296
			14.8011111111111	-27.1496296296296
			14.8296296296296	-27.1496296296296
			14.8581481481481	-27.1496296296296
			14.8866666666667	-27.1496296296296
			14.9151851851852	-27.1496296296296
			14.9437037037037	-27.1496296296296
			14.9722222222222	-27.1496296296296
			15.0007407407407	-27.1496296296296
			15.0292592592593	-27.1496296296296
			15.0577777777778	-27.1781481481481
			15.0862962962963	-27.1781481481481
			15.1148148148148	-27.1781481481481
			15.1433333333333	-27.1781481481481
			15.1718518518518	-27.1781481481481
			15.2003703703704	-27.1781481481481
			15.2288888888889	-27.1781481481481
			15.2574074074074	-27.1781481481481
			15.2859259259259	-27.1781481481481
			15.3144444444444	-27.1781481481481
			15.342962962963	-27.1781481481481
			15.3714814814815	-27.1781481481481
			15.4	-27.2066666666667
			15.4285185185185	-27.2066666666667
			15.457037037037	-27.2066666666667
			15.4855555555556	-27.2066666666667
			15.5140740740741	-27.2066666666667
			15.5425925925926	-27.2066666666667
			15.5711111111111	-27.2066666666667
			15.5996296296296	-27.2066666666667
			15.6281481481481	-27.2066666666667
			15.6566666666667	-27.2351851851852
			15.6851851851852	-27.2351851851852
			15.7137037037037	-27.2351851851852
			15.7422222222222	-27.2351851851852
			15.7707407407407	-27.2351851851852
			15.7992592592593	-27.2351851851852
			15.8277777777778	-27.2351851851852
			15.8562962962963	-27.2351851851852
			15.8848148148148	-27.2637037037037
			15.9133333333333	-27.2637037037037
			15.9418518518519	-27.2637037037037
			15.9703703703704	-27.2637037037037
			15.9988888888889	-27.2637037037037
			16.0274074074074	-27.2637037037037
			16.0559259259259	-27.2922222222222
			16.0844444444444	-27.2922222222222
			16.112962962963	-27.2922222222222
			16.1414814814815	-27.2922222222222
			16.17	-27.2922222222222
			16.1985185185185	-27.2922222222222
			16.227037037037	-27.2922222222222
			16.2555555555556	-27.3207407407407
			16.2840740740741	-27.3207407407407
			16.3125925925926	-27.3207407407407
			16.3411111111111	-27.3207407407407
			16.3696296296296	-27.3207407407407
			16.3981481481481	-27.3207407407407
			16.4266666666667	-27.3492592592593
			16.4551851851852	-27.3492592592593
			16.4837037037037	-27.3492592592593
			16.5122222222222	-27.3492592592593
			16.5407407407407	-27.3492592592593
			16.5692592592593	-27.3492592592593
			16.5977777777778	-27.3777777777778
			16.6262962962963	-27.3777777777778
			16.6548148148148	-27.3777777777778
			16.6833333333333	-27.3777777777778
			16.7118518518519	-27.3777777777778
			16.7403703703704	-27.3777777777778
			16.7688888888889	-27.3777777777778
			16.7974074074074	-27.3777777777778
			16.8259259259259	-27.4062962962963
			16.8544444444444	-27.4062962962963
			16.882962962963	-27.4062962962963
			16.9114814814815	-27.4062962962963
			16.94	-27.4062962962963
			16.9685185185185	-27.4062962962963
			16.997037037037	-27.4062962962963
			17.0255555555556	-27.4062962962963
			17.0540740740741	-27.4062962962963
			17.0825925925926	-27.4348148148148
			17.1111111111111	-27.4348148148148
			17.1396296296296	-27.4348148148148
			17.1681481481481	-27.4348148148148
			17.1966666666667	-27.4348148148148
			17.2251851851852	-27.4348148148148
			17.2537037037037	-27.4348148148148
			17.2822222222222	-27.4348148148148
			17.3107407407407	-27.4633333333333
			17.3392592592593	-27.4633333333333
			17.3677777777778	-27.4633333333333
			17.3962962962963	-27.4633333333333
			17.4248148148148	-27.4633333333333
			17.4533333333333	-27.4633333333333
			17.4818518518519	-27.4633333333333
			17.5103703703704	-27.4633333333333
			17.5388888888889	-27.4633333333333
			17.5674074074074	-27.4633333333333
			17.5959259259259	-27.4633333333333
			17.6244444444444	-27.4918518518518
			17.652962962963	-27.4918518518518
			17.6814814814815	-27.4918518518518
			17.71	-27.4918518518518
			17.7385185185185	-27.4918518518518
			17.767037037037	-27.4918518518518
			17.7955555555556	-27.4918518518518
			17.8240740740741	-27.4918518518518
			17.8525925925926	-27.4918518518518
			17.8811111111111	-27.4918518518518
			17.9096296296296	-27.4918518518518
			17.9381481481481	-27.4918518518518
			17.9666666666667	-27.4918518518518
			17.9951851851852	-27.5203703703704
			18.0237037037037	-27.5203703703704
			18.0522222222222	-27.5203703703704
			18.0807407407407	-27.5203703703704
			18.1092592592593	-27.5203703703704
			18.1377777777778	-27.5203703703704
			18.1662962962963	-27.5203703703704
			18.1948148148148	-27.5203703703704
			18.2233333333333	-27.5203703703704
			18.2518518518518	-27.5203703703704
			18.2803703703704	-27.5203703703704
			18.3088888888889	-27.5203703703704
			18.3374074074074	-27.5203703703704
			18.3659259259259	-27.5203703703704
			18.3944444444444	-27.5203703703704
			18.422962962963	-27.5203703703704
			18.4514814814815	-27.5203703703704
			18.48	-27.5203703703704
			18.5085185185185	-27.5203703703704
			18.537037037037	-27.5488888888889
			18.5655555555556	-27.5488888888889
			18.5940740740741	-27.5488888888889
			18.6225925925926	-27.5488888888889
			18.6511111111111	-27.5488888888889
			18.6796296296296	-27.5488888888889
			18.7081481481481	-27.5488888888889
			18.7366666666667	-27.5488888888889
			18.7651851851852	-27.5488888888889
			18.7937037037037	-27.5488888888889
			18.8222222222222	-27.5488888888889
			18.8507407407407	-27.5488888888889
			18.8792592592593	-27.5488888888889
			18.9077777777778	-27.5488888888889
			18.9362962962963	-27.5488888888889
			18.9648148148148	-27.5488888888889
			18.9933333333333	-27.5488888888889
			19.0218518518518	-27.5488888888889
			19.0503703703704	-27.5488888888889
			19.0788888888889	-27.5488888888889
			19.1074074074074	-27.5488888888889
			19.1359259259259	-27.5488888888889
			19.1644444444444	-27.5488888888889
			19.192962962963	-27.5488888888889
			19.2214814814815	-27.5488888888889
			19.25	-27.5488888888889
			19.2785185185185	-27.5488888888889
			19.307037037037	-27.5488888888889
			19.3355555555556	-27.5488888888889
			19.3640740740741	-27.5488888888889
			19.3925925925926	-27.5774074074074
			19.4211111111111	-27.5774074074074
			19.4496296296296	-27.5774074074074
			19.4781481481481	-27.5774074074074
			19.5066666666667	-27.5774074074074
			19.5351851851852	-27.5774074074074
			19.5637037037037	-27.5774074074074
			19.5922222222222	-27.5774074074074
			19.6207407407407	-27.6059259259259
			19.6492592592593	-27.6059259259259
			19.6777777777778	-27.6059259259259
			19.7062962962963	-27.6059259259259
			19.7348148148148	-27.6059259259259
			19.7633333333333	-27.6059259259259
			19.7918518518518	-27.6059259259259
			19.8203703703704	-27.6059259259259
			19.8488888888889	-27.6059259259259
			19.8774074074074	-27.6344444444444
			19.9059259259259	-27.6344444444444
			19.9344444444444	-27.6344444444444
			19.962962962963	-27.6344444444444
			19.9914814814815	-27.6344444444444
			20.02	-27.6344444444444
			20.0485185185185	-27.6344444444444
			20.077037037037	-27.6344444444444
			20.1055555555556	-27.6344444444444
			20.1340740740741	-27.6344444444444
			20.1625925925926	-27.6344444444444
			20.1911111111111	-27.6344444444444
			20.2196296296296	-27.662962962963
			20.2481481481481	-27.662962962963
			20.2766666666667	-27.662962962963
			20.3051851851852	-27.662962962963
			20.3337037037037	-27.662962962963
			20.3622222222222	-27.662962962963
			20.3907407407407	-27.662962962963
			20.4192592592593	-27.662962962963
			20.4477777777778	-27.662962962963
			20.4762962962963	-27.662962962963
			20.5048148148148	-27.662962962963
			20.5333333333333	-27.662962962963
			20.5618518518518	-27.662962962963
			20.5903703703704	-27.662962962963
			20.6188888888889	-27.662962962963
			20.6474074074074	-27.662962962963
			20.6759259259259	-27.662962962963
			20.7044444444444	-27.6914814814815
			20.732962962963	-27.6914814814815
			20.7614814814815	-27.6914814814815
			20.79	-27.6914814814815
			20.8185185185185	-27.6914814814815
			20.847037037037	-27.6914814814815
			20.8755555555556	-27.6914814814815
			20.9040740740741	-27.6914814814815
			20.9325925925926	-27.6914814814815
			20.9611111111111	-27.6914814814815
			20.9896296296296	-27.6914814814815
			21.0181481481481	-27.6914814814815
			21.0466666666667	-27.6914814814815
			21.0751851851852	-27.6914814814815
			21.1037037037037	-27.6914814814815
			21.1322222222222	-27.662962962963
			21.1607407407407	-27.662962962963
			21.1892592592593	-27.6344444444444
			21.2177777777778	-27.6344444444444
			21.2462962962963	-27.6059259259259
			21.2748148148148	-27.5774074074074
			21.3033333333333	-27.5774074074074
			21.3318518518519	-27.5488888888889
		</posterior>
	</curves.scaled>
	<ruler.points type=matrix rownames=TRUE colnames=FALSE nrow=2 ncol=2 as.numeric=TRUE >
		Ruler point 1	362	589
		Ruler point 2	362	967
	</ruler.points>
</shapes>

