<shapes type=list>
	<ruler.pixel type=vector names=FALSE length=1 as.numeric=TRUE >328</ruler.pixel>
	<ruler.interval type=vector names=FALSE length=1 as.numeric=TRUE >6.61</ruler.interval>
	<scaling.units type=vector names=FALSE length=1 as.numeric=FALSE >mm</scaling.units>
	<scaling type=vector names=FALSE length=1 as.numeric=TRUE >0.0201524390243902</scaling>
	<landmarks.pixel type=matrix rownames=TRUE colnames=FALSE nrow=16 ncol=2 as.numeric=TRUE >
		LM1	1232	1693
		LM2	1232	1693
		LM3	1232	1959
		LM4	1232	2022
		LM5	1402	1808
		LM6	1296	1972
		LM7	1306	2008
		LM8	1406	1825
		LM9	1437	1896
		LM10	1232	1693
		LM11	1450	1909
		LM12	1480	1948
		LM13	1232	1693
		LM14	1448	1867
		LM15	1478	2022
		LM16	1450	2056
	</landmarks.pixel>
	<landmarks.scaled type=matrix rownames=TRUE colnames=FALSE nrow=16 ncol=2 as.numeric=TRUE >
		LM1	24.8278048780488	-34.1180792682927
		LM2	24.8278048780488	-34.1180792682927
		LM3	24.8278048780488	-39.4786280487805
		LM4	24.8278048780488	-40.7482317073171
		LM5	28.2537195121951	-36.4356097560976
		LM6	26.1175609756098	-39.7406097560976
		LM7	26.3190853658537	-40.4660975609756
		LM8	28.3343292682927	-36.7782012195122
		LM9	28.9590548780488	-38.2090243902439
		LM10	24.8278048780488	-34.1180792682927
		LM11	29.2210365853659	-38.471006097561
		LM12	29.8256097560976	-39.2569512195122
		LM13	24.8278048780488	-34.1180792682927
		LM14	29.1807317073171	-37.6246036585366
		LM15	29.7853048780488	-40.7482317073171
		LM16	29.2210365853659	-41.4334146341463
	</landmarks.scaled>
	<curves.control type=list>
		<glabella type=matrix rownames=FALSE colnames=FALSE nrow=9 ncol=2 as.numeric=TRUE >
			1232	1693
			1327	1694
			1394	1775
			1430	1824
			1305	1949
			1301	1964
			1295	1973
			1303	1991
			1306	2008
		</glabella>
		<suture type=matrix rownames=FALSE colnames=FALSE nrow=13 ncol=2 as.numeric=TRUE >
			1232	1693
			1329	1692
			1399	1783
			1405	1799
			1399	1821
			1406	1825
			1419	1831
			1466	1866
			1437	1896
			1418	1903
			1450	1909
			1469	1920
			1480	1948
		</suture>
		<anterior type=matrix rownames=FALSE colnames=FALSE nrow=7 ncol=2 as.numeric=TRUE >
			1232	1693
			1327	1694
			1394	1775
			1436	1818
			1466	1890
			1493	1967
			1478	2022
		</anterior>
		<posterior type=matrix rownames=FALSE colnames=FALSE nrow=11 ncol=2 as.numeric=TRUE >
			1232	2022
			1279	2021
			1305	2009
			1336	2013
			1364	2019
			1386	2026
			1408	2036
			1430	2049
			1450	2058
			1464	2051
			1478	2022
		</posterior>
	</curves.control>
	<curves.pixel type=list>
		<glabella type=matrix rownames=FALSE colnames=FALSE nrow=410 ncol=2 as.numeric=TRUE >
			1232	1693
			1233	1693
			1234	1693
			1235	1693
			1236	1693
			1237	1693
			1238	1693
			1239	1693
			1240	1693
			1241	1693
			1242	1693
			1243	1693
			1244	1693
			1245	1694
			1246	1694
			1247	1694
			1248	1694
			1249	1694
			1250	1694
			1251	1694
			1252	1694
			1253	1694
			1254	1694
			1255	1694
			1256	1695
			1257	1695
			1258	1695
			1259	1695
			1260	1695
			1261	1695
			1262	1695
			1263	1696
			1264	1696
			1265	1696
			1266	1696
			1267	1696
			1268	1696
			1269	1697
			1270	1697
			1271	1697
			1272	1697
			1273	1697
			1274	1698
			1275	1698
			1276	1698
			1277	1698
			1278	1698
			1279	1699
			1280	1699
			1281	1699
			1282	1699
			1282	1700
			1283	1700
			1284	1700
			1285	1700
			1286	1701
			1287	1701
			1288	1701
			1289	1702
			1290	1702
			1291	1702
			1292	1702
			1293	1703
			1294	1703
			1295	1703
			1296	1704
			1297	1704
			1298	1705
			1299	1705
			1300	1705
			1301	1706
			1302	1706
			1303	1706
			1304	1707
			1305	1707
			1306	1708
			1307	1708
			1308	1708
			1309	1709
			1310	1709
			1311	1710
			1312	1710
			1313	1710
			1314	1711
			1315	1712
			1316	1712
			1317	1713
			1318	1713
			1319	1714
			1320	1714
			1321	1715
			1322	1715
			1323	1715
			1324	1716
			1325	1717
			1326	1717
			1327	1718
			1328	1718
			1329	1719
			1330	1719
			1331	1720
			1332	1720
			1333	1721
			1334	1722
			1335	1723
			1336	1723
			1337	1724
			1338	1724
			1339	1725
			1340	1726
			1341	1726
			1342	1727
			1343	1728
			1344	1728
			1345	1729
			1346	1730
			1347	1730
			1348	1731
			1349	1732
			1350	1732
			1351	1733
			1352	1734
			1353	1735
			1354	1736
			1355	1737
			1356	1737
			1356	1738
			1357	1738
			1358	1739
			1359	1740
			1360	1741
			1361	1741
			1362	1742
			1363	1743
			1364	1744
			1365	1745
			1366	1746
			1367	1746
			1368	1747
			1369	1748
			1370	1749
			1370	1750
			1371	1751
			1372	1752
			1373	1752
			1374	1753
			1375	1754
			1376	1755
			1377	1756
			1378	1757
			1378	1758
			1379	1759
			1380	1759
			1381	1760
			1382	1761
			1383	1762
			1384	1763
			1385	1764
			1385	1765
			1386	1766
			1387	1767
			1388	1768
			1389	1769
			1390	1770
			1391	1771
			1391	1772
			1392	1773
			1393	1774
			1394	1775
			1394	1776
			1395	1776
			1395	1777
			1396	1777
			1396	1778
			1396	1779
			1397	1779
			1397	1780
			1398	1781
			1398	1782
			1399	1783
			1399	1784
			1399	1785
			1400	1786
			1400	1787
			1400	1788
			1401	1789
			1401	1790
			1401	1791
			1401	1792
			1401	1793
			1402	1793
			1402	1794
			1402	1795
			1402	1796
			1402	1797
			1402	1798
			1402	1799
			1402	1800
			1402	1801
			1402	1802
			1402	1803
			1402	1804
			1402	1805
			1402	1806
			1402	1807
			1402	1808
			1401	1809
			1401	1810
			1401	1811
			1401	1812
			1401	1813
			1401	1814
			1400	1815
			1400	1816
			1400	1817
			1400	1818
			1399	1819
			1399	1820
			1399	1821
			1398	1822
			1398	1823
			1398	1824
			1397	1825
			1397	1826
			1397	1827
			1396	1828
			1396	1829
			1396	1830
			1395	1831
			1395	1832
			1395	1833
			1394	1833
			1394	1834
			1394	1835
			1393	1836
			1393	1837
			1392	1837
			1392	1838
			1392	1839
			1391	1840
			1391	1841
			1390	1842
			1390	1843
			1389	1844
			1389	1845
			1388	1846
			1387	1847
			1387	1848
			1386	1849
			1386	1850
			1385	1851
			1385	1852
			1384	1853
			1384	1854
			1383	1855
			1382	1856
			1382	1857
			1381	1858
			1380	1859
			1380	1860
			1379	1861
			1379	1862
			1378	1863
			1377	1864
			1377	1865
			1376	1866
			1375	1867
			1375	1868
			1374	1869
			1373	1870
			1373	1871
			1372	1872
			1371	1873
			1371	1874
			1370	1875
			1369	1876
			1368	1877
			1368	1878
			1367	1879
			1366	1880
			1365	1881
			1365	1882
			1364	1883
			1363	1884
			1362	1885
			1361	1886
			1361	1887
			1360	1888
			1359	1889
			1358	1890
			1357	1891
			1356	1892
			1356	1893
			1355	1894
			1354	1895
			1353	1896
			1353	1897
			1352	1898
			1351	1899
			1350	1900
			1349	1901
			1348	1902
			1348	1903
			1347	1904
			1346	1905
			1345	1906
			1344	1907
			1343	1908
			1343	1909
			1342	1910
			1341	1911
			1340	1912
			1339	1913
			1338	1914
			1337	1915
			1337	1916
			1336	1917
			1335	1918
			1334	1919
			1333	1920
			1332	1921
			1331	1922
			1330	1923
			1329	1924
			1328	1925
			1327	1926
			1326	1927
			1325	1928
			1324	1929
			1323	1930
			1322	1931
			1321	1932
			1320	1933
			1319	1934
			1318	1935
			1317	1936
			1316	1937
			1315	1938
			1314	1939
			1314	1940
			1313	1941
			1312	1942
			1311	1943
			1310	1944
			1309	1945
			1308	1946
			1307	1947
			1306	1948
			1305	1949
			1305	1950
			1305	1951
			1304	1952
			1304	1953
			1303	1954
			1303	1955
			1303	1956
			1303	1957
			1302	1958
			1302	1959
			1302	1960
			1301	1961
			1301	1962
			1300	1963
			1300	1964
			1299	1965
			1299	1966
			1298	1967
			1298	1968
			1297	1969
			1297	1970
			1296	1971
			1296	1972
			1295	1972
			1295	1973
			1296	1974
			1296	1975
			1296	1976
			1297	1977
			1297	1978
			1298	1979
			1298	1980
			1298	1981
			1299	1982
			1299	1983
			1299	1984
			1300	1984
			1300	1985
			1300	1986
			1301	1987
			1301	1988
			1301	1989
			1301	1990
			1302	1991
			1302	1992
			1302	1993
			1303	1994
			1303	1995
			1303	1996
			1304	1997
			1304	1998
			1304	1999
			1304	2000
			1305	2001
			1305	2002
			1305	2003
			1305	2004
			1305	2005
			1306	2006
			1306	2007
			1306	2008
		</glabella>
		<suture type=matrix rownames=FALSE colnames=FALSE nrow=393 ncol=2 as.numeric=TRUE >
			1232	1693
			1233	1693
			1234	1693
			1235	1693
			1236	1693
			1237	1693
			1238	1693
			1239	1693
			1240	1693
			1241	1693
			1242	1693
			1243	1693
			1244	1693
			1245	1693
			1246	1693
			1247	1693
			1248	1693
			1249	1694
			1250	1694
			1251	1694
			1252	1694
			1253	1694
			1254	1694
			1255	1694
			1256	1694
			1257	1694
			1258	1694
			1258	1695
			1259	1695
			1260	1695
			1261	1695
			1262	1695
			1263	1695
			1264	1695
			1265	1695
			1266	1696
			1267	1696
			1268	1696
			1269	1696
			1270	1696
			1271	1697
			1272	1697
			1273	1697
			1274	1697
			1275	1697
			1276	1697
			1277	1698
			1278	1698
			1279	1698
			1280	1699
			1281	1699
			1282	1699
			1283	1699
			1284	1700
			1285	1700
			1286	1700
			1287	1700
			1288	1701
			1289	1701
			1290	1701
			1291	1702
			1292	1702
			1293	1702
			1294	1703
			1295	1703
			1296	1703
			1297	1704
			1298	1704
			1299	1704
			1300	1705
			1301	1705
			1302	1706
			1303	1706
			1304	1706
			1304	1707
			1305	1707
			1306	1707
			1307	1708
			1308	1708
			1309	1709
			1310	1709
			1311	1709
			1312	1710
			1313	1710
			1314	1711
			1315	1711
			1316	1712
			1317	1712
			1318	1713
			1319	1713
			1320	1714
			1321	1714
			1322	1715
			1323	1716
			1324	1716
			1325	1717
			1326	1717
			1327	1718
			1328	1718
			1329	1719
			1330	1719
			1331	1720
			1332	1720
			1332	1721
			1333	1721
			1334	1722
			1335	1722
			1336	1723
			1337	1724
			1338	1724
			1339	1725
			1340	1726
			1341	1726
			1342	1727
			1343	1728
			1344	1728
			1344	1729
			1345	1730
			1346	1730
			1347	1731
			1348	1732
			1349	1732
			1350	1733
			1351	1734
			1352	1734
			1353	1735
			1354	1736
			1354	1737
			1355	1737
			1356	1738
			1357	1739
			1358	1740
			1359	1740
			1360	1741
			1361	1742
			1362	1743
			1363	1744
			1364	1745
			1365	1746
			1366	1747
			1367	1747
			1367	1748
			1368	1748
			1369	1749
			1369	1750
			1370	1750
			1370	1751
			1371	1751
			1372	1752
			1372	1753
			1373	1753
			1374	1754
			1374	1755
			1375	1755
			1375	1756
			1376	1756
			1377	1757
			1377	1758
			1378	1758
			1379	1759
			1379	1760
			1380	1760
			1380	1761
			1381	1762
			1382	1762
			1382	1763
			1383	1764
			1384	1765
			1385	1766
			1386	1767
			1387	1768
			1387	1769
			1388	1770
			1389	1770
			1389	1771
			1390	1772
			1391	1773
			1392	1774
			1392	1775
			1393	1775
			1394	1776
			1394	1777
			1395	1778
			1396	1779
			1397	1780
			1397	1781
			1398	1782
			1399	1783
			1399	1784
			1400	1785
			1400	1786
			1400	1787
			1401	1788
			1401	1789
			1401	1790
			1401	1791
			1401	1792
			1402	1793
			1402	1794
			1402	1795
			1402	1796
			1402	1797
			1402	1798
			1402	1799
			1402	1800
			1402	1801
			1402	1802
			1402	1803
			1402	1804
			1402	1805
			1402	1806
			1402	1807
			1402	1808
			1401	1809
			1401	1810
			1401	1811
			1401	1812
			1401	1813
			1401	1814
			1400	1815
			1400	1816
			1400	1817
			1400	1818
			1400	1819
			1399	1820
			1399	1821
			1400	1821
			1400	1822
			1401	1822
			1402	1823
			1403	1823
			1404	1824
			1405	1824
			1406	1825
			1407	1825
			1408	1826
			1409	1826
			1410	1827
			1411	1827
			1412	1828
			1413	1828
			1414	1829
			1415	1829
			1416	1830
			1417	1830
			1418	1830
			1419	1831
			1420	1831
			1421	1832
			1422	1833
			1423	1834
			1424	1835
			1425	1836
			1426	1837
			1427	1837
			1427	1838
			1428	1838
			1429	1839
			1430	1840
			1431	1841
			1432	1842
			1433	1843
			1434	1844
			1435	1845
			1436	1846
			1437	1847
			1437	1848
			1438	1848
			1438	1849
			1439	1850
			1440	1851
			1441	1852
			1441	1853
			1442	1854
			1442	1855
			1443	1855
			1443	1856
			1444	1857
			1444	1858
			1445	1858
			1445	1859
			1445	1860
			1446	1861
			1446	1862
			1446	1863
			1447	1864
			1447	1865
			1447	1866
			1447	1867
			1448	1868
			1448	1869
			1448	1870
			1448	1871
			1448	1872
			1448	1873
			1448	1874
			1448	1875
			1448	1876
			1448	1877
			1448	1878
			1447	1879
			1447	1880
			1446	1881
			1446	1882
			1446	1883
			1445	1884
			1445	1885
			1445	1886
			1444	1887
			1444	1888
			1443	1889
			1442	1889
			1442	1890
			1441	1891
			1440	1892
			1440	1893
			1439	1894
			1438	1895
			1437	1895
			1437	1896
			1436	1896
			1435	1897
			1434	1897
			1433	1898
			1432	1899
			1431	1899
			1430	1900
			1430	1901
			1430	1902
			1431	1903
			1432	1904
			1433	1904
			1434	1905
			1435	1905
			1436	1906
			1437	1906
			1438	1906
			1439	1907
			1440	1907
			1441	1907
			1442	1907
			1443	1908
			1444	1908
			1445	1908
			1446	1908
			1447	1908
			1448	1909
			1449	1909
			1450	1909
			1451	1910
			1452	1910
			1453	1911
			1454	1912
			1455	1912
			1456	1913
			1457	1914
			1458	1915
			1459	1916
			1460	1916
			1461	1917
			1462	1918
			1462	1919
			1463	1920
			1464	1921
			1465	1922
			1466	1922
			1466	1923
			1467	1924
			1468	1925
			1469	1926
			1469	1927
			1470	1928
			1470	1929
			1471	1930
			1472	1931
			1472	1932
			1473	1933
			1473	1934
			1474	1935
			1475	1936
			1475	1937
			1476	1938
			1476	1939
			1477	1940
			1477	1941
			1478	1942
			1478	1943
			1478	1944
			1479	1945
			1479	1946
			1479	1947
			1480	1947
			1480	1948
		</suture>
		<anterior type=matrix rownames=FALSE colnames=FALSE nrow=424 ncol=2 as.numeric=TRUE >
			1232	1693
			1233	1693
			1234	1693
			1235	1693
			1236	1693
			1237	1693
			1238	1693
			1239	1693
			1240	1693
			1241	1693
			1242	1693
			1243	1693
			1244	1693
			1245	1694
			1246	1694
			1247	1694
			1248	1694
			1249	1694
			1250	1694
			1251	1694
			1252	1694
			1253	1694
			1254	1694
			1255	1694
			1256	1695
			1257	1695
			1258	1695
			1259	1695
			1260	1695
			1261	1695
			1262	1695
			1263	1696
			1264	1696
			1265	1696
			1266	1696
			1267	1696
			1268	1696
			1269	1697
			1270	1697
			1271	1697
			1272	1697
			1273	1697
			1274	1698
			1275	1698
			1276	1698
			1277	1698
			1278	1699
			1279	1699
			1280	1699
			1281	1699
			1282	1700
			1283	1700
			1284	1700
			1285	1700
			1286	1701
			1287	1701
			1288	1701
			1289	1702
			1290	1702
			1291	1702
			1292	1702
			1292	1703
			1293	1703
			1294	1703
			1295	1704
			1296	1704
			1297	1704
			1298	1704
			1299	1705
			1300	1705
			1301	1706
			1302	1706
			1303	1707
			1304	1707
			1305	1707
			1306	1708
			1307	1708
			1308	1708
			1309	1709
			1310	1709
			1311	1710
			1312	1710
			1313	1711
			1314	1711
			1315	1711
			1316	1712
			1317	1713
			1318	1713
			1319	1714
			1320	1714
			1321	1715
			1322	1715
			1323	1716
			1324	1716
			1325	1717
			1326	1717
			1327	1717
			1327	1718
			1328	1718
			1329	1719
			1330	1720
			1331	1720
			1332	1721
			1333	1721
			1334	1722
			1335	1722
			1336	1723
			1337	1724
			1338	1725
			1339	1725
			1340	1726
			1341	1726
			1342	1727
			1343	1728
			1344	1728
			1345	1729
			1346	1730
			1347	1730
			1348	1731
			1349	1732
			1350	1733
			1351	1733
			1352	1734
			1353	1735
			1354	1735
			1354	1736
			1355	1737
			1356	1737
			1357	1738
			1358	1739
			1359	1740
			1360	1740
			1361	1741
			1361	1742
			1362	1742
			1363	1743
			1364	1744
			1365	1745
			1366	1745
			1367	1746
			1367	1747
			1368	1748
			1369	1749
			1370	1749
			1371	1750
			1372	1751
			1372	1752
			1373	1752
			1374	1753
			1375	1754
			1376	1755
			1377	1756
			1377	1757
			1378	1757
			1379	1758
			1380	1759
			1381	1760
			1381	1761
			1382	1762
			1383	1763
			1384	1763
			1385	1764
			1386	1765
			1386	1766
			1387	1767
			1388	1768
			1389	1769
			1390	1770
			1390	1771
			1391	1772
			1392	1772
			1393	1773
			1393	1774
			1394	1775
			1395	1776
			1396	1777
			1397	1778
			1398	1779
			1399	1780
			1400	1781
			1400	1782
			1401	1783
			1402	1784
			1403	1785
			1404	1786
			1405	1787
			1406	1788
			1407	1789
			1408	1790
			1408	1791
			1409	1792
			1410	1793
			1411	1794
			1412	1795
			1412	1796
			1413	1797
			1414	1798
			1415	1799
			1416	1800
			1417	1801
			1417	1802
			1418	1803
			1419	1804
			1420	1805
			1420	1806
			1421	1807
			1421	1808
			1422	1809
			1423	1810
			1424	1811
			1424	1812
			1425	1812
			1425	1813
			1426	1814
			1426	1815
			1427	1816
			1428	1817
			1428	1818
			1429	1819
			1430	1820
			1430	1821
			1431	1822
			1432	1823
			1432	1824
			1433	1825
			1434	1826
			1434	1827
			1435	1828
			1435	1829
			1436	1830
			1437	1831
			1437	1832
			1438	1833
			1439	1834
			1439	1835
			1440	1836
			1440	1837
			1441	1838
			1441	1839
			1442	1840
			1443	1841
			1443	1842
			1443	1843
			1444	1844
			1445	1845
			1445	1846
			1446	1847
			1446	1848
			1447	1849
			1447	1850
			1448	1851
			1448	1852
			1449	1853
			1449	1854
			1450	1855
			1450	1856
			1451	1857
			1451	1858
			1452	1859
			1452	1860
			1453	1861
			1453	1862
			1454	1863
			1454	1864
			1455	1865
			1455	1866
			1456	1867
			1456	1868
			1457	1869
			1457	1870
			1458	1871
			1458	1872
			1458	1873
			1459	1874
			1459	1875
			1460	1876
			1460	1877
			1461	1878
			1461	1879
			1462	1880
			1462	1881
			1463	1882
			1463	1883
			1464	1884
			1464	1885
			1464	1886
			1465	1887
			1465	1888
			1466	1889
			1466	1890
			1466	1891
			1467	1892
			1467	1893
			1467	1894
			1468	1895
			1468	1896
			1468	1897
			1469	1898
			1469	1899
			1469	1900
			1470	1901
			1470	1902
			1470	1903
			1471	1904
			1471	1905
			1471	1906
			1472	1907
			1472	1908
			1472	1909
			1472	1910
			1473	1911
			1473	1912
			1473	1913
			1473	1914
			1474	1915
			1474	1916
			1474	1917
			1475	1918
			1475	1919
			1475	1920
			1475	1921
			1476	1921
			1476	1922
			1476	1923
			1476	1924
			1476	1925
			1477	1926
			1477	1927
			1477	1928
			1477	1929
			1477	1930
			1478	1931
			1478	1932
			1478	1933
			1478	1934
			1479	1935
			1479	1936
			1479	1937
			1479	1938
			1479	1939
			1480	1940
			1480	1941
			1480	1942
			1480	1943
			1480	1944
			1480	1945
			1481	1946
			1481	1947
			1481	1948
			1481	1949
			1481	1950
			1481	1951
			1481	1952
			1482	1953
			1482	1954
			1482	1955
			1482	1956
			1482	1957
			1482	1958
			1482	1959
			1482	1960
			1482	1961
			1483	1962
			1483	1963
			1483	1964
			1483	1965
			1483	1966
			1483	1967
			1483	1968
			1483	1969
			1483	1970
			1483	1971
			1483	1972
			1483	1973
			1483	1974
			1483	1975
			1483	1976
			1483	1977
			1483	1978
			1483	1979
			1483	1980
			1483	1981
			1483	1982
			1483	1983
			1483	1984
			1483	1985
			1483	1986
			1483	1987
			1483	1988
			1483	1989
			1483	1990
			1483	1991
			1483	1992
			1483	1993
			1483	1994
			1483	1995
			1483	1996
			1483	1997
			1482	1998
			1482	1999
			1482	2000
			1482	2001
			1482	2002
			1482	2003
			1482	2004
			1482	2005
			1481	2006
			1481	2007
			1481	2008
			1481	2009
			1481	2010
			1481	2011
			1480	2012
			1480	2013
			1480	2014
			1480	2015
			1480	2016
			1479	2016
			1479	2017
			1479	2018
			1479	2019
			1479	2020
			1478	2021
			1478	2022
		</anterior>
		<posterior type=matrix rownames=FALSE colnames=FALSE nrow=265 ncol=2 as.numeric=TRUE >
			1232	2022
			1233	2022
			1234	2022
			1235	2022
			1236	2022
			1237	2022
			1238	2022
			1239	2022
			1240	2022
			1241	2022
			1242	2022
			1243	2022
			1244	2022
			1245	2021
			1246	2021
			1247	2021
			1248	2021
			1249	2021
			1250	2021
			1251	2021
			1252	2021
			1253	2021
			1254	2021
			1255	2021
			1256	2021
			1257	2021
			1258	2020
			1259	2020
			1260	2020
			1261	2020
			1262	2020
			1263	2020
			1264	2020
			1265	2020
			1266	2020
			1266	2019
			1267	2019
			1268	2019
			1269	2019
			1270	2019
			1271	2019
			1272	2019
			1272	2018
			1273	2018
			1274	2018
			1275	2018
			1276	2018
			1277	2018
			1278	2017
			1279	2017
			1280	2017
			1281	2017
			1282	2017
			1283	2016
			1284	2016
			1285	2016
			1286	2016
			1286	2015
			1287	2015
			1288	2015
			1289	2015
			1290	2015
			1291	2014
			1292	2014
			1293	2014
			1294	2013
			1295	2013
			1296	2013
			1297	2012
			1298	2012
			1299	2012
			1300	2011
			1301	2011
			1302	2010
			1303	2010
			1304	2009
			1305	2009
			1306	2009
			1307	2009
			1308	2009
			1309	2010
			1310	2010
			1311	2010
			1312	2010
			1313	2010
			1314	2010
			1315	2010
			1316	2011
			1317	2011
			1318	2011
			1319	2011
			1320	2011
			1321	2011
			1322	2011
			1323	2012
			1324	2012
			1325	2012
			1326	2012
			1327	2012
			1328	2012
			1329	2013
			1330	2013
			1331	2013
			1332	2013
			1333	2013
			1334	2013
			1335	2014
			1336	2014
			1337	2014
			1338	2014
			1339	2014
			1340	2014
			1341	2015
			1342	2015
			1343	2015
			1344	2015
			1345	2015
			1346	2015
			1347	2016
			1348	2016
			1349	2016
			1350	2016
			1351	2016
			1352	2017
			1353	2017
			1354	2017
			1355	2017
			1356	2017
			1357	2018
			1358	2018
			1359	2018
			1360	2018
			1361	2018
			1362	2019
			1363	2019
			1364	2019
			1365	2019
			1366	2020
			1367	2020
			1368	2020
			1369	2021
			1370	2021
			1371	2021
			1372	2022
			1373	2022
			1374	2022
			1375	2023
			1376	2023
			1377	2023
			1378	2024
			1379	2024
			1380	2025
			1381	2025
			1382	2025
			1383	2026
			1384	2026
			1385	2026
			1386	2027
			1387	2027
			1388	2028
			1389	2028
			1390	2028
			1391	2029
			1392	2029
			1393	2029
			1394	2030
			1395	2030
			1396	2031
			1397	2031
			1398	2031
			1399	2032
			1400	2032
			1400	2033
			1401	2033
			1402	2034
			1403	2034
			1404	2034
			1405	2035
			1406	2035
			1407	2036
			1408	2036
			1409	2037
			1410	2037
			1411	2038
			1412	2038
			1413	2039
			1414	2039
			1415	2040
			1416	2040
			1417	2041
			1418	2042
			1419	2042
			1419	2043
			1420	2043
			1421	2044
			1422	2044
			1423	2045
			1424	2045
			1425	2046
			1426	2046
			1427	2047
			1428	2047
			1429	2048
			1430	2048
			1431	2049
			1432	2049
			1433	2050
			1434	2050
			1435	2051
			1436	2051
			1437	2052
			1438	2052
			1439	2053
			1440	2053
			1440	2054
			1441	2054
			1442	2054
			1443	2055
			1444	2055
			1445	2056
			1446	2056
			1447	2057
			1448	2057
			1449	2057
			1450	2058
			1451	2057
			1452	2057
			1453	2056
			1454	2055
			1455	2055
			1456	2054
			1457	2054
			1457	2053
			1458	2052
			1459	2051
			1460	2051
			1460	2050
			1461	2049
			1462	2048
			1463	2047
			1463	2046
			1464	2045
			1465	2044
			1466	2043
			1466	2042
			1467	2041
			1468	2040
			1469	2039
			1469	2038
			1470	2037
			1471	2036
			1471	2035
			1472	2034
			1472	2033
			1473	2032
			1473	2031
			1474	2030
			1475	2029
			1475	2028
			1476	2027
			1476	2026
			1477	2025
			1477	2024
			1478	2023
			1478	2022
		</posterior>
	</curves.pixel>
	<curves.scaled type=list>
		<glabella type=matrix rownames=FALSE colnames=FALSE nrow=410 ncol=2 as.numeric=TRUE >
			24.8278048780488	-34.1180792682927
			24.8479573170732	-34.1180792682927
			24.8681097560976	-34.1180792682927
			24.888262195122	-34.1180792682927
			24.9084146341463	-34.1180792682927
			24.9285670731707	-34.1180792682927
			24.9487195121951	-34.1180792682927
			24.9688719512195	-34.1180792682927
			24.9890243902439	-34.1180792682927
			25.0091768292683	-34.1180792682927
			25.0293292682927	-34.1180792682927
			25.0494817073171	-34.1180792682927
			25.0696341463415	-34.1180792682927
			25.0897865853659	-34.1382317073171
			25.1099390243902	-34.1382317073171
			25.1300914634146	-34.1382317073171
			25.150243902439	-34.1382317073171
			25.1703963414634	-34.1382317073171
			25.1905487804878	-34.1382317073171
			25.2107012195122	-34.1382317073171
			25.2308536585366	-34.1382317073171
			25.251006097561	-34.1382317073171
			25.2711585365854	-34.1382317073171
			25.2913109756098	-34.1382317073171
			25.3114634146341	-34.1583841463415
			25.3316158536585	-34.1583841463415
			25.3517682926829	-34.1583841463415
			25.3719207317073	-34.1583841463415
			25.3920731707317	-34.1583841463415
			25.4122256097561	-34.1583841463415
			25.4323780487805	-34.1583841463415
			25.4525304878049	-34.1785365853659
			25.4726829268293	-34.1785365853659
			25.4928353658537	-34.1785365853659
			25.5129878048781	-34.1785365853659
			25.5331402439024	-34.1785365853659
			25.5532926829268	-34.1785365853659
			25.5734451219512	-34.1986890243902
			25.5935975609756	-34.1986890243902
			25.61375	-34.1986890243902
			25.6339024390244	-34.1986890243902
			25.6540548780488	-34.1986890243902
			25.6742073170732	-34.2188414634146
			25.6943597560976	-34.2188414634146
			25.714512195122	-34.2188414634146
			25.7346646341463	-34.2188414634146
			25.7548170731707	-34.2188414634146
			25.7749695121951	-34.238993902439
			25.7951219512195	-34.238993902439
			25.8152743902439	-34.238993902439
			25.8354268292683	-34.238993902439
			25.8354268292683	-34.2591463414634
			25.8555792682927	-34.2591463414634
			25.8757317073171	-34.2591463414634
			25.8958841463415	-34.2591463414634
			25.9160365853659	-34.2792987804878
			25.9361890243902	-34.2792987804878
			25.9563414634146	-34.2792987804878
			25.976493902439	-34.2994512195122
			25.9966463414634	-34.2994512195122
			26.0167987804878	-34.2994512195122
			26.0369512195122	-34.2994512195122
			26.0571036585366	-34.3196036585366
			26.077256097561	-34.3196036585366
			26.0974085365854	-34.3196036585366
			26.1175609756098	-34.339756097561
			26.1377134146341	-34.339756097561
			26.1578658536585	-34.3599085365854
			26.1780182926829	-34.3599085365854
			26.1981707317073	-34.3599085365854
			26.2183231707317	-34.3800609756098
			26.2384756097561	-34.3800609756098
			26.2586280487805	-34.3800609756098
			26.2787804878049	-34.4002134146341
			26.2989329268293	-34.4002134146341
			26.3190853658537	-34.4203658536585
			26.339237804878	-34.4203658536585
			26.3593902439024	-34.4203658536585
			26.3795426829268	-34.4405182926829
			26.3996951219512	-34.4405182926829
			26.4198475609756	-34.4606707317073
			26.44	-34.4606707317073
			26.4601524390244	-34.4606707317073
			26.4803048780488	-34.4808231707317
			26.5004573170732	-34.5009756097561
			26.5206097560976	-34.5009756097561
			26.540762195122	-34.5211280487805
			26.5609146341463	-34.5211280487805
			26.5810670731707	-34.5412804878049
			26.6012195121951	-34.5412804878049
			26.6213719512195	-34.5614329268293
			26.6415243902439	-34.5614329268293
			26.6616768292683	-34.5614329268293
			26.6818292682927	-34.5815853658537
			26.7019817073171	-34.601737804878
			26.7221341463415	-34.601737804878
			26.7422865853659	-34.6218902439024
			26.7624390243902	-34.6218902439024
			26.7825914634146	-34.6420426829268
			26.802743902439	-34.6420426829268
			26.8228963414634	-34.6621951219512
			26.8430487804878	-34.6621951219512
			26.8632012195122	-34.6823475609756
			26.8833536585366	-34.7025
			26.903506097561	-34.7226524390244
			26.9236585365854	-34.7226524390244
			26.9438109756098	-34.7428048780488
			26.9639634146341	-34.7428048780488
			26.9841158536585	-34.7629573170732
			27.0042682926829	-34.7831097560976
			27.0244207317073	-34.7831097560976
			27.0445731707317	-34.803262195122
			27.0647256097561	-34.8234146341463
			27.0848780487805	-34.8234146341463
			27.1050304878049	-34.8435670731707
			27.1251829268293	-34.8637195121951
			27.1453353658537	-34.8637195121951
			27.1654878048781	-34.8838719512195
			27.1856402439024	-34.9040243902439
			27.2057926829268	-34.9040243902439
			27.2259451219512	-34.9241768292683
			27.2460975609756	-34.9443292682927
			27.26625	-34.9644817073171
			27.2864024390244	-34.9846341463415
			27.3065548780488	-35.0047865853659
			27.3267073170732	-35.0047865853659
			27.3267073170732	-35.0249390243902
			27.3468597560976	-35.0249390243902
			27.367012195122	-35.0450914634146
			27.3871646341463	-35.065243902439
			27.4073170731707	-35.0853963414634
			27.4274695121951	-35.0853963414634
			27.4476219512195	-35.1055487804878
			27.4677743902439	-35.1257012195122
			27.4879268292683	-35.1458536585366
			27.5080792682927	-35.166006097561
			27.5282317073171	-35.1861585365854
			27.5483841463415	-35.1861585365854
			27.5685365853659	-35.2063109756098
			27.5886890243902	-35.2264634146341
			27.6088414634146	-35.2466158536585
			27.6088414634146	-35.2667682926829
			27.628993902439	-35.2869207317073
			27.6491463414634	-35.3070731707317
			27.6692987804878	-35.3070731707317
			27.6894512195122	-35.3272256097561
			27.7096036585366	-35.3473780487805
			27.729756097561	-35.3675304878049
			27.7499085365854	-35.3876829268293
			27.7700609756098	-35.4078353658537
			27.7700609756098	-35.4279878048781
			27.7902134146341	-35.4481402439024
			27.8103658536585	-35.4481402439024
			27.8305182926829	-35.4682926829268
			27.8506707317073	-35.4884451219512
			27.8708231707317	-35.5085975609756
			27.8909756097561	-35.52875
			27.9111280487805	-35.5489024390244
			27.9111280487805	-35.5690548780488
			27.9312804878049	-35.5892073170732
			27.9514329268293	-35.6093597560976
			27.9715853658537	-35.629512195122
			27.991737804878	-35.6496646341463
			28.0118902439024	-35.6698170731707
			28.0320426829268	-35.6899695121951
			28.0320426829268	-35.7101219512195
			28.0521951219512	-35.7302743902439
			28.0723475609756	-35.7504268292683
			28.0925	-35.7705792682927
			28.0925	-35.7907317073171
			28.1126524390244	-35.7907317073171
			28.1126524390244	-35.8108841463415
			28.1328048780488	-35.8108841463415
			28.1328048780488	-35.8310365853659
			28.1328048780488	-35.8511890243902
			28.1529573170732	-35.8511890243902
			28.1529573170732	-35.8713414634146
			28.1731097560976	-35.891493902439
			28.1731097560976	-35.9116463414634
			28.193262195122	-35.9317987804878
			28.193262195122	-35.9519512195122
			28.193262195122	-35.9721036585366
			28.2134146341463	-35.992256097561
			28.2134146341463	-36.0124085365854
			28.2134146341463	-36.0325609756098
			28.2335670731707	-36.0527134146341
			28.2335670731707	-36.0728658536585
			28.2335670731707	-36.0930182926829
			28.2335670731707	-36.1131707317073
			28.2335670731707	-36.1333231707317
			28.2537195121951	-36.1333231707317
			28.2537195121951	-36.1534756097561
			28.2537195121951	-36.1736280487805
			28.2537195121951	-36.1937804878049
			28.2537195121951	-36.2139329268293
			28.2537195121951	-36.2340853658537
			28.2537195121951	-36.2542378048781
			28.2537195121951	-36.2743902439024
			28.2537195121951	-36.2945426829268
			28.2537195121951	-36.3146951219512
			28.2537195121951	-36.3348475609756
			28.2537195121951	-36.355
			28.2537195121951	-36.3751524390244
			28.2537195121951	-36.3953048780488
			28.2537195121951	-36.4154573170732
			28.2537195121951	-36.4356097560976
			28.2335670731707	-36.4557621951219
			28.2335670731707	-36.4759146341463
			28.2335670731707	-36.4960670731707
			28.2335670731707	-36.5162195121951
			28.2335670731707	-36.5363719512195
			28.2335670731707	-36.5565243902439
			28.2134146341463	-36.5766768292683
			28.2134146341463	-36.5968292682927
			28.2134146341463	-36.6169817073171
			28.2134146341463	-36.6371341463415
			28.193262195122	-36.6572865853659
			28.193262195122	-36.6774390243902
			28.193262195122	-36.6975914634146
			28.1731097560976	-36.717743902439
			28.1731097560976	-36.7378963414634
			28.1731097560976	-36.7580487804878
			28.1529573170732	-36.7782012195122
			28.1529573170732	-36.7983536585366
			28.1529573170732	-36.818506097561
			28.1328048780488	-36.8386585365854
			28.1328048780488	-36.8588109756098
			28.1328048780488	-36.8789634146341
			28.1126524390244	-36.8991158536585
			28.1126524390244	-36.9192682926829
			28.1126524390244	-36.9394207317073
			28.0925	-36.9394207317073
			28.0925	-36.9595731707317
			28.0925	-36.9797256097561
			28.0723475609756	-36.9998780487805
			28.0723475609756	-37.0200304878049
			28.0521951219512	-37.0200304878049
			28.0521951219512	-37.0401829268293
			28.0521951219512	-37.0603353658537
			28.0320426829268	-37.080487804878
			28.0320426829268	-37.1006402439024
			28.0118902439024	-37.1207926829268
			28.0118902439024	-37.1409451219512
			27.991737804878	-37.1610975609756
			27.991737804878	-37.18125
			27.9715853658537	-37.2014024390244
			27.9514329268293	-37.2215548780488
			27.9514329268293	-37.2417073170732
			27.9312804878049	-37.2618597560976
			27.9312804878049	-37.282012195122
			27.9111280487805	-37.3021646341463
			27.9111280487805	-37.3223170731707
			27.8909756097561	-37.3424695121951
			27.8909756097561	-37.3626219512195
			27.8708231707317	-37.3827743902439
			27.8506707317073	-37.4029268292683
			27.8506707317073	-37.4230792682927
			27.8305182926829	-37.4432317073171
			27.8103658536585	-37.4633841463415
			27.8103658536585	-37.4835365853659
			27.7902134146341	-37.5036890243902
			27.7902134146341	-37.5238414634146
			27.7700609756098	-37.543993902439
			27.7499085365854	-37.5641463414634
			27.7499085365854	-37.5842987804878
			27.729756097561	-37.6044512195122
			27.7096036585366	-37.6246036585366
			27.7096036585366	-37.644756097561
			27.6894512195122	-37.6649085365854
			27.6692987804878	-37.6850609756098
			27.6692987804878	-37.7052134146341
			27.6491463414634	-37.7253658536585
			27.628993902439	-37.7455182926829
			27.628993902439	-37.7656707317073
			27.6088414634146	-37.7858231707317
			27.5886890243902	-37.8059756097561
			27.5685365853659	-37.8261280487805
			27.5685365853659	-37.8462804878049
			27.5483841463415	-37.8664329268293
			27.5282317073171	-37.8865853658537
			27.5080792682927	-37.906737804878
			27.5080792682927	-37.9268902439024
			27.4879268292683	-37.9470426829268
			27.4677743902439	-37.9671951219512
			27.4476219512195	-37.9873475609756
			27.4274695121951	-38.0075
			27.4274695121951	-38.0276524390244
			27.4073170731707	-38.0478048780488
			27.3871646341463	-38.0679573170732
			27.367012195122	-38.0881097560976
			27.3468597560976	-38.108262195122
			27.3267073170732	-38.1284146341463
			27.3267073170732	-38.1485670731707
			27.3065548780488	-38.1687195121951
			27.2864024390244	-38.1888719512195
			27.26625	-38.2090243902439
			27.26625	-38.2291768292683
			27.2460975609756	-38.2493292682927
			27.2259451219512	-38.2694817073171
			27.2057926829268	-38.2896341463415
			27.1856402439024	-38.3097865853659
			27.1654878048781	-38.3299390243902
			27.1654878048781	-38.3500914634146
			27.1453353658537	-38.370243902439
			27.1251829268293	-38.3903963414634
			27.1050304878049	-38.4105487804878
			27.0848780487805	-38.4307012195122
			27.0647256097561	-38.4508536585366
			27.0647256097561	-38.471006097561
			27.0445731707317	-38.4911585365854
			27.0244207317073	-38.5113109756098
			27.0042682926829	-38.5314634146341
			26.9841158536585	-38.5516158536585
			26.9639634146341	-38.5717682926829
			26.9438109756098	-38.5919207317073
			26.9438109756098	-38.6120731707317
			26.9236585365854	-38.6322256097561
			26.903506097561	-38.6523780487805
			26.8833536585366	-38.6725304878049
			26.8632012195122	-38.6926829268293
			26.8430487804878	-38.7128353658537
			26.8228963414634	-38.7329878048781
			26.802743902439	-38.7531402439024
			26.7825914634146	-38.7732926829268
			26.7624390243902	-38.7934451219512
			26.7422865853659	-38.8135975609756
			26.7221341463415	-38.83375
			26.7019817073171	-38.8539024390244
			26.6818292682927	-38.8740548780488
			26.6616768292683	-38.8942073170732
			26.6415243902439	-38.9143597560976
			26.6213719512195	-38.934512195122
			26.6012195121951	-38.9546646341463
			26.5810670731707	-38.9748170731707
			26.5609146341463	-38.9949695121951
			26.540762195122	-39.0151219512195
			26.5206097560976	-39.0352743902439
			26.5004573170732	-39.0554268292683
			26.4803048780488	-39.0755792682927
			26.4803048780488	-39.0957317073171
			26.4601524390244	-39.1158841463415
			26.44	-39.1360365853659
			26.4198475609756	-39.1561890243902
			26.3996951219512	-39.1763414634146
			26.3795426829268	-39.196493902439
			26.3593902439024	-39.2166463414634
			26.339237804878	-39.2367987804878
			26.3190853658537	-39.2569512195122
			26.2989329268293	-39.2771036585366
			26.2989329268293	-39.297256097561
			26.2989329268293	-39.3174085365854
			26.2787804878049	-39.3375609756098
			26.2787804878049	-39.3577134146341
			26.2586280487805	-39.3778658536585
			26.2586280487805	-39.3980182926829
			26.2586280487805	-39.4181707317073
			26.2586280487805	-39.4383231707317
			26.2384756097561	-39.4584756097561
			26.2384756097561	-39.4786280487805
			26.2384756097561	-39.4987804878049
			26.2183231707317	-39.5189329268293
			26.2183231707317	-39.5390853658537
			26.1981707317073	-39.5592378048781
			26.1981707317073	-39.5793902439024
			26.1780182926829	-39.5995426829268
			26.1780182926829	-39.6196951219512
			26.1578658536585	-39.6398475609756
			26.1578658536585	-39.66
			26.1377134146341	-39.6801524390244
			26.1377134146341	-39.7003048780488
			26.1175609756098	-39.7204573170732
			26.1175609756098	-39.7406097560976
			26.0974085365854	-39.7406097560976
			26.0974085365854	-39.760762195122
			26.1175609756098	-39.7809146341463
			26.1175609756098	-39.8010670731707
			26.1175609756098	-39.8212195121951
			26.1377134146341	-39.8413719512195
			26.1377134146341	-39.8615243902439
			26.1578658536585	-39.8816768292683
			26.1578658536585	-39.9018292682927
			26.1578658536585	-39.9219817073171
			26.1780182926829	-39.9421341463415
			26.1780182926829	-39.9622865853659
			26.1780182926829	-39.9824390243902
			26.1981707317073	-39.9824390243902
			26.1981707317073	-40.0025914634146
			26.1981707317073	-40.022743902439
			26.2183231707317	-40.0428963414634
			26.2183231707317	-40.0630487804878
			26.2183231707317	-40.0832012195122
			26.2183231707317	-40.1033536585366
			26.2384756097561	-40.123506097561
			26.2384756097561	-40.1436585365854
			26.2384756097561	-40.1638109756098
			26.2586280487805	-40.1839634146341
			26.2586280487805	-40.2041158536585
			26.2586280487805	-40.2242682926829
			26.2787804878049	-40.2444207317073
			26.2787804878049	-40.2645731707317
			26.2787804878049	-40.2847256097561
			26.2787804878049	-40.3048780487805
			26.2989329268293	-40.3250304878049
			26.2989329268293	-40.3451829268293
			26.2989329268293	-40.3653353658537
			26.2989329268293	-40.385487804878
			26.2989329268293	-40.4056402439024
			26.3190853658537	-40.4257926829268
			26.3190853658537	-40.4459451219512
			26.3190853658537	-40.4660975609756
		</glabella>
		<suture type=matrix rownames=FALSE colnames=FALSE nrow=393 ncol=2 as.numeric=TRUE >
			24.8278048780488	-34.1180792682927
			24.8479573170732	-34.1180792682927
			24.8681097560976	-34.1180792682927
			24.888262195122	-34.1180792682927
			24.9084146341463	-34.1180792682927
			24.9285670731707	-34.1180792682927
			24.9487195121951	-34.1180792682927
			24.9688719512195	-34.1180792682927
			24.9890243902439	-34.1180792682927
			25.0091768292683	-34.1180792682927
			25.0293292682927	-34.1180792682927
			25.0494817073171	-34.1180792682927
			25.0696341463415	-34.1180792682927
			25.0897865853659	-34.1180792682927
			25.1099390243902	-34.1180792682927
			25.1300914634146	-34.1180792682927
			25.150243902439	-34.1180792682927
			25.1703963414634	-34.1382317073171
			25.1905487804878	-34.1382317073171
			25.2107012195122	-34.1382317073171
			25.2308536585366	-34.1382317073171
			25.251006097561	-34.1382317073171
			25.2711585365854	-34.1382317073171
			25.2913109756098	-34.1382317073171
			25.3114634146341	-34.1382317073171
			25.3316158536585	-34.1382317073171
			25.3517682926829	-34.1382317073171
			25.3517682926829	-34.1583841463415
			25.3719207317073	-34.1583841463415
			25.3920731707317	-34.1583841463415
			25.4122256097561	-34.1583841463415
			25.4323780487805	-34.1583841463415
			25.4525304878049	-34.1583841463415
			25.4726829268293	-34.1583841463415
			25.4928353658537	-34.1583841463415
			25.5129878048781	-34.1785365853659
			25.5331402439024	-34.1785365853659
			25.5532926829268	-34.1785365853659
			25.5734451219512	-34.1785365853659
			25.5935975609756	-34.1785365853659
			25.61375	-34.1986890243902
			25.6339024390244	-34.1986890243902
			25.6540548780488	-34.1986890243902
			25.6742073170732	-34.1986890243902
			25.6943597560976	-34.1986890243902
			25.714512195122	-34.1986890243902
			25.7346646341463	-34.2188414634146
			25.7548170731707	-34.2188414634146
			25.7749695121951	-34.2188414634146
			25.7951219512195	-34.238993902439
			25.8152743902439	-34.238993902439
			25.8354268292683	-34.238993902439
			25.8555792682927	-34.238993902439
			25.8757317073171	-34.2591463414634
			25.8958841463415	-34.2591463414634
			25.9160365853659	-34.2591463414634
			25.9361890243902	-34.2591463414634
			25.9563414634146	-34.2792987804878
			25.976493902439	-34.2792987804878
			25.9966463414634	-34.2792987804878
			26.0167987804878	-34.2994512195122
			26.0369512195122	-34.2994512195122
			26.0571036585366	-34.2994512195122
			26.077256097561	-34.3196036585366
			26.0974085365854	-34.3196036585366
			26.1175609756098	-34.3196036585366
			26.1377134146341	-34.339756097561
			26.1578658536585	-34.339756097561
			26.1780182926829	-34.339756097561
			26.1981707317073	-34.3599085365854
			26.2183231707317	-34.3599085365854
			26.2384756097561	-34.3800609756098
			26.2586280487805	-34.3800609756098
			26.2787804878049	-34.3800609756098
			26.2787804878049	-34.4002134146341
			26.2989329268293	-34.4002134146341
			26.3190853658537	-34.4002134146341
			26.339237804878	-34.4203658536585
			26.3593902439024	-34.4203658536585
			26.3795426829268	-34.4405182926829
			26.3996951219512	-34.4405182926829
			26.4198475609756	-34.4405182926829
			26.44	-34.4606707317073
			26.4601524390244	-34.4606707317073
			26.4803048780488	-34.4808231707317
			26.5004573170732	-34.4808231707317
			26.5206097560976	-34.5009756097561
			26.540762195122	-34.5009756097561
			26.5609146341463	-34.5211280487805
			26.5810670731707	-34.5211280487805
			26.6012195121951	-34.5412804878049
			26.6213719512195	-34.5412804878049
			26.6415243902439	-34.5614329268293
			26.6616768292683	-34.5815853658537
			26.6818292682927	-34.5815853658537
			26.7019817073171	-34.601737804878
			26.7221341463415	-34.601737804878
			26.7422865853659	-34.6218902439024
			26.7624390243902	-34.6218902439024
			26.7825914634146	-34.6420426829268
			26.802743902439	-34.6420426829268
			26.8228963414634	-34.6621951219512
			26.8430487804878	-34.6621951219512
			26.8430487804878	-34.6823475609756
			26.8632012195122	-34.6823475609756
			26.8833536585366	-34.7025
			26.903506097561	-34.7025
			26.9236585365854	-34.7226524390244
			26.9438109756098	-34.7428048780488
			26.9639634146341	-34.7428048780488
			26.9841158536585	-34.7629573170732
			27.0042682926829	-34.7831097560976
			27.0244207317073	-34.7831097560976
			27.0445731707317	-34.803262195122
			27.0647256097561	-34.8234146341463
			27.0848780487805	-34.8234146341463
			27.0848780487805	-34.8435670731707
			27.1050304878049	-34.8637195121951
			27.1251829268293	-34.8637195121951
			27.1453353658537	-34.8838719512195
			27.1654878048781	-34.9040243902439
			27.1856402439024	-34.9040243902439
			27.2057926829268	-34.9241768292683
			27.2259451219512	-34.9443292682927
			27.2460975609756	-34.9443292682927
			27.26625	-34.9644817073171
			27.2864024390244	-34.9846341463415
			27.2864024390244	-35.0047865853659
			27.3065548780488	-35.0047865853659
			27.3267073170732	-35.0249390243902
			27.3468597560976	-35.0450914634146
			27.367012195122	-35.065243902439
			27.3871646341463	-35.065243902439
			27.4073170731707	-35.0853963414634
			27.4274695121951	-35.1055487804878
			27.4476219512195	-35.1257012195122
			27.4677743902439	-35.1458536585366
			27.4879268292683	-35.166006097561
			27.5080792682927	-35.1861585365854
			27.5282317073171	-35.2063109756098
			27.5483841463415	-35.2063109756098
			27.5483841463415	-35.2264634146341
			27.5685365853659	-35.2264634146341
			27.5886890243902	-35.2466158536585
			27.5886890243902	-35.2667682926829
			27.6088414634146	-35.2667682926829
			27.6088414634146	-35.2869207317073
			27.628993902439	-35.2869207317073
			27.6491463414634	-35.3070731707317
			27.6491463414634	-35.3272256097561
			27.6692987804878	-35.3272256097561
			27.6894512195122	-35.3473780487805
			27.6894512195122	-35.3675304878049
			27.7096036585366	-35.3675304878049
			27.7096036585366	-35.3876829268293
			27.729756097561	-35.3876829268293
			27.7499085365854	-35.4078353658537
			27.7499085365854	-35.4279878048781
			27.7700609756098	-35.4279878048781
			27.7902134146341	-35.4481402439024
			27.7902134146341	-35.4682926829268
			27.8103658536585	-35.4682926829268
			27.8103658536585	-35.4884451219512
			27.8305182926829	-35.5085975609756
			27.8506707317073	-35.5085975609756
			27.8506707317073	-35.52875
			27.8708231707317	-35.5489024390244
			27.8909756097561	-35.5690548780488
			27.9111280487805	-35.5892073170732
			27.9312804878049	-35.6093597560976
			27.9514329268293	-35.629512195122
			27.9514329268293	-35.6496646341463
			27.9715853658537	-35.6698170731707
			27.991737804878	-35.6698170731707
			27.991737804878	-35.6899695121951
			28.0118902439024	-35.7101219512195
			28.0320426829268	-35.7302743902439
			28.0521951219512	-35.7504268292683
			28.0521951219512	-35.7705792682927
			28.0723475609756	-35.7705792682927
			28.0925	-35.7907317073171
			28.0925	-35.8108841463415
			28.1126524390244	-35.8310365853659
			28.1328048780488	-35.8511890243902
			28.1529573170732	-35.8713414634146
			28.1529573170732	-35.891493902439
			28.1731097560976	-35.9116463414634
			28.193262195122	-35.9317987804878
			28.193262195122	-35.9519512195122
			28.2134146341463	-35.9721036585366
			28.2134146341463	-35.992256097561
			28.2134146341463	-36.0124085365854
			28.2335670731707	-36.0325609756098
			28.2335670731707	-36.0527134146341
			28.2335670731707	-36.0728658536585
			28.2335670731707	-36.0930182926829
			28.2335670731707	-36.1131707317073
			28.2537195121951	-36.1333231707317
			28.2537195121951	-36.1534756097561
			28.2537195121951	-36.1736280487805
			28.2537195121951	-36.1937804878049
			28.2537195121951	-36.2139329268293
			28.2537195121951	-36.2340853658537
			28.2537195121951	-36.2542378048781
			28.2537195121951	-36.2743902439024
			28.2537195121951	-36.2945426829268
			28.2537195121951	-36.3146951219512
			28.2537195121951	-36.3348475609756
			28.2537195121951	-36.355
			28.2537195121951	-36.3751524390244
			28.2537195121951	-36.3953048780488
			28.2537195121951	-36.4154573170732
			28.2537195121951	-36.4356097560976
			28.2335670731707	-36.4557621951219
			28.2335670731707	-36.4759146341463
			28.2335670731707	-36.4960670731707
			28.2335670731707	-36.5162195121951
			28.2335670731707	-36.5363719512195
			28.2335670731707	-36.5565243902439
			28.2134146341463	-36.5766768292683
			28.2134146341463	-36.5968292682927
			28.2134146341463	-36.6169817073171
			28.2134146341463	-36.6371341463415
			28.2134146341463	-36.6572865853659
			28.193262195122	-36.6774390243902
			28.193262195122	-36.6975914634146
			28.2134146341463	-36.6975914634146
			28.2134146341463	-36.717743902439
			28.2335670731707	-36.717743902439
			28.2537195121951	-36.7378963414634
			28.2738719512195	-36.7378963414634
			28.2940243902439	-36.7580487804878
			28.3141768292683	-36.7580487804878
			28.3343292682927	-36.7782012195122
			28.3544817073171	-36.7782012195122
			28.3746341463415	-36.7983536585366
			28.3947865853659	-36.7983536585366
			28.4149390243902	-36.818506097561
			28.4350914634146	-36.818506097561
			28.455243902439	-36.8386585365854
			28.4753963414634	-36.8386585365854
			28.4955487804878	-36.8588109756098
			28.5157012195122	-36.8588109756098
			28.5358536585366	-36.8789634146341
			28.556006097561	-36.8789634146341
			28.5761585365854	-36.8789634146341
			28.5963109756098	-36.8991158536585
			28.6164634146341	-36.8991158536585
			28.6366158536585	-36.9192682926829
			28.6567682926829	-36.9394207317073
			28.6769207317073	-36.9595731707317
			28.6970731707317	-36.9797256097561
			28.7172256097561	-36.9998780487805
			28.7373780487805	-37.0200304878049
			28.7575304878049	-37.0200304878049
			28.7575304878049	-37.0401829268293
			28.7776829268293	-37.0401829268293
			28.7978353658537	-37.0603353658537
			28.8179878048781	-37.080487804878
			28.8381402439024	-37.1006402439024
			28.8582926829268	-37.1207926829268
			28.8784451219512	-37.1409451219512
			28.8985975609756	-37.1610975609756
			28.91875	-37.18125
			28.9389024390244	-37.2014024390244
			28.9590548780488	-37.2215548780488
			28.9590548780488	-37.2417073170732
			28.9792073170732	-37.2417073170732
			28.9792073170732	-37.2618597560976
			28.9993597560976	-37.282012195122
			29.019512195122	-37.3021646341463
			29.0396646341463	-37.3223170731707
			29.0396646341463	-37.3424695121951
			29.0598170731707	-37.3626219512195
			29.0598170731707	-37.3827743902439
			29.0799695121951	-37.3827743902439
			29.0799695121951	-37.4029268292683
			29.1001219512195	-37.4230792682927
			29.1001219512195	-37.4432317073171
			29.1202743902439	-37.4432317073171
			29.1202743902439	-37.4633841463415
			29.1202743902439	-37.4835365853659
			29.1404268292683	-37.5036890243902
			29.1404268292683	-37.5238414634146
			29.1404268292683	-37.543993902439
			29.1605792682927	-37.5641463414634
			29.1605792682927	-37.5842987804878
			29.1605792682927	-37.6044512195122
			29.1605792682927	-37.6246036585366
			29.1807317073171	-37.644756097561
			29.1807317073171	-37.6649085365854
			29.1807317073171	-37.6850609756098
			29.1807317073171	-37.7052134146341
			29.1807317073171	-37.7253658536585
			29.1807317073171	-37.7455182926829
			29.1807317073171	-37.7656707317073
			29.1807317073171	-37.7858231707317
			29.1807317073171	-37.8059756097561
			29.1807317073171	-37.8261280487805
			29.1807317073171	-37.8462804878049
			29.1605792682927	-37.8664329268293
			29.1605792682927	-37.8865853658537
			29.1404268292683	-37.906737804878
			29.1404268292683	-37.9268902439024
			29.1404268292683	-37.9470426829268
			29.1202743902439	-37.9671951219512
			29.1202743902439	-37.9873475609756
			29.1202743902439	-38.0075
			29.1001219512195	-38.0276524390244
			29.1001219512195	-38.0478048780488
			29.0799695121951	-38.0679573170732
			29.0598170731707	-38.0679573170732
			29.0598170731707	-38.0881097560976
			29.0396646341463	-38.108262195122
			29.019512195122	-38.1284146341463
			29.019512195122	-38.1485670731707
			28.9993597560976	-38.1687195121951
			28.9792073170732	-38.1888719512195
			28.9590548780488	-38.1888719512195
			28.9590548780488	-38.2090243902439
			28.9389024390244	-38.2090243902439
			28.91875	-38.2291768292683
			28.8985975609756	-38.2291768292683
			28.8784451219512	-38.2493292682927
			28.8582926829268	-38.2694817073171
			28.8381402439024	-38.2694817073171
			28.8179878048781	-38.2896341463415
			28.8179878048781	-38.3097865853659
			28.8179878048781	-38.3299390243902
			28.8381402439024	-38.3500914634146
			28.8582926829268	-38.370243902439
			28.8784451219512	-38.370243902439
			28.8985975609756	-38.3903963414634
			28.91875	-38.3903963414634
			28.9389024390244	-38.4105487804878
			28.9590548780488	-38.4105487804878
			28.9792073170732	-38.4105487804878
			28.9993597560976	-38.4307012195122
			29.019512195122	-38.4307012195122
			29.0396646341463	-38.4307012195122
			29.0598170731707	-38.4307012195122
			29.0799695121951	-38.4508536585366
			29.1001219512195	-38.4508536585366
			29.1202743902439	-38.4508536585366
			29.1404268292683	-38.4508536585366
			29.1605792682927	-38.4508536585366
			29.1807317073171	-38.471006097561
			29.2008841463415	-38.471006097561
			29.2210365853659	-38.471006097561
			29.2411890243902	-38.4911585365854
			29.2613414634146	-38.4911585365854
			29.281493902439	-38.5113109756098
			29.3016463414634	-38.5314634146341
			29.3217987804878	-38.5314634146341
			29.3419512195122	-38.5516158536585
			29.3621036585366	-38.5717682926829
			29.382256097561	-38.5919207317073
			29.4024085365854	-38.6120731707317
			29.4225609756098	-38.6120731707317
			29.4427134146341	-38.6322256097561
			29.4628658536585	-38.6523780487805
			29.4628658536585	-38.6725304878049
			29.4830182926829	-38.6926829268293
			29.5031707317073	-38.7128353658537
			29.5233231707317	-38.7329878048781
			29.5434756097561	-38.7329878048781
			29.5434756097561	-38.7531402439024
			29.5636280487805	-38.7732926829268
			29.5837804878049	-38.7934451219512
			29.6039329268293	-38.8135975609756
			29.6039329268293	-38.83375
			29.6240853658537	-38.8539024390244
			29.6240853658537	-38.8740548780488
			29.644237804878	-38.8942073170732
			29.6643902439024	-38.9143597560976
			29.6643902439024	-38.934512195122
			29.6845426829268	-38.9546646341463
			29.6845426829268	-38.9748170731707
			29.7046951219512	-38.9949695121951
			29.7248475609756	-39.0151219512195
			29.7248475609756	-39.0352743902439
			29.745	-39.0554268292683
			29.745	-39.0755792682927
			29.7651524390244	-39.0957317073171
			29.7651524390244	-39.1158841463415
			29.7853048780488	-39.1360365853659
			29.7853048780488	-39.1561890243902
			29.7853048780488	-39.1763414634146
			29.8054573170732	-39.196493902439
			29.8054573170732	-39.2166463414634
			29.8054573170732	-39.2367987804878
			29.8256097560976	-39.2367987804878
			29.8256097560976	-39.2569512195122
		</suture>
		<anterior type=matrix rownames=FALSE colnames=FALSE nrow=424 ncol=2 as.numeric=TRUE >
			24.8278048780488	-34.1180792682927
			24.8479573170732	-34.1180792682927
			24.8681097560976	-34.1180792682927
			24.888262195122	-34.1180792682927
			24.9084146341463	-34.1180792682927
			24.9285670731707	-34.1180792682927
			24.9487195121951	-34.1180792682927
			24.9688719512195	-34.1180792682927
			24.9890243902439	-34.1180792682927
			25.0091768292683	-34.1180792682927
			25.0293292682927	-34.1180792682927
			25.0494817073171	-34.1180792682927
			25.0696341463415	-34.1180792682927
			25.0897865853659	-34.1382317073171
			25.1099390243902	-34.1382317073171
			25.1300914634146	-34.1382317073171
			25.150243902439	-34.1382317073171
			25.1703963414634	-34.1382317073171
			25.1905487804878	-34.1382317073171
			25.2107012195122	-34.1382317073171
			25.2308536585366	-34.1382317073171
			25.251006097561	-34.1382317073171
			25.2711585365854	-34.1382317073171
			25.2913109756098	-34.1382317073171
			25.3114634146341	-34.1583841463415
			25.3316158536585	-34.1583841463415
			25.3517682926829	-34.1583841463415
			25.3719207317073	-34.1583841463415
			25.3920731707317	-34.1583841463415
			25.4122256097561	-34.1583841463415
			25.4323780487805	-34.1583841463415
			25.4525304878049	-34.1785365853659
			25.4726829268293	-34.1785365853659
			25.4928353658537	-34.1785365853659
			25.5129878048781	-34.1785365853659
			25.5331402439024	-34.1785365853659
			25.5532926829268	-34.1785365853659
			25.5734451219512	-34.1986890243902
			25.5935975609756	-34.1986890243902
			25.61375	-34.1986890243902
			25.6339024390244	-34.1986890243902
			25.6540548780488	-34.1986890243902
			25.6742073170732	-34.2188414634146
			25.6943597560976	-34.2188414634146
			25.714512195122	-34.2188414634146
			25.7346646341463	-34.2188414634146
			25.7548170731707	-34.238993902439
			25.7749695121951	-34.238993902439
			25.7951219512195	-34.238993902439
			25.8152743902439	-34.238993902439
			25.8354268292683	-34.2591463414634
			25.8555792682927	-34.2591463414634
			25.8757317073171	-34.2591463414634
			25.8958841463415	-34.2591463414634
			25.9160365853659	-34.2792987804878
			25.9361890243902	-34.2792987804878
			25.9563414634146	-34.2792987804878
			25.976493902439	-34.2994512195122
			25.9966463414634	-34.2994512195122
			26.0167987804878	-34.2994512195122
			26.0369512195122	-34.2994512195122
			26.0369512195122	-34.3196036585366
			26.0571036585366	-34.3196036585366
			26.077256097561	-34.3196036585366
			26.0974085365854	-34.339756097561
			26.1175609756098	-34.339756097561
			26.1377134146341	-34.339756097561
			26.1578658536585	-34.339756097561
			26.1780182926829	-34.3599085365854
			26.1981707317073	-34.3599085365854
			26.2183231707317	-34.3800609756098
			26.2384756097561	-34.3800609756098
			26.2586280487805	-34.4002134146341
			26.2787804878049	-34.4002134146341
			26.2989329268293	-34.4002134146341
			26.3190853658537	-34.4203658536585
			26.339237804878	-34.4203658536585
			26.3593902439024	-34.4203658536585
			26.3795426829268	-34.4405182926829
			26.3996951219512	-34.4405182926829
			26.4198475609756	-34.4606707317073
			26.44	-34.4606707317073
			26.4601524390244	-34.4808231707317
			26.4803048780488	-34.4808231707317
			26.5004573170732	-34.4808231707317
			26.5206097560976	-34.5009756097561
			26.540762195122	-34.5211280487805
			26.5609146341463	-34.5211280487805
			26.5810670731707	-34.5412804878049
			26.6012195121951	-34.5412804878049
			26.6213719512195	-34.5614329268293
			26.6415243902439	-34.5614329268293
			26.6616768292683	-34.5815853658537
			26.6818292682927	-34.5815853658537
			26.7019817073171	-34.601737804878
			26.7221341463415	-34.601737804878
			26.7422865853659	-34.601737804878
			26.7422865853659	-34.6218902439024
			26.7624390243902	-34.6218902439024
			26.7825914634146	-34.6420426829268
			26.802743902439	-34.6621951219512
			26.8228963414634	-34.6621951219512
			26.8430487804878	-34.6823475609756
			26.8632012195122	-34.6823475609756
			26.8833536585366	-34.7025
			26.903506097561	-34.7025
			26.9236585365854	-34.7226524390244
			26.9438109756098	-34.7428048780488
			26.9639634146341	-34.7629573170732
			26.9841158536585	-34.7629573170732
			27.0042682926829	-34.7831097560976
			27.0244207317073	-34.7831097560976
			27.0445731707317	-34.803262195122
			27.0647256097561	-34.8234146341463
			27.0848780487805	-34.8234146341463
			27.1050304878049	-34.8435670731707
			27.1251829268293	-34.8637195121951
			27.1453353658537	-34.8637195121951
			27.1654878048781	-34.8838719512195
			27.1856402439024	-34.9040243902439
			27.2057926829268	-34.9241768292683
			27.2259451219512	-34.9241768292683
			27.2460975609756	-34.9443292682927
			27.26625	-34.9644817073171
			27.2864024390244	-34.9644817073171
			27.2864024390244	-34.9846341463415
			27.3065548780488	-35.0047865853659
			27.3267073170732	-35.0047865853659
			27.3468597560976	-35.0249390243902
			27.367012195122	-35.0450914634146
			27.3871646341463	-35.065243902439
			27.4073170731707	-35.065243902439
			27.4274695121951	-35.0853963414634
			27.4274695121951	-35.1055487804878
			27.4476219512195	-35.1055487804878
			27.4677743902439	-35.1257012195122
			27.4879268292683	-35.1458536585366
			27.5080792682927	-35.166006097561
			27.5282317073171	-35.166006097561
			27.5483841463415	-35.1861585365854
			27.5483841463415	-35.2063109756098
			27.5685365853659	-35.2264634146341
			27.5886890243902	-35.2466158536585
			27.6088414634146	-35.2466158536585
			27.628993902439	-35.2667682926829
			27.6491463414634	-35.2869207317073
			27.6491463414634	-35.3070731707317
			27.6692987804878	-35.3070731707317
			27.6894512195122	-35.3272256097561
			27.7096036585366	-35.3473780487805
			27.729756097561	-35.3675304878049
			27.7499085365854	-35.3876829268293
			27.7499085365854	-35.4078353658537
			27.7700609756098	-35.4078353658537
			27.7902134146341	-35.4279878048781
			27.8103658536585	-35.4481402439024
			27.8305182926829	-35.4682926829268
			27.8305182926829	-35.4884451219512
			27.8506707317073	-35.5085975609756
			27.8708231707317	-35.52875
			27.8909756097561	-35.52875
			27.9111280487805	-35.5489024390244
			27.9312804878049	-35.5690548780488
			27.9312804878049	-35.5892073170732
			27.9514329268293	-35.6093597560976
			27.9715853658537	-35.629512195122
			27.991737804878	-35.6496646341463
			28.0118902439024	-35.6698170731707
			28.0118902439024	-35.6899695121951
			28.0320426829268	-35.7101219512195
			28.0521951219512	-35.7101219512195
			28.0723475609756	-35.7302743902439
			28.0723475609756	-35.7504268292683
			28.0925	-35.7705792682927
			28.1126524390244	-35.7907317073171
			28.1328048780488	-35.8108841463415
			28.1529573170732	-35.8310365853659
			28.1731097560976	-35.8511890243902
			28.193262195122	-35.8713414634146
			28.2134146341463	-35.891493902439
			28.2134146341463	-35.9116463414634
			28.2335670731707	-35.9317987804878
			28.2537195121951	-35.9519512195122
			28.2738719512195	-35.9721036585366
			28.2940243902439	-35.992256097561
			28.3141768292683	-36.0124085365854
			28.3343292682927	-36.0325609756098
			28.3544817073171	-36.0527134146341
			28.3746341463415	-36.0728658536585
			28.3746341463415	-36.0930182926829
			28.3947865853659	-36.1131707317073
			28.4149390243902	-36.1333231707317
			28.4350914634146	-36.1534756097561
			28.455243902439	-36.1736280487805
			28.455243902439	-36.1937804878049
			28.4753963414634	-36.2139329268293
			28.4955487804878	-36.2340853658537
			28.5157012195122	-36.2542378048781
			28.5358536585366	-36.2743902439024
			28.556006097561	-36.2945426829268
			28.556006097561	-36.3146951219512
			28.5761585365854	-36.3348475609756
			28.5963109756098	-36.355
			28.6164634146341	-36.3751524390244
			28.6164634146341	-36.3953048780488
			28.6366158536585	-36.4154573170732
			28.6366158536585	-36.4356097560976
			28.6567682926829	-36.4557621951219
			28.6769207317073	-36.4759146341463
			28.6970731707317	-36.4960670731707
			28.6970731707317	-36.5162195121951
			28.7172256097561	-36.5162195121951
			28.7172256097561	-36.5363719512195
			28.7373780487805	-36.5565243902439
			28.7373780487805	-36.5766768292683
			28.7575304878049	-36.5968292682927
			28.7776829268293	-36.6169817073171
			28.7776829268293	-36.6371341463415
			28.7978353658537	-36.6572865853659
			28.8179878048781	-36.6774390243902
			28.8179878048781	-36.6975914634146
			28.8381402439024	-36.717743902439
			28.8582926829268	-36.7378963414634
			28.8582926829268	-36.7580487804878
			28.8784451219512	-36.7782012195122
			28.8985975609756	-36.7983536585366
			28.8985975609756	-36.818506097561
			28.91875	-36.8386585365854
			28.91875	-36.8588109756098
			28.9389024390244	-36.8789634146341
			28.9590548780488	-36.8991158536585
			28.9590548780488	-36.9192682926829
			28.9792073170732	-36.9394207317073
			28.9993597560976	-36.9595731707317
			28.9993597560976	-36.9797256097561
			29.019512195122	-36.9998780487805
			29.019512195122	-37.0200304878049
			29.0396646341463	-37.0401829268293
			29.0396646341463	-37.0603353658537
			29.0598170731707	-37.080487804878
			29.0799695121951	-37.1006402439024
			29.0799695121951	-37.1207926829268
			29.0799695121951	-37.1409451219512
			29.1001219512195	-37.1610975609756
			29.1202743902439	-37.18125
			29.1202743902439	-37.2014024390244
			29.1404268292683	-37.2215548780488
			29.1404268292683	-37.2417073170732
			29.1605792682927	-37.2618597560976
			29.1605792682927	-37.282012195122
			29.1807317073171	-37.3021646341463
			29.1807317073171	-37.3223170731707
			29.2008841463415	-37.3424695121951
			29.2008841463415	-37.3626219512195
			29.2210365853659	-37.3827743902439
			29.2210365853659	-37.4029268292683
			29.2411890243902	-37.4230792682927
			29.2411890243902	-37.4432317073171
			29.2613414634146	-37.4633841463415
			29.2613414634146	-37.4835365853659
			29.281493902439	-37.5036890243902
			29.281493902439	-37.5238414634146
			29.3016463414634	-37.543993902439
			29.3016463414634	-37.5641463414634
			29.3217987804878	-37.5842987804878
			29.3217987804878	-37.6044512195122
			29.3419512195122	-37.6246036585366
			29.3419512195122	-37.644756097561
			29.3621036585366	-37.6649085365854
			29.3621036585366	-37.6850609756098
			29.382256097561	-37.7052134146341
			29.382256097561	-37.7253658536585
			29.382256097561	-37.7455182926829
			29.4024085365854	-37.7656707317073
			29.4024085365854	-37.7858231707317
			29.4225609756098	-37.8059756097561
			29.4225609756098	-37.8261280487805
			29.4427134146341	-37.8462804878049
			29.4427134146341	-37.8664329268293
			29.4628658536585	-37.8865853658537
			29.4628658536585	-37.906737804878
			29.4830182926829	-37.9268902439024
			29.4830182926829	-37.9470426829268
			29.5031707317073	-37.9671951219512
			29.5031707317073	-37.9873475609756
			29.5031707317073	-38.0075
			29.5233231707317	-38.0276524390244
			29.5233231707317	-38.0478048780488
			29.5434756097561	-38.0679573170732
			29.5434756097561	-38.0881097560976
			29.5434756097561	-38.108262195122
			29.5636280487805	-38.1284146341463
			29.5636280487805	-38.1485670731707
			29.5636280487805	-38.1687195121951
			29.5837804878049	-38.1888719512195
			29.5837804878049	-38.2090243902439
			29.5837804878049	-38.2291768292683
			29.6039329268293	-38.2493292682927
			29.6039329268293	-38.2694817073171
			29.6039329268293	-38.2896341463415
			29.6240853658537	-38.3097865853659
			29.6240853658537	-38.3299390243902
			29.6240853658537	-38.3500914634146
			29.644237804878	-38.370243902439
			29.644237804878	-38.3903963414634
			29.644237804878	-38.4105487804878
			29.6643902439024	-38.4307012195122
			29.6643902439024	-38.4508536585366
			29.6643902439024	-38.471006097561
			29.6643902439024	-38.4911585365854
			29.6845426829268	-38.5113109756098
			29.6845426829268	-38.5314634146341
			29.6845426829268	-38.5516158536585
			29.6845426829268	-38.5717682926829
			29.7046951219512	-38.5919207317073
			29.7046951219512	-38.6120731707317
			29.7046951219512	-38.6322256097561
			29.7248475609756	-38.6523780487805
			29.7248475609756	-38.6725304878049
			29.7248475609756	-38.6926829268293
			29.7248475609756	-38.7128353658537
			29.745	-38.7128353658537
			29.745	-38.7329878048781
			29.745	-38.7531402439024
			29.745	-38.7732926829268
			29.745	-38.7934451219512
			29.7651524390244	-38.8135975609756
			29.7651524390244	-38.83375
			29.7651524390244	-38.8539024390244
			29.7651524390244	-38.8740548780488
			29.7651524390244	-38.8942073170732
			29.7853048780488	-38.9143597560976
			29.7853048780488	-38.934512195122
			29.7853048780488	-38.9546646341463
			29.7853048780488	-38.9748170731707
			29.8054573170732	-38.9949695121951
			29.8054573170732	-39.0151219512195
			29.8054573170732	-39.0352743902439
			29.8054573170732	-39.0554268292683
			29.8054573170732	-39.0755792682927
			29.8256097560976	-39.0957317073171
			29.8256097560976	-39.1158841463415
			29.8256097560976	-39.1360365853659
			29.8256097560976	-39.1561890243902
			29.8256097560976	-39.1763414634146
			29.8256097560976	-39.196493902439
			29.845762195122	-39.2166463414634
			29.845762195122	-39.2367987804878
			29.845762195122	-39.2569512195122
			29.845762195122	-39.2771036585366
			29.845762195122	-39.297256097561
			29.845762195122	-39.3174085365854
			29.845762195122	-39.3375609756098
			29.8659146341463	-39.3577134146341
			29.8659146341463	-39.3778658536585
			29.8659146341463	-39.3980182926829
			29.8659146341463	-39.4181707317073
			29.8659146341463	-39.4383231707317
			29.8659146341463	-39.4584756097561
			29.8659146341463	-39.4786280487805
			29.8659146341463	-39.4987804878049
			29.8659146341463	-39.5189329268293
			29.8860670731707	-39.5390853658537
			29.8860670731707	-39.5592378048781
			29.8860670731707	-39.5793902439024
			29.8860670731707	-39.5995426829268
			29.8860670731707	-39.6196951219512
			29.8860670731707	-39.6398475609756
			29.8860670731707	-39.66
			29.8860670731707	-39.6801524390244
			29.8860670731707	-39.7003048780488
			29.8860670731707	-39.7204573170732
			29.8860670731707	-39.7406097560976
			29.8860670731707	-39.760762195122
			29.8860670731707	-39.7809146341463
			29.8860670731707	-39.8010670731707
			29.8860670731707	-39.8212195121951
			29.8860670731707	-39.8413719512195
			29.8860670731707	-39.8615243902439
			29.8860670731707	-39.8816768292683
			29.8860670731707	-39.9018292682927
			29.8860670731707	-39.9219817073171
			29.8860670731707	-39.9421341463415
			29.8860670731707	-39.9622865853659
			29.8860670731707	-39.9824390243902
			29.8860670731707	-40.0025914634146
			29.8860670731707	-40.022743902439
			29.8860670731707	-40.0428963414634
			29.8860670731707	-40.0630487804878
			29.8860670731707	-40.0832012195122
			29.8860670731707	-40.1033536585366
			29.8860670731707	-40.123506097561
			29.8860670731707	-40.1436585365854
			29.8860670731707	-40.1638109756098
			29.8860670731707	-40.1839634146341
			29.8860670731707	-40.2041158536585
			29.8860670731707	-40.2242682926829
			29.8860670731707	-40.2444207317073
			29.8659146341463	-40.2645731707317
			29.8659146341463	-40.2847256097561
			29.8659146341463	-40.3048780487805
			29.8659146341463	-40.3250304878049
			29.8659146341463	-40.3451829268293
			29.8659146341463	-40.3653353658537
			29.8659146341463	-40.385487804878
			29.8659146341463	-40.4056402439024
			29.845762195122	-40.4257926829268
			29.845762195122	-40.4459451219512
			29.845762195122	-40.4660975609756
			29.845762195122	-40.48625
			29.845762195122	-40.5064024390244
			29.845762195122	-40.5265548780488
			29.8256097560976	-40.5467073170732
			29.8256097560976	-40.5668597560976
			29.8256097560976	-40.587012195122
			29.8256097560976	-40.6071646341463
			29.8256097560976	-40.6273170731707
			29.8054573170732	-40.6273170731707
			29.8054573170732	-40.6474695121951
			29.8054573170732	-40.6676219512195
			29.8054573170732	-40.6877743902439
			29.8054573170732	-40.7079268292683
			29.7853048780488	-40.7280792682927
			29.7853048780488	-40.7482317073171
		</anterior>
		<posterior type=matrix rownames=FALSE colnames=FALSE nrow=265 ncol=2 as.numeric=TRUE >
			24.8278048780488	-40.7482317073171
			24.8479573170732	-40.7482317073171
			24.8681097560976	-40.7482317073171
			24.888262195122	-40.7482317073171
			24.9084146341463	-40.7482317073171
			24.9285670731707	-40.7482317073171
			24.9487195121951	-40.7482317073171
			24.9688719512195	-40.7482317073171
			24.9890243902439	-40.7482317073171
			25.0091768292683	-40.7482317073171
			25.0293292682927	-40.7482317073171
			25.0494817073171	-40.7482317073171
			25.0696341463415	-40.7482317073171
			25.0897865853659	-40.7280792682927
			25.1099390243902	-40.7280792682927
			25.1300914634146	-40.7280792682927
			25.150243902439	-40.7280792682927
			25.1703963414634	-40.7280792682927
			25.1905487804878	-40.7280792682927
			25.2107012195122	-40.7280792682927
			25.2308536585366	-40.7280792682927
			25.251006097561	-40.7280792682927
			25.2711585365854	-40.7280792682927
			25.2913109756098	-40.7280792682927
			25.3114634146341	-40.7280792682927
			25.3316158536585	-40.7280792682927
			25.3517682926829	-40.7079268292683
			25.3719207317073	-40.7079268292683
			25.3920731707317	-40.7079268292683
			25.4122256097561	-40.7079268292683
			25.4323780487805	-40.7079268292683
			25.4525304878049	-40.7079268292683
			25.4726829268293	-40.7079268292683
			25.4928353658537	-40.7079268292683
			25.5129878048781	-40.7079268292683
			25.5129878048781	-40.6877743902439
			25.5331402439024	-40.6877743902439
			25.5532926829268	-40.6877743902439
			25.5734451219512	-40.6877743902439
			25.5935975609756	-40.6877743902439
			25.61375	-40.6877743902439
			25.6339024390244	-40.6877743902439
			25.6339024390244	-40.6676219512195
			25.6540548780488	-40.6676219512195
			25.6742073170732	-40.6676219512195
			25.6943597560976	-40.6676219512195
			25.714512195122	-40.6676219512195
			25.7346646341463	-40.6676219512195
			25.7548170731707	-40.6474695121951
			25.7749695121951	-40.6474695121951
			25.7951219512195	-40.6474695121951
			25.8152743902439	-40.6474695121951
			25.8354268292683	-40.6474695121951
			25.8555792682927	-40.6273170731707
			25.8757317073171	-40.6273170731707
			25.8958841463415	-40.6273170731707
			25.9160365853659	-40.6273170731707
			25.9160365853659	-40.6071646341463
			25.9361890243902	-40.6071646341463
			25.9563414634146	-40.6071646341463
			25.976493902439	-40.6071646341463
			25.9966463414634	-40.6071646341463
			26.0167987804878	-40.587012195122
			26.0369512195122	-40.587012195122
			26.0571036585366	-40.587012195122
			26.077256097561	-40.5668597560976
			26.0974085365854	-40.5668597560976
			26.1175609756098	-40.5668597560976
			26.1377134146341	-40.5467073170732
			26.1578658536585	-40.5467073170732
			26.1780182926829	-40.5467073170732
			26.1981707317073	-40.5265548780488
			26.2183231707317	-40.5265548780488
			26.2384756097561	-40.5064024390244
			26.2586280487805	-40.5064024390244
			26.2787804878049	-40.48625
			26.2989329268293	-40.48625
			26.3190853658537	-40.48625
			26.339237804878	-40.48625
			26.3593902439024	-40.48625
			26.3795426829268	-40.5064024390244
			26.3996951219512	-40.5064024390244
			26.4198475609756	-40.5064024390244
			26.44	-40.5064024390244
			26.4601524390244	-40.5064024390244
			26.4803048780488	-40.5064024390244
			26.5004573170732	-40.5064024390244
			26.5206097560976	-40.5265548780488
			26.540762195122	-40.5265548780488
			26.5609146341463	-40.5265548780488
			26.5810670731707	-40.5265548780488
			26.6012195121951	-40.5265548780488
			26.6213719512195	-40.5265548780488
			26.6415243902439	-40.5265548780488
			26.6616768292683	-40.5467073170732
			26.6818292682927	-40.5467073170732
			26.7019817073171	-40.5467073170732
			26.7221341463415	-40.5467073170732
			26.7422865853659	-40.5467073170732
			26.7624390243902	-40.5467073170732
			26.7825914634146	-40.5668597560976
			26.802743902439	-40.5668597560976
			26.8228963414634	-40.5668597560976
			26.8430487804878	-40.5668597560976
			26.8632012195122	-40.5668597560976
			26.8833536585366	-40.5668597560976
			26.903506097561	-40.587012195122
			26.9236585365854	-40.587012195122
			26.9438109756098	-40.587012195122
			26.9639634146341	-40.587012195122
			26.9841158536585	-40.587012195122
			27.0042682926829	-40.587012195122
			27.0244207317073	-40.6071646341463
			27.0445731707317	-40.6071646341463
			27.0647256097561	-40.6071646341463
			27.0848780487805	-40.6071646341463
			27.1050304878049	-40.6071646341463
			27.1251829268293	-40.6071646341463
			27.1453353658537	-40.6273170731707
			27.1654878048781	-40.6273170731707
			27.1856402439024	-40.6273170731707
			27.2057926829268	-40.6273170731707
			27.2259451219512	-40.6273170731707
			27.2460975609756	-40.6474695121951
			27.26625	-40.6474695121951
			27.2864024390244	-40.6474695121951
			27.3065548780488	-40.6474695121951
			27.3267073170732	-40.6474695121951
			27.3468597560976	-40.6676219512195
			27.367012195122	-40.6676219512195
			27.3871646341463	-40.6676219512195
			27.4073170731707	-40.6676219512195
			27.4274695121951	-40.6676219512195
			27.4476219512195	-40.6877743902439
			27.4677743902439	-40.6877743902439
			27.4879268292683	-40.6877743902439
			27.5080792682927	-40.6877743902439
			27.5282317073171	-40.7079268292683
			27.5483841463415	-40.7079268292683
			27.5685365853659	-40.7079268292683
			27.5886890243902	-40.7280792682927
			27.6088414634146	-40.7280792682927
			27.628993902439	-40.7280792682927
			27.6491463414634	-40.7482317073171
			27.6692987804878	-40.7482317073171
			27.6894512195122	-40.7482317073171
			27.7096036585366	-40.7683841463415
			27.729756097561	-40.7683841463415
			27.7499085365854	-40.7683841463415
			27.7700609756098	-40.7885365853659
			27.7902134146341	-40.7885365853659
			27.8103658536585	-40.8086890243902
			27.8305182926829	-40.8086890243902
			27.8506707317073	-40.8086890243902
			27.8708231707317	-40.8288414634146
			27.8909756097561	-40.8288414634146
			27.9111280487805	-40.8288414634146
			27.9312804878049	-40.848993902439
			27.9514329268293	-40.848993902439
			27.9715853658537	-40.8691463414634
			27.991737804878	-40.8691463414634
			28.0118902439024	-40.8691463414634
			28.0320426829268	-40.8892987804878
			28.0521951219512	-40.8892987804878
			28.0723475609756	-40.8892987804878
			28.0925	-40.9094512195122
			28.1126524390244	-40.9094512195122
			28.1328048780488	-40.9296036585366
			28.1529573170732	-40.9296036585366
			28.1731097560976	-40.9296036585366
			28.193262195122	-40.949756097561
			28.2134146341463	-40.949756097561
			28.2134146341463	-40.9699085365854
			28.2335670731707	-40.9699085365854
			28.2537195121951	-40.9900609756098
			28.2738719512195	-40.9900609756098
			28.2940243902439	-40.9900609756098
			28.3141768292683	-41.0102134146341
			28.3343292682927	-41.0102134146341
			28.3544817073171	-41.0303658536585
			28.3746341463415	-41.0303658536585
			28.3947865853659	-41.0505182926829
			28.4149390243902	-41.0505182926829
			28.4350914634146	-41.0706707317073
			28.455243902439	-41.0706707317073
			28.4753963414634	-41.0908231707317
			28.4955487804878	-41.0908231707317
			28.5157012195122	-41.1109756097561
			28.5358536585366	-41.1109756097561
			28.556006097561	-41.1311280487805
			28.5761585365854	-41.1512804878049
			28.5963109756098	-41.1512804878049
			28.5963109756098	-41.1714329268293
			28.6164634146341	-41.1714329268293
			28.6366158536585	-41.1915853658537
			28.6567682926829	-41.1915853658537
			28.6769207317073	-41.211737804878
			28.6970731707317	-41.211737804878
			28.7172256097561	-41.2318902439024
			28.7373780487805	-41.2318902439024
			28.7575304878049	-41.2520426829268
			28.7776829268293	-41.2520426829268
			28.7978353658537	-41.2721951219512
			28.8179878048781	-41.2721951219512
			28.8381402439024	-41.2923475609756
			28.8582926829268	-41.2923475609756
			28.8784451219512	-41.3125
			28.8985975609756	-41.3125
			28.91875	-41.3326524390244
			28.9389024390244	-41.3326524390244
			28.9590548780488	-41.3528048780488
			28.9792073170732	-41.3528048780488
			28.9993597560976	-41.3729573170732
			29.019512195122	-41.3729573170732
			29.019512195122	-41.3931097560976
			29.0396646341463	-41.3931097560976
			29.0598170731707	-41.3931097560976
			29.0799695121951	-41.413262195122
			29.1001219512195	-41.413262195122
			29.1202743902439	-41.4334146341463
			29.1404268292683	-41.4334146341463
			29.1605792682927	-41.4535670731707
			29.1807317073171	-41.4535670731707
			29.2008841463415	-41.4535670731707
			29.2210365853659	-41.4737195121951
			29.2411890243902	-41.4535670731707
			29.2613414634146	-41.4535670731707
			29.281493902439	-41.4334146341463
			29.3016463414634	-41.413262195122
			29.3217987804878	-41.413262195122
			29.3419512195122	-41.3931097560976
			29.3621036585366	-41.3931097560976
			29.3621036585366	-41.3729573170732
			29.382256097561	-41.3528048780488
			29.4024085365854	-41.3326524390244
			29.4225609756098	-41.3326524390244
			29.4225609756098	-41.3125
			29.4427134146341	-41.2923475609756
			29.4628658536585	-41.2721951219512
			29.4830182926829	-41.2520426829268
			29.4830182926829	-41.2318902439024
			29.5031707317073	-41.211737804878
			29.5233231707317	-41.1915853658537
			29.5434756097561	-41.1714329268293
			29.5434756097561	-41.1512804878049
			29.5636280487805	-41.1311280487805
			29.5837804878049	-41.1109756097561
			29.6039329268293	-41.0908231707317
			29.6039329268293	-41.0706707317073
			29.6240853658537	-41.0505182926829
			29.644237804878	-41.0303658536585
			29.644237804878	-41.0102134146341
			29.6643902439024	-40.9900609756098
			29.6643902439024	-40.9699085365854
			29.6845426829268	-40.949756097561
			29.6845426829268	-40.9296036585366
			29.7046951219512	-40.9094512195122
			29.7248475609756	-40.8892987804878
			29.7248475609756	-40.8691463414634
			29.745	-40.848993902439
			29.745	-40.8288414634146
			29.7651524390244	-40.8086890243902
			29.7651524390244	-40.7885365853659
			29.7853048780488	-40.7683841463415
			29.7853048780488	-40.7482317073171
		</posterior>
	</curves.scaled>
	<ruler.points type=matrix rownames=TRUE colnames=FALSE nrow=2 ncol=2 as.numeric=TRUE >
		Ruler point 1	1134	1694
		Ruler point 2	1134	2022
	</ruler.points>
</shapes>

