<shapes type=list>
	<ruler.pixel type=vector names=FALSE length=1 as.numeric=TRUE >97.0206163658013</ruler.pixel>
	<ruler.interval type=vector names=FALSE length=1 as.numeric=TRUE >1.2</ruler.interval>
	<scaling.units type=vector names=FALSE length=1 as.numeric=FALSE >mm</scaling.units>
	<scaling type=vector names=FALSE length=1 as.numeric=TRUE >0.0123685052203295</scaling>
	<landmarks.pixel type=matrix rownames=TRUE colnames=FALSE nrow=16 ncol=2 as.numeric=TRUE >
		LM1	262	67
		LM2	261	78
		LM3	261	188
		LM4	261	211
		LM5	321	151
		LM6	322	191
		LM7	319	210
		LM8	322	120
		LM9	340	168
		LM10	262	67
		LM11	378	206
		LM12	363	223
		LM13	262	67
		LM14	348	143
		LM15	416	211
		LM16	415	239
	</landmarks.pixel>
	<landmarks.scaled type=matrix rownames=TRUE colnames=FALSE nrow=16 ncol=2 as.numeric=TRUE >
		LM1	3.24054836772633	-0.828689849762077
		LM2	3.228179862506	-0.964743407185701
		LM3	3.228179862506	-2.32527898142195
		LM4	3.228179862506	-2.60975460148952
		LM5	3.97029017572577	-1.86764428826976
		LM6	3.9826586809461	-2.36238449708294
		LM7	3.94555316528511	-2.5973860962692
		LM8	3.9826586809461	-1.48422062643954
		LM9	4.20529177491203	-2.07790887701536
		LM10	3.24054836772633	-0.828689849762077
		LM11	4.67529497328455	-2.54791207538788
		LM12	4.48976739497961	-2.75817666413348
		LM13	3.24054836772633	-0.828689849762077
		LM14	4.30423981667467	-1.76869624650712
		LM15	5.14529817165707	-2.60975460148952
		LM16	5.13292966643674	-2.95607274765875
	</landmarks.scaled>
	<curves.control type=list>
		<glabella type=matrix rownames=FALSE colnames=FALSE nrow=11 ncol=2 as.numeric=TRUE >
			261	78
			279	77
			291	93
			307	115
			308	129
			317	139
			321	158
			323	175
			323	194
			322	205
			319	210
		</glabella>
		<suture type=matrix rownames=FALSE colnames=FALSE nrow=15 ncol=2 as.numeric=TRUE >
			262	67
			301	70
			321	84
			319	97
			312	112
			309	119
			317	118
			348	131
			340	168
			334	172
			335	178
			335	189
			341	203
			348	214
			363	223
		</suture>
		<anterior type=matrix rownames=FALSE colnames=FALSE nrow=5 ncol=2 as.numeric=TRUE >
			262	67
			332	69
			385	140
			406	170
			416	211
		</anterior>
		<posterior type=matrix rownames=FALSE colnames=FALSE nrow=13 ncol=2 as.numeric=TRUE >
			261	211
			287	214
			314	213
			331	215
			351	220
			366	223
			381	225
			405	229
			421	270
			418	233
			418	229
			417	221
			416	211
		</posterior>
	</curves.control>
	<curves.pixel type=list>
		<glabella type=matrix rownames=FALSE colnames=FALSE nrow=154 ncol=2 as.numeric=TRUE >
			261	78
			262	78
			263	78
			264	78
			265	78
			266	78
			267	78
			268	78
			269	78
			270	79
			271	79
			272	79
			273	79
			274	80
			275	80
			276	81
			277	81
			278	82
			279	82
			280	82
			280	83
			281	83
			282	84
			283	84
			283	85
			284	86
			285	86
			286	87
			286	88
			287	88
			288	89
			288	90
			289	91
			290	91
			290	92
			291	93
			292	94
			293	95
			293	96
			294	97
			294	98
			295	98
			295	99
			296	100
			296	101
			297	102
			298	103
			298	104
			299	105
			300	106
			300	107
			301	108
			301	109
			302	110
			302	111
			303	112
			303	113
			304	114
			304	115
			305	116
			305	117
			305	118
			306	119
			306	120
			306	121
			307	122
			307	123
			307	124
			307	125
			308	126
			308	127
			308	128
			308	129
			309	130
			310	131
			311	132
			311	133
			312	134
			312	135
			313	136
			314	137
			314	138
			315	139
			315	140
			316	141
			316	142
			316	143
			317	144
			317	145
			318	146
			318	147
			318	148
			319	149
			319	150
			319	151
			320	152
			320	153
			320	154
			320	155
			321	156
			321	157
			321	158
			321	159
			321	160
			321	161
			321	162
			322	163
			322	164
			322	165
			322	166
			322	167
			322	168
			322	169
			322	170
			322	171
			322	172
			322	173
			322	174
			322	175
			323	176
			323	177
			323	178
			323	179
			323	180
			323	181
			323	182
			323	183
			323	184
			323	185
			323	186
			323	187
			323	188
			323	189
			323	190
			323	191
			323	192
			323	193
			323	194
			323	195
			323	196
			323	197
			322	198
			322	199
			322	200
			322	201
			322	202
			322	203
			321	204
			321	205
			321	206
			320	207
			320	208
			320	209
			319	210
		</glabella>
		<suture type=matrix rownames=FALSE colnames=FALSE nrow=223 ncol=2 as.numeric=TRUE >
			262	67
			263	67
			264	67
			265	67
			266	67
			267	67
			268	67
			268	68
			269	68
			270	68
			271	68
			272	68
			273	68
			274	68
			275	68
			276	69
			277	69
			278	69
			279	69
			280	69
			281	69
			282	70
			283	70
			284	70
			285	70
			286	70
			287	70
			287	71
			288	71
			289	71
			290	71
			291	71
			292	72
			293	72
			294	72
			295	72
			296	73
			297	73
			298	73
			299	74
			300	74
			301	74
			302	75
			303	75
			304	75
			305	76
			306	76
			307	76
			307	77
			308	77
			309	77
			310	78
			311	78
			312	79
			313	79
			314	80
			315	80
			316	81
			317	81
			318	82
			319	83
			320	83
			321	84
			321	85
			321	86
			320	87
			320	88
			320	89
			320	90
			320	91
			319	91
			319	92
			319	93
			319	94
			319	95
			318	95
			318	96
			318	97
			318	98
			317	98
			317	99
			317	100
			317	101
			316	102
			316	103
			315	104
			315	105
			315	106
			314	107
			314	108
			313	109
			313	110
			312	111
			312	112
			312	113
			311	113
			311	114
			311	115
			311	116
			312	117
			313	118
			314	118
			315	118
			316	118
			317	118
			318	119
			319	119
			320	119
			321	120
			322	120
			323	121
			324	122
			325	122
			326	123
			327	123
			327	124
			328	124
			329	125
			330	126
			331	127
			332	128
			333	129
			334	130
			334	131
			335	131
			336	132
			336	133
			337	134
			337	135
			338	136
			338	137
			339	138
			339	139
			339	140
			340	141
			340	142
			340	143
			341	144
			341	145
			341	146
			341	147
			341	148
			341	149
			341	150
			342	151
			342	152
			342	153
			342	154
			342	155
			342	156
			342	157
			342	158
			341	159
			341	160
			341	161
			341	162
			341	163
			341	164
			341	165
			340	166
			340	167
			340	168
			339	169
			338	169
			338	170
			337	171
			336	171
			336	172
			336	173
			335	174
			335	175
			335	176
			335	177
			335	178
			335	179
			335	180
			335	181
			335	182
			335	183
			335	184
			336	185
			336	186
			336	187
			336	188
			336	189
			336	190
			337	191
			337	192
			337	193
			338	194
			338	195
			338	196
			339	197
			339	198
			339	199
			340	200
			340	201
			341	202
			341	203
			342	204
			342	205
			343	206
			344	207
			345	208
			346	209
			347	210
			348	211
			349	212
			350	213
			351	214
			352	215
			353	216
			354	217
			355	218
			356	219
			357	219
			358	220
			359	220
			359	221
			360	221
			361	222
			362	222
			363	223
		</suture>
		<anterior type=matrix rownames=FALSE colnames=FALSE nrow=211 ncol=2 as.numeric=TRUE >
			262	67
			263	67
			264	67
			265	67
			266	67
			267	67
			268	67
			269	67
			270	67
			271	68
			272	68
			273	68
			274	68
			275	68
			276	68
			277	68
			278	68
			279	69
			280	69
			281	69
			282	69
			283	69
			284	69
			285	70
			286	70
			287	70
			288	70
			289	70
			290	71
			291	71
			292	71
			293	72
			294	72
			295	72
			296	72
			297	73
			298	73
			299	73
			300	73
			300	74
			301	74
			302	74
			303	75
			304	75
			305	75
			306	76
			307	76
			308	76
			309	77
			310	77
			311	78
			312	78
			313	78
			314	79
			315	80
			316	80
			317	81
			318	81
			319	82
			320	82
			321	82
			321	83
			322	83
			323	83
			323	84
			324	84
			325	85
			326	85
			327	86
			328	87
			329	87
			330	87
			330	88
			331	88
			332	89
			333	89
			333	90
			334	90
			335	91
			336	92
			337	92
			338	93
			339	93
			340	94
			340	95
			341	95
			342	96
			343	96
			344	97
			345	98
			346	99
			347	100
			348	101
			349	102
			350	102
			351	103
			352	104
			353	105
			354	106
			355	107
			356	108
			357	109
			358	109
			359	110
			360	111
			361	112
			362	113
			363	114
			364	115
			365	116
			366	117
			367	118
			368	119
			369	120
			370	121
			371	122
			371	123
			372	124
			373	125
			374	126
			374	127
			375	127
			376	128
			376	129
			377	129
			377	130
			378	131
			379	132
			380	133
			380	134
			381	135
			382	135
			382	136
			383	137
			384	138
			384	139
			385	140
			385	141
			386	141
			386	142
			387	143
			387	144
			388	144
			388	145
			389	146
			389	147
			390	147
			390	148
			391	149
			391	150
			392	151
			393	152
			393	153
			394	154
			394	155
			395	156
			395	157
			396	158
			397	159
			397	160
			398	161
			398	162
			399	163
			399	164
			400	165
			400	166
			401	167
			401	168
			401	169
			402	170
			402	171
			403	172
			403	173
			404	174
			404	175
			405	176
			405	177
			406	178
			406	179
			406	180
			407	181
			407	182
			407	183
			408	184
			408	185
			408	186
			409	187
			409	188
			410	189
			410	190
			410	191
			411	192
			411	193
			411	194
			412	195
			412	196
			412	197
			412	198
			413	199
			413	200
			413	201
			414	202
			414	203
			414	204
			414	205
			415	206
			415	207
			415	208
			416	209
			416	210
			416	211
		</anterior>
		<posterior type=matrix rownames=FALSE colnames=FALSE nrow=237 ncol=2 as.numeric=TRUE >
			261	211
			262	211
			263	211
			264	211
			265	211
			266	212
			267	212
			268	212
			269	212
			270	212
			271	212
			272	212
			273	212
			274	212
			275	212
			276	212
			277	212
			278	213
			279	213
			280	213
			281	213
			282	213
			283	213
			284	213
			285	213
			286	213
			287	213
			288	213
			289	213
			290	213
			291	213
			292	213
			293	213
			294	213
			295	213
			296	213
			297	213
			298	213
			299	213
			300	213
			301	213
			302	213
			303	213
			304	213
			305	213
			306	213
			307	213
			308	213
			309	213
			310	213
			311	213
			312	213
			313	213
			314	213
			315	213
			316	213
			317	213
			318	214
			319	214
			320	214
			321	214
			322	214
			323	214
			324	214
			325	215
			326	215
			327	215
			328	215
			329	215
			330	215
			331	216
			332	216
			333	216
			334	216
			335	216
			336	217
			337	217
			338	217
			339	217
			340	217
			341	218
			342	218
			343	218
			344	218
			345	219
			346	219
			347	219
			348	219
			349	220
			350	220
			351	220
			352	220
			353	220
			354	221
			355	221
			356	221
			357	221
			358	221
			359	222
			360	222
			361	222
			362	222
			363	222
			364	222
			365	223
			366	223
			367	223
			368	223
			369	223
			370	223
			371	224
			372	224
			373	224
			374	224
			375	224
			376	224
			377	224
			378	225
			379	225
			380	225
			381	225
			382	225
			383	225
			384	226
			385	226
			386	226
			387	227
			388	227
			389	227
			390	228
			391	229
			392	229
			393	230
			394	231
			395	231
			396	232
			397	232
			397	233
			398	233
			399	234
			400	235
			401	236
			402	237
			403	238
			404	239
			405	240
			405	241
			406	242
			407	243
			408	244
			408	245
			409	246
			410	247
			410	248
			411	249
			411	250
			412	251
			412	252
			413	253
			413	254
			414	254
			414	255
			415	256
			415	257
			416	258
			416	259
			417	260
			417	261
			418	262
			418	263
			419	264
			419	265
			419	266
			420	267
			420	268
			421	269
			421	270
			421	269
			421	268
			421	267
			421	266
			421	265
			421	264
			420	263
			420	262
			420	261
			420	260
			420	259
			420	258
			420	257
			420	256
			420	255
			420	254
			420	253
			420	252
			420	251
			419	251
			419	250
			419	249
			419	248
			419	247
			419	246
			419	245
			419	244
			419	243
			419	242
			419	241
			419	240
			419	239
			419	238
			418	237
			418	236
			418	235
			418	234
			418	233
			418	232
			418	231
			418	230
			418	229
			418	228
			418	227
			418	226
			417	225
			417	224
			417	223
			417	222
			417	221
			417	220
			417	219
			417	218
			417	217
			416	216
			416	215
			416	214
			416	213
			416	212
			416	211
		</posterior>
	</curves.pixel>
	<curves.scaled type=list>
		<glabella type=matrix rownames=FALSE colnames=FALSE nrow=154 ncol=2 as.numeric=TRUE >
			3.228179862506	-0.964743407185701
			3.24054836772633	-0.964743407185701
			3.25291687294666	-0.964743407185701
			3.26528537816699	-0.964743407185701
			3.27765388338732	-0.964743407185701
			3.29002238860765	-0.964743407185701
			3.30239089382798	-0.964743407185701
			3.31475939904831	-0.964743407185701
			3.32712790426864	-0.964743407185701
			3.33949640948897	-0.977111912406031
			3.3518649147093	-0.977111912406031
			3.36423341992962	-0.977111912406031
			3.37660192514995	-0.977111912406031
			3.38897043037028	-0.98948041762636
			3.40133893559061	-0.98948041762636
			3.41370744081094	-1.00184892284669
			3.42607594603127	-1.00184892284669
			3.4384444512516	-1.01421742806702
			3.45081295647193	-1.01421742806702
			3.46318146169226	-1.01421742806702
			3.46318146169226	-1.02658593328735
			3.47554996691259	-1.02658593328735
			3.48791847213292	-1.03895443850768
			3.50028697735325	-1.03895443850768
			3.50028697735325	-1.05132294372801
			3.51265548257358	-1.06369144894834
			3.52502398779391	-1.06369144894834
			3.53739249301424	-1.07605995416867
			3.53739249301424	-1.088428459389
			3.54976099823457	-1.088428459389
			3.5621295034549	-1.10079696460933
			3.5621295034549	-1.11316546982966
			3.57449800867523	-1.12553397504998
			3.58686651389556	-1.12553397504998
			3.58686651389556	-1.13790248027031
			3.59923501911589	-1.15027098549064
			3.61160352433622	-1.16263949071097
			3.62397202955654	-1.1750079959313
			3.62397202955654	-1.18737650115163
			3.63634053477687	-1.19974500637196
			3.63634053477687	-1.21211351159229
			3.6487090399972	-1.21211351159229
			3.6487090399972	-1.22448201681262
			3.66107754521753	-1.23685052203295
			3.66107754521753	-1.24921902725328
			3.67344605043786	-1.26158753247361
			3.68581455565819	-1.27395603769394
			3.68581455565819	-1.28632454291427
			3.69818306087852	-1.2986930481346
			3.71055156609885	-1.31106155335493
			3.71055156609885	-1.32343005857526
			3.72292007131918	-1.33579856379559
			3.72292007131918	-1.34816706901592
			3.73528857653951	-1.36053557423625
			3.73528857653951	-1.37290407945657
			3.74765708175984	-1.3852725846769
			3.74765708175984	-1.39764108989723
			3.76002558698017	-1.41000959511756
			3.76002558698017	-1.42237810033789
			3.7723940922005	-1.43474660555822
			3.7723940922005	-1.44711511077855
			3.7723940922005	-1.45948361599888
			3.78476259742083	-1.47185212121921
			3.78476259742083	-1.48422062643954
			3.78476259742083	-1.49658913165987
			3.79713110264116	-1.5089576368802
			3.79713110264116	-1.52132614210053
			3.79713110264116	-1.53369464732086
			3.79713110264116	-1.54606315254119
			3.80949960786149	-1.55843165776152
			3.80949960786149	-1.57080016298185
			3.80949960786149	-1.58316866820218
			3.80949960786149	-1.59553717342251
			3.82186811308182	-1.60790567864284
			3.83423661830215	-1.62027418386316
			3.84660512352248	-1.63264268908349
			3.84660512352248	-1.64501119430382
			3.85897362874281	-1.65737969952415
			3.85897362874281	-1.66974820474448
			3.87134213396313	-1.68211670996481
			3.88371063918346	-1.69448521518514
			3.88371063918346	-1.70685372040547
			3.89607914440379	-1.7192222256258
			3.89607914440379	-1.73159073084613
			3.90844764962412	-1.74395923606646
			3.90844764962412	-1.75632774128679
			3.90844764962412	-1.76869624650712
			3.92081615484445	-1.78106475172745
			3.92081615484445	-1.79343325694778
			3.93318466006478	-1.80580176216811
			3.93318466006478	-1.81817026738844
			3.93318466006478	-1.83053877260877
			3.94555316528511	-1.8429072778291
			3.94555316528511	-1.85527578304943
			3.94555316528511	-1.86764428826976
			3.95792167050544	-1.88001279349008
			3.95792167050544	-1.89238129871041
			3.95792167050544	-1.90474980393074
			3.95792167050544	-1.91711830915107
			3.97029017572577	-1.9294868143714
			3.97029017572577	-1.94185531959173
			3.97029017572577	-1.95422382481206
			3.97029017572577	-1.96659233003239
			3.97029017572577	-1.97896083525272
			3.97029017572577	-1.99132934047305
			3.97029017572577	-2.00369784569338
			3.9826586809461	-2.01606635091371
			3.9826586809461	-2.02843485613404
			3.9826586809461	-2.04080336135437
			3.9826586809461	-2.0531718665747
			3.9826586809461	-2.06554037179503
			3.9826586809461	-2.07790887701536
			3.9826586809461	-2.09027738223569
			3.9826586809461	-2.10264588745602
			3.9826586809461	-2.11501439267635
			3.9826586809461	-2.12738289789667
			3.9826586809461	-2.139751403117
			3.9826586809461	-2.15211990833733
			3.9826586809461	-2.16448841355766
			3.99502718616643	-2.17685691877799
			3.99502718616643	-2.18922542399832
			3.99502718616643	-2.20159392921865
			3.99502718616643	-2.21396243443898
			3.99502718616643	-2.22633093965931
			3.99502718616643	-2.23869944487964
			3.99502718616643	-2.25106795009997
			3.99502718616643	-2.2634364553203
			3.99502718616643	-2.27580496054063
			3.99502718616643	-2.28817346576096
			3.99502718616643	-2.30054197098129
			3.99502718616643	-2.31291047620162
			3.99502718616643	-2.32527898142195
			3.99502718616643	-2.33764748664228
			3.99502718616643	-2.35001599186261
			3.99502718616643	-2.36238449708294
			3.99502718616643	-2.37475300230326
			3.99502718616643	-2.38712150752359
			3.99502718616643	-2.39949001274392
			3.99502718616643	-2.41185851796425
			3.99502718616643	-2.42422702318458
			3.99502718616643	-2.43659552840491
			3.9826586809461	-2.44896403362524
			3.9826586809461	-2.46133253884557
			3.9826586809461	-2.4737010440659
			3.9826586809461	-2.48606954928623
			3.9826586809461	-2.49843805450656
			3.9826586809461	-2.51080655972689
			3.97029017572577	-2.52317506494722
			3.97029017572577	-2.53554357016755
			3.97029017572577	-2.54791207538788
			3.95792167050544	-2.56028058060821
			3.95792167050544	-2.57264908582854
			3.95792167050544	-2.58501759104887
			3.94555316528511	-2.5973860962692
		</glabella>
		<suture type=matrix rownames=FALSE colnames=FALSE nrow=223 ncol=2 as.numeric=TRUE >
			3.24054836772633	-0.828689849762077
			3.25291687294666	-0.828689849762077
			3.26528537816699	-0.828689849762077
			3.27765388338732	-0.828689849762077
			3.29002238860765	-0.828689849762077
			3.30239089382798	-0.828689849762077
			3.31475939904831	-0.828689849762077
			3.31475939904831	-0.841058354982406
			3.32712790426864	-0.841058354982406
			3.33949640948897	-0.841058354982406
			3.3518649147093	-0.841058354982406
			3.36423341992962	-0.841058354982406
			3.37660192514995	-0.841058354982406
			3.38897043037028	-0.841058354982406
			3.40133893559061	-0.841058354982406
			3.41370744081094	-0.853426860202736
			3.42607594603127	-0.853426860202736
			3.4384444512516	-0.853426860202736
			3.45081295647193	-0.853426860202736
			3.46318146169226	-0.853426860202736
			3.47554996691259	-0.853426860202736
			3.48791847213292	-0.865795365423065
			3.50028697735325	-0.865795365423065
			3.51265548257358	-0.865795365423065
			3.52502398779391	-0.865795365423065
			3.53739249301424	-0.865795365423065
			3.54976099823457	-0.865795365423065
			3.54976099823457	-0.878163870643395
			3.5621295034549	-0.878163870643395
			3.57449800867523	-0.878163870643395
			3.58686651389556	-0.878163870643395
			3.59923501911589	-0.878163870643395
			3.61160352433622	-0.890532375863724
			3.62397202955654	-0.890532375863724
			3.63634053477687	-0.890532375863724
			3.6487090399972	-0.890532375863724
			3.66107754521753	-0.902900881084054
			3.67344605043786	-0.902900881084054
			3.68581455565819	-0.902900881084054
			3.69818306087852	-0.915269386304383
			3.71055156609885	-0.915269386304383
			3.72292007131918	-0.915269386304383
			3.73528857653951	-0.927637891524713
			3.74765708175984	-0.927637891524713
			3.76002558698017	-0.927637891524713
			3.7723940922005	-0.940006396745042
			3.78476259742083	-0.940006396745042
			3.79713110264116	-0.940006396745042
			3.79713110264116	-0.952374901965372
			3.80949960786149	-0.952374901965372
			3.82186811308182	-0.952374901965372
			3.83423661830215	-0.964743407185701
			3.84660512352248	-0.964743407185701
			3.85897362874281	-0.977111912406031
			3.87134213396313	-0.977111912406031
			3.88371063918346	-0.98948041762636
			3.89607914440379	-0.98948041762636
			3.90844764962412	-1.00184892284669
			3.92081615484445	-1.00184892284669
			3.93318466006478	-1.01421742806702
			3.94555316528511	-1.02658593328735
			3.95792167050544	-1.02658593328735
			3.97029017572577	-1.03895443850768
			3.97029017572577	-1.05132294372801
			3.97029017572577	-1.06369144894834
			3.95792167050544	-1.07605995416867
			3.95792167050544	-1.088428459389
			3.95792167050544	-1.10079696460933
			3.95792167050544	-1.11316546982966
			3.95792167050544	-1.12553397504998
			3.94555316528511	-1.12553397504998
			3.94555316528511	-1.13790248027031
			3.94555316528511	-1.15027098549064
			3.94555316528511	-1.16263949071097
			3.94555316528511	-1.1750079959313
			3.93318466006478	-1.1750079959313
			3.93318466006478	-1.18737650115163
			3.93318466006478	-1.19974500637196
			3.93318466006478	-1.21211351159229
			3.92081615484445	-1.21211351159229
			3.92081615484445	-1.22448201681262
			3.92081615484445	-1.23685052203295
			3.92081615484445	-1.24921902725328
			3.90844764962412	-1.26158753247361
			3.90844764962412	-1.27395603769394
			3.89607914440379	-1.28632454291427
			3.89607914440379	-1.2986930481346
			3.89607914440379	-1.31106155335493
			3.88371063918346	-1.32343005857526
			3.88371063918346	-1.33579856379559
			3.87134213396313	-1.34816706901592
			3.87134213396313	-1.36053557423625
			3.85897362874281	-1.37290407945657
			3.85897362874281	-1.3852725846769
			3.85897362874281	-1.39764108989723
			3.84660512352248	-1.39764108989723
			3.84660512352248	-1.41000959511756
			3.84660512352248	-1.42237810033789
			3.84660512352248	-1.43474660555822
			3.85897362874281	-1.44711511077855
			3.87134213396313	-1.45948361599888
			3.88371063918346	-1.45948361599888
			3.89607914440379	-1.45948361599888
			3.90844764962412	-1.45948361599888
			3.92081615484445	-1.45948361599888
			3.93318466006478	-1.47185212121921
			3.94555316528511	-1.47185212121921
			3.95792167050544	-1.47185212121921
			3.97029017572577	-1.48422062643954
			3.9826586809461	-1.48422062643954
			3.99502718616643	-1.49658913165987
			4.00739569138676	-1.5089576368802
			4.01976419660709	-1.5089576368802
			4.03213270182742	-1.52132614210053
			4.04450120704775	-1.52132614210053
			4.04450120704775	-1.53369464732086
			4.05686971226808	-1.53369464732086
			4.06923821748841	-1.54606315254119
			4.08160672270874	-1.55843165776152
			4.09397522792907	-1.57080016298185
			4.1063437331494	-1.58316866820218
			4.11871223836972	-1.59553717342251
			4.13108074359005	-1.60790567864284
			4.13108074359005	-1.62027418386316
			4.14344924881038	-1.62027418386316
			4.15581775403071	-1.63264268908349
			4.15581775403071	-1.64501119430382
			4.16818625925104	-1.65737969952415
			4.16818625925104	-1.66974820474448
			4.18055476447137	-1.68211670996481
			4.18055476447137	-1.69448521518514
			4.1929232696917	-1.70685372040547
			4.1929232696917	-1.7192222256258
			4.1929232696917	-1.73159073084613
			4.20529177491203	-1.74395923606646
			4.20529177491203	-1.75632774128679
			4.20529177491203	-1.76869624650712
			4.21766028013236	-1.78106475172745
			4.21766028013236	-1.79343325694778
			4.21766028013236	-1.80580176216811
			4.21766028013236	-1.81817026738844
			4.21766028013236	-1.83053877260877
			4.21766028013236	-1.8429072778291
			4.21766028013236	-1.85527578304943
			4.23002878535269	-1.86764428826976
			4.23002878535269	-1.88001279349008
			4.23002878535269	-1.89238129871041
			4.23002878535269	-1.90474980393074
			4.23002878535269	-1.91711830915107
			4.23002878535269	-1.9294868143714
			4.23002878535269	-1.94185531959173
			4.23002878535269	-1.95422382481206
			4.21766028013236	-1.96659233003239
			4.21766028013236	-1.97896083525272
			4.21766028013236	-1.99132934047305
			4.21766028013236	-2.00369784569338
			4.21766028013236	-2.01606635091371
			4.21766028013236	-2.02843485613404
			4.21766028013236	-2.04080336135437
			4.20529177491203	-2.0531718665747
			4.20529177491203	-2.06554037179503
			4.20529177491203	-2.07790887701536
			4.1929232696917	-2.09027738223569
			4.18055476447137	-2.09027738223569
			4.18055476447137	-2.10264588745602
			4.16818625925104	-2.11501439267635
			4.15581775403071	-2.11501439267635
			4.15581775403071	-2.12738289789667
			4.15581775403071	-2.139751403117
			4.14344924881038	-2.15211990833733
			4.14344924881038	-2.16448841355766
			4.14344924881038	-2.17685691877799
			4.14344924881038	-2.18922542399832
			4.14344924881038	-2.20159392921865
			4.14344924881038	-2.21396243443898
			4.14344924881038	-2.22633093965931
			4.14344924881038	-2.23869944487964
			4.14344924881038	-2.25106795009997
			4.14344924881038	-2.2634364553203
			4.14344924881038	-2.27580496054063
			4.15581775403071	-2.28817346576096
			4.15581775403071	-2.30054197098129
			4.15581775403071	-2.31291047620162
			4.15581775403071	-2.32527898142195
			4.15581775403071	-2.33764748664228
			4.15581775403071	-2.35001599186261
			4.16818625925104	-2.36238449708294
			4.16818625925104	-2.37475300230326
			4.16818625925104	-2.38712150752359
			4.18055476447137	-2.39949001274392
			4.18055476447137	-2.41185851796425
			4.18055476447137	-2.42422702318458
			4.1929232696917	-2.43659552840491
			4.1929232696917	-2.44896403362524
			4.1929232696917	-2.46133253884557
			4.20529177491203	-2.4737010440659
			4.20529177491203	-2.48606954928623
			4.21766028013236	-2.49843805450656
			4.21766028013236	-2.51080655972689
			4.23002878535269	-2.52317506494722
			4.23002878535269	-2.53554357016755
			4.24239729057302	-2.54791207538788
			4.25476579579335	-2.56028058060821
			4.26713430101368	-2.57264908582854
			4.27950280623401	-2.58501759104887
			4.29187131145434	-2.5973860962692
			4.30423981667467	-2.60975460148952
			4.316608321895	-2.62212310670985
			4.32897682711533	-2.63449161193018
			4.34134533233566	-2.64686011715051
			4.35371383755599	-2.65922862237084
			4.36608234277631	-2.67159712759117
			4.37845084799664	-2.6839656328115
			4.39081935321697	-2.69633413803183
			4.4031878584373	-2.70870264325216
			4.41555636365763	-2.70870264325216
			4.42792486887796	-2.72107114847249
			4.44029337409829	-2.72107114847249
			4.44029337409829	-2.73343965369282
			4.45266187931862	-2.73343965369282
			4.46503038453895	-2.74580815891315
			4.47739888975928	-2.74580815891315
			4.48976739497961	-2.75817666413348
		</suture>
		<anterior type=matrix rownames=FALSE colnames=FALSE nrow=211 ncol=2 as.numeric=TRUE >
			3.24054836772633	-0.828689849762077
			3.25291687294666	-0.828689849762077
			3.26528537816699	-0.828689849762077
			3.27765388338732	-0.828689849762077
			3.29002238860765	-0.828689849762077
			3.30239089382798	-0.828689849762077
			3.31475939904831	-0.828689849762077
			3.32712790426864	-0.828689849762077
			3.33949640948897	-0.828689849762077
			3.3518649147093	-0.841058354982406
			3.36423341992962	-0.841058354982406
			3.37660192514995	-0.841058354982406
			3.38897043037028	-0.841058354982406
			3.40133893559061	-0.841058354982406
			3.41370744081094	-0.841058354982406
			3.42607594603127	-0.841058354982406
			3.4384444512516	-0.841058354982406
			3.45081295647193	-0.853426860202736
			3.46318146169226	-0.853426860202736
			3.47554996691259	-0.853426860202736
			3.48791847213292	-0.853426860202736
			3.50028697735325	-0.853426860202736
			3.51265548257358	-0.853426860202736
			3.52502398779391	-0.865795365423065
			3.53739249301424	-0.865795365423065
			3.54976099823457	-0.865795365423065
			3.5621295034549	-0.865795365423065
			3.57449800867523	-0.865795365423065
			3.58686651389556	-0.878163870643395
			3.59923501911589	-0.878163870643395
			3.61160352433622	-0.878163870643395
			3.62397202955654	-0.890532375863724
			3.63634053477687	-0.890532375863724
			3.6487090399972	-0.890532375863724
			3.66107754521753	-0.890532375863724
			3.67344605043786	-0.902900881084054
			3.68581455565819	-0.902900881084054
			3.69818306087852	-0.902900881084054
			3.71055156609885	-0.902900881084054
			3.71055156609885	-0.915269386304383
			3.72292007131918	-0.915269386304383
			3.73528857653951	-0.915269386304383
			3.74765708175984	-0.927637891524713
			3.76002558698017	-0.927637891524713
			3.7723940922005	-0.927637891524713
			3.78476259742083	-0.940006396745042
			3.79713110264116	-0.940006396745042
			3.80949960786149	-0.940006396745042
			3.82186811308182	-0.952374901965372
			3.83423661830215	-0.952374901965372
			3.84660512352248	-0.964743407185701
			3.85897362874281	-0.964743407185701
			3.87134213396313	-0.964743407185701
			3.88371063918346	-0.977111912406031
			3.89607914440379	-0.98948041762636
			3.90844764962412	-0.98948041762636
			3.92081615484445	-1.00184892284669
			3.93318466006478	-1.00184892284669
			3.94555316528511	-1.01421742806702
			3.95792167050544	-1.01421742806702
			3.97029017572577	-1.01421742806702
			3.97029017572577	-1.02658593328735
			3.9826586809461	-1.02658593328735
			3.99502718616643	-1.02658593328735
			3.99502718616643	-1.03895443850768
			4.00739569138676	-1.03895443850768
			4.01976419660709	-1.05132294372801
			4.03213270182742	-1.05132294372801
			4.04450120704775	-1.06369144894834
			4.05686971226808	-1.07605995416867
			4.06923821748841	-1.07605995416867
			4.08160672270874	-1.07605995416867
			4.08160672270874	-1.088428459389
			4.09397522792907	-1.088428459389
			4.1063437331494	-1.10079696460933
			4.11871223836972	-1.10079696460933
			4.11871223836972	-1.11316546982966
			4.13108074359005	-1.11316546982966
			4.14344924881038	-1.12553397504998
			4.15581775403071	-1.13790248027031
			4.16818625925104	-1.13790248027031
			4.18055476447137	-1.15027098549064
			4.1929232696917	-1.15027098549064
			4.20529177491203	-1.16263949071097
			4.20529177491203	-1.1750079959313
			4.21766028013236	-1.1750079959313
			4.23002878535269	-1.18737650115163
			4.24239729057302	-1.18737650115163
			4.25476579579335	-1.19974500637196
			4.26713430101368	-1.21211351159229
			4.27950280623401	-1.22448201681262
			4.29187131145434	-1.23685052203295
			4.30423981667467	-1.24921902725328
			4.316608321895	-1.26158753247361
			4.32897682711533	-1.26158753247361
			4.34134533233566	-1.27395603769394
			4.35371383755599	-1.28632454291427
			4.36608234277631	-1.2986930481346
			4.37845084799664	-1.31106155335493
			4.39081935321697	-1.32343005857526
			4.4031878584373	-1.33579856379559
			4.41555636365763	-1.34816706901592
			4.42792486887796	-1.34816706901592
			4.44029337409829	-1.36053557423625
			4.45266187931862	-1.37290407945657
			4.46503038453895	-1.3852725846769
			4.47739888975928	-1.39764108989723
			4.48976739497961	-1.41000959511756
			4.50213590019994	-1.42237810033789
			4.51450440542027	-1.43474660555822
			4.5268729106406	-1.44711511077855
			4.53924141586093	-1.45948361599888
			4.55160992108126	-1.47185212121921
			4.56397842630159	-1.48422062643954
			4.57634693152192	-1.49658913165987
			4.58871543674225	-1.5089576368802
			4.58871543674225	-1.52132614210053
			4.60108394196258	-1.53369464732086
			4.6134524471829	-1.54606315254119
			4.62582095240323	-1.55843165776152
			4.62582095240323	-1.57080016298185
			4.63818945762356	-1.57080016298185
			4.65055796284389	-1.58316866820218
			4.65055796284389	-1.59553717342251
			4.66292646806422	-1.59553717342251
			4.66292646806422	-1.60790567864284
			4.67529497328455	-1.62027418386316
			4.68766347850488	-1.63264268908349
			4.70003198372521	-1.64501119430382
			4.70003198372521	-1.65737969952415
			4.71240048894554	-1.66974820474448
			4.72476899416587	-1.66974820474448
			4.72476899416587	-1.68211670996481
			4.7371374993862	-1.69448521518514
			4.74950600460653	-1.70685372040547
			4.74950600460653	-1.7192222256258
			4.76187450982686	-1.73159073084613
			4.76187450982686	-1.74395923606646
			4.77424301504719	-1.74395923606646
			4.77424301504719	-1.75632774128679
			4.78661152026752	-1.76869624650712
			4.78661152026752	-1.78106475172745
			4.79898002548785	-1.78106475172745
			4.79898002548785	-1.79343325694778
			4.81134853070818	-1.80580176216811
			4.81134853070818	-1.81817026738844
			4.82371703592851	-1.81817026738844
			4.82371703592851	-1.83053877260877
			4.83608554114884	-1.8429072778291
			4.83608554114884	-1.85527578304943
			4.84845404636916	-1.86764428826976
			4.86082255158949	-1.88001279349008
			4.86082255158949	-1.89238129871041
			4.87319105680982	-1.90474980393074
			4.87319105680982	-1.91711830915107
			4.88555956203015	-1.9294868143714
			4.88555956203015	-1.94185531959173
			4.89792806725048	-1.95422382481206
			4.91029657247081	-1.96659233003239
			4.91029657247081	-1.97896083525272
			4.92266507769114	-1.99132934047305
			4.92266507769114	-2.00369784569338
			4.93503358291147	-2.01606635091371
			4.93503358291147	-2.02843485613404
			4.9474020881318	-2.04080336135437
			4.9474020881318	-2.0531718665747
			4.95977059335213	-2.06554037179503
			4.95977059335213	-2.07790887701536
			4.95977059335213	-2.09027738223569
			4.97213909857246	-2.10264588745602
			4.97213909857246	-2.11501439267635
			4.98450760379279	-2.12738289789667
			4.98450760379279	-2.139751403117
			4.99687610901312	-2.15211990833733
			4.99687610901312	-2.16448841355766
			5.00924461423345	-2.17685691877799
			5.00924461423345	-2.18922542399832
			5.02161311945378	-2.20159392921865
			5.02161311945378	-2.21396243443898
			5.02161311945378	-2.22633093965931
			5.03398162467411	-2.23869944487964
			5.03398162467411	-2.25106795009997
			5.03398162467411	-2.2634364553203
			5.04635012989444	-2.27580496054063
			5.04635012989444	-2.28817346576096
			5.04635012989444	-2.30054197098129
			5.05871863511477	-2.31291047620162
			5.05871863511477	-2.32527898142195
			5.0710871403351	-2.33764748664228
			5.0710871403351	-2.35001599186261
			5.0710871403351	-2.36238449708294
			5.08345564555543	-2.37475300230326
			5.08345564555543	-2.38712150752359
			5.08345564555543	-2.39949001274392
			5.09582415077575	-2.41185851796425
			5.09582415077575	-2.42422702318458
			5.09582415077575	-2.43659552840491
			5.09582415077575	-2.44896403362524
			5.10819265599608	-2.46133253884557
			5.10819265599608	-2.4737010440659
			5.10819265599608	-2.48606954928623
			5.12056116121641	-2.49843805450656
			5.12056116121641	-2.51080655972689
			5.12056116121641	-2.52317506494722
			5.12056116121641	-2.53554357016755
			5.13292966643674	-2.54791207538788
			5.13292966643674	-2.56028058060821
			5.13292966643674	-2.57264908582854
			5.14529817165707	-2.58501759104887
			5.14529817165707	-2.5973860962692
			5.14529817165707	-2.60975460148952
		</anterior>
		<posterior type=matrix rownames=FALSE colnames=FALSE nrow=237 ncol=2 as.numeric=TRUE >
			3.228179862506	-2.60975460148952
			3.24054836772633	-2.60975460148952
			3.25291687294666	-2.60975460148952
			3.26528537816699	-2.60975460148952
			3.27765388338732	-2.60975460148952
			3.29002238860765	-2.62212310670985
			3.30239089382798	-2.62212310670985
			3.31475939904831	-2.62212310670985
			3.32712790426864	-2.62212310670985
			3.33949640948897	-2.62212310670985
			3.3518649147093	-2.62212310670985
			3.36423341992962	-2.62212310670985
			3.37660192514995	-2.62212310670985
			3.38897043037028	-2.62212310670985
			3.40133893559061	-2.62212310670985
			3.41370744081094	-2.62212310670985
			3.42607594603127	-2.62212310670985
			3.4384444512516	-2.63449161193018
			3.45081295647193	-2.63449161193018
			3.46318146169226	-2.63449161193018
			3.47554996691259	-2.63449161193018
			3.48791847213292	-2.63449161193018
			3.50028697735325	-2.63449161193018
			3.51265548257358	-2.63449161193018
			3.52502398779391	-2.63449161193018
			3.53739249301424	-2.63449161193018
			3.54976099823457	-2.63449161193018
			3.5621295034549	-2.63449161193018
			3.57449800867523	-2.63449161193018
			3.58686651389556	-2.63449161193018
			3.59923501911589	-2.63449161193018
			3.61160352433622	-2.63449161193018
			3.62397202955654	-2.63449161193018
			3.63634053477687	-2.63449161193018
			3.6487090399972	-2.63449161193018
			3.66107754521753	-2.63449161193018
			3.67344605043786	-2.63449161193018
			3.68581455565819	-2.63449161193018
			3.69818306087852	-2.63449161193018
			3.71055156609885	-2.63449161193018
			3.72292007131918	-2.63449161193018
			3.73528857653951	-2.63449161193018
			3.74765708175984	-2.63449161193018
			3.76002558698017	-2.63449161193018
			3.7723940922005	-2.63449161193018
			3.78476259742083	-2.63449161193018
			3.79713110264116	-2.63449161193018
			3.80949960786149	-2.63449161193018
			3.82186811308182	-2.63449161193018
			3.83423661830215	-2.63449161193018
			3.84660512352248	-2.63449161193018
			3.85897362874281	-2.63449161193018
			3.87134213396313	-2.63449161193018
			3.88371063918346	-2.63449161193018
			3.89607914440379	-2.63449161193018
			3.90844764962412	-2.63449161193018
			3.92081615484445	-2.63449161193018
			3.93318466006478	-2.64686011715051
			3.94555316528511	-2.64686011715051
			3.95792167050544	-2.64686011715051
			3.97029017572577	-2.64686011715051
			3.9826586809461	-2.64686011715051
			3.99502718616643	-2.64686011715051
			4.00739569138676	-2.64686011715051
			4.01976419660709	-2.65922862237084
			4.03213270182742	-2.65922862237084
			4.04450120704775	-2.65922862237084
			4.05686971226808	-2.65922862237084
			4.06923821748841	-2.65922862237084
			4.08160672270874	-2.65922862237084
			4.09397522792907	-2.67159712759117
			4.1063437331494	-2.67159712759117
			4.11871223836972	-2.67159712759117
			4.13108074359005	-2.67159712759117
			4.14344924881038	-2.67159712759117
			4.15581775403071	-2.6839656328115
			4.16818625925104	-2.6839656328115
			4.18055476447137	-2.6839656328115
			4.1929232696917	-2.6839656328115
			4.20529177491203	-2.6839656328115
			4.21766028013236	-2.69633413803183
			4.23002878535269	-2.69633413803183
			4.24239729057302	-2.69633413803183
			4.25476579579335	-2.69633413803183
			4.26713430101368	-2.70870264325216
			4.27950280623401	-2.70870264325216
			4.29187131145434	-2.70870264325216
			4.30423981667467	-2.70870264325216
			4.316608321895	-2.72107114847249
			4.32897682711533	-2.72107114847249
			4.34134533233566	-2.72107114847249
			4.35371383755599	-2.72107114847249
			4.36608234277631	-2.72107114847249
			4.37845084799664	-2.73343965369282
			4.39081935321697	-2.73343965369282
			4.4031878584373	-2.73343965369282
			4.41555636365763	-2.73343965369282
			4.42792486887796	-2.73343965369282
			4.44029337409829	-2.74580815891315
			4.45266187931862	-2.74580815891315
			4.46503038453895	-2.74580815891315
			4.47739888975928	-2.74580815891315
			4.48976739497961	-2.74580815891315
			4.50213590019994	-2.74580815891315
			4.51450440542027	-2.75817666413348
			4.5268729106406	-2.75817666413348
			4.53924141586093	-2.75817666413348
			4.55160992108126	-2.75817666413348
			4.56397842630159	-2.75817666413348
			4.57634693152192	-2.75817666413348
			4.58871543674225	-2.77054516935381
			4.60108394196258	-2.77054516935381
			4.6134524471829	-2.77054516935381
			4.62582095240323	-2.77054516935381
			4.63818945762356	-2.77054516935381
			4.65055796284389	-2.77054516935381
			4.66292646806422	-2.77054516935381
			4.67529497328455	-2.78291367457414
			4.68766347850488	-2.78291367457414
			4.70003198372521	-2.78291367457414
			4.71240048894554	-2.78291367457414
			4.72476899416587	-2.78291367457414
			4.7371374993862	-2.78291367457414
			4.74950600460653	-2.79528217979447
			4.76187450982686	-2.79528217979447
			4.77424301504719	-2.79528217979447
			4.78661152026752	-2.8076506850148
			4.79898002548785	-2.8076506850148
			4.81134853070818	-2.8076506850148
			4.82371703592851	-2.82001919023513
			4.83608554114884	-2.83238769545546
			4.84845404636916	-2.83238769545546
			4.86082255158949	-2.84475620067579
			4.87319105680982	-2.85712470589612
			4.88555956203015	-2.85712470589612
			4.89792806725048	-2.86949321111644
			4.91029657247081	-2.86949321111644
			4.91029657247081	-2.88186171633677
			4.92266507769114	-2.88186171633677
			4.93503358291147	-2.8942302215571
			4.9474020881318	-2.90659872677743
			4.95977059335213	-2.91896723199776
			4.97213909857246	-2.93133573721809
			4.98450760379279	-2.94370424243842
			4.99687610901312	-2.95607274765875
			5.00924461423345	-2.96844125287908
			5.00924461423345	-2.98080975809941
			5.02161311945378	-2.99317826331974
			5.03398162467411	-3.00554676854007
			5.04635012989444	-3.0179152737604
			5.04635012989444	-3.03028377898073
			5.05871863511477	-3.04265228420106
			5.0710871403351	-3.05502078942139
			5.0710871403351	-3.06738929464172
			5.08345564555543	-3.07975779986205
			5.08345564555543	-3.09212630508238
			5.09582415077575	-3.10449481030271
			5.09582415077575	-3.11686331552303
			5.10819265599608	-3.12923182074336
			5.10819265599608	-3.14160032596369
			5.12056116121641	-3.14160032596369
			5.12056116121641	-3.15396883118402
			5.13292966643674	-3.16633733640435
			5.13292966643674	-3.17870584162468
			5.14529817165707	-3.19107434684501
			5.14529817165707	-3.20344285206534
			5.1576666768774	-3.21581135728567
			5.1576666768774	-3.228179862506
			5.17003518209773	-3.24054836772633
			5.17003518209773	-3.25291687294666
			5.18240368731806	-3.26528537816699
			5.18240368731806	-3.27765388338732
			5.18240368731806	-3.29002238860765
			5.19477219253839	-3.30239089382798
			5.19477219253839	-3.31475939904831
			5.20714069775872	-3.32712790426864
			5.20714069775872	-3.33949640948897
			5.20714069775872	-3.32712790426864
			5.20714069775872	-3.31475939904831
			5.20714069775872	-3.30239089382798
			5.20714069775872	-3.29002238860765
			5.20714069775872	-3.27765388338732
			5.20714069775872	-3.26528537816699
			5.19477219253839	-3.25291687294666
			5.19477219253839	-3.24054836772633
			5.19477219253839	-3.228179862506
			5.19477219253839	-3.21581135728567
			5.19477219253839	-3.20344285206534
			5.19477219253839	-3.19107434684501
			5.19477219253839	-3.17870584162468
			5.19477219253839	-3.16633733640435
			5.19477219253839	-3.15396883118402
			5.19477219253839	-3.14160032596369
			5.19477219253839	-3.12923182074336
			5.19477219253839	-3.11686331552303
			5.19477219253839	-3.10449481030271
			5.18240368731806	-3.10449481030271
			5.18240368731806	-3.09212630508238
			5.18240368731806	-3.07975779986205
			5.18240368731806	-3.06738929464172
			5.18240368731806	-3.05502078942139
			5.18240368731806	-3.04265228420106
			5.18240368731806	-3.03028377898073
			5.18240368731806	-3.0179152737604
			5.18240368731806	-3.00554676854007
			5.18240368731806	-2.99317826331974
			5.18240368731806	-2.98080975809941
			5.18240368731806	-2.96844125287908
			5.18240368731806	-2.95607274765875
			5.18240368731806	-2.94370424243842
			5.17003518209773	-2.93133573721809
			5.17003518209773	-2.91896723199776
			5.17003518209773	-2.90659872677743
			5.17003518209773	-2.8942302215571
			5.17003518209773	-2.88186171633677
			5.17003518209773	-2.86949321111644
			5.17003518209773	-2.85712470589612
			5.17003518209773	-2.84475620067579
			5.17003518209773	-2.83238769545546
			5.17003518209773	-2.82001919023513
			5.17003518209773	-2.8076506850148
			5.17003518209773	-2.79528217979447
			5.1576666768774	-2.78291367457414
			5.1576666768774	-2.77054516935381
			5.1576666768774	-2.75817666413348
			5.1576666768774	-2.74580815891315
			5.1576666768774	-2.73343965369282
			5.1576666768774	-2.72107114847249
			5.1576666768774	-2.70870264325216
			5.1576666768774	-2.69633413803183
			5.1576666768774	-2.6839656328115
			5.14529817165707	-2.67159712759117
			5.14529817165707	-2.65922862237084
			5.14529817165707	-2.64686011715051
			5.14529817165707	-2.63449161193018
			5.14529817165707	-2.62212310670985
			5.14529817165707	-2.60975460148952
		</posterior>
	</curves.scaled>
	<ruler.points type=matrix rownames=TRUE colnames=FALSE nrow=2 ncol=2 as.numeric=TRUE >
		Ruler point 1	5	29
		Ruler point 2	102	31
	</ruler.points>
</shapes>

