<shapes type=list>
	<ruler.pixel type=vector names=FALSE length=1 as.numeric=TRUE >95</ruler.pixel>
	<ruler.interval type=vector names=FALSE length=1 as.numeric=TRUE >2</ruler.interval>
	<scaling.units type=vector names=FALSE length=1 as.numeric=FALSE >mm</scaling.units>
	<scaling type=vector names=FALSE length=1 as.numeric=TRUE >0.0210526315789474</scaling>
	<landmarks.pixel type=matrix rownames=TRUE colnames=FALSE nrow=16 ncol=2 as.numeric=TRUE >
		LM1	92	1
		LM2	93	6
		LM3	83	200
		LM4	82	241
		LM5	172	64
		LM6	133	216
		LM7	130	247
		LM8	160	97
		LM9	172	207
		LM10	93	3
		LM11	270	197
		LM12	303	215
		LM13	92	1
		LM14	254	167
		LM15	310	241
		LM16	353	508
	</landmarks.pixel>
	<landmarks.scaled type=matrix rownames=TRUE colnames=FALSE nrow=16 ncol=2 as.numeric=TRUE >
		LM1	1.93684210526316	-0.0210526315789474
		LM2	1.95789473684211	-0.126315789473684
		LM3	1.74736842105263	-4.21052631578947
		LM4	1.72631578947368	-5.07368421052632
		LM5	3.62105263157895	-1.34736842105263
		LM6	2.8	-4.54736842105263
		LM7	2.73684210526316	-5.2
		LM8	3.36842105263158	-2.04210526315789
		LM9	3.62105263157895	-4.35789473684211
		LM10	1.95789473684211	-0.0631578947368421
		LM11	5.68421052631579	-4.14736842105263
		LM12	6.37894736842105	-4.52631578947368
		LM13	1.93684210526316	-0.0210526315789474
		LM14	5.34736842105263	-3.51578947368421
		LM15	6.52631578947368	-5.07368421052632
		LM16	7.43157894736842	-10.6947368421053
	</landmarks.scaled>
	<curves.control type=list>
		<glabella type=matrix rownames=FALSE colnames=FALSE nrow=15 ncol=2 as.numeric=TRUE >
			93	6
			125	-3
			148	22
			185	56
			161	84
			148	94
			154	109
			168	127
			144	162
			136	182
			127	197
			131	210
			119	213
			151	226
			130	247
		</glabella>
		<suture type=matrix rownames=FALSE colnames=FALSE nrow=17 ncol=2 as.numeric=TRUE >
			93	3
			183	8
			167	88
			188	95
			218	116
			243	147
			232	175
			217	196
			181	210
			184	224
			202	228
			219	234
			249	214
			257	204
			263	197
			277	193
			303	215
		</suture>
		<anterior type=matrix rownames=FALSE colnames=FALSE nrow=7 ncol=2 as.numeric=TRUE >
			92	1
			159	2
			226	78
			276	132
			295	195
			306	220
			310	241
		</anterior>
		<posterior type=matrix rownames=FALSE colnames=FALSE nrow=15 ncol=2 as.numeric=TRUE >
			82	241
			94	241
			126	251
			174	252
			230	268
			277	282
			308	331
			324	390
			333	437
			344	479
			353	505
			376	482
			347	371
			330	275
			310	241
		</posterior>
	</curves.control>
	<curves.pixel type=list>
		<glabella type=matrix rownames=FALSE colnames=FALSE nrow=306 ncol=2 as.numeric=TRUE >
			93	6
			94	6
			95	5
			96	5
			97	5
			98	5
			99	5
			100	4
			101	4
			102	4
			103	4
			104	4
			105	4
			106	4
			107	4
			108	4
			109	4
			110	4
			111	4
			112	4
			113	4
			114	4
			115	4
			116	4
			117	4
			118	4
			119	5
			120	5
			121	5
			122	5
			123	6
			124	6
			125	6
			126	6
			126	7
			127	7
			128	7
			129	8
			130	8
			131	9
			132	9
			133	10
			134	11
			135	11
			136	12
			137	13
			138	13
			139	14
			140	15
			141	15
			142	16
			143	17
			144	18
			145	19
			146	20
			147	21
			148	22
			149	23
			150	24
			151	25
			152	26
			153	27
			154	28
			155	29
			156	30
			156	31
			157	31
			158	32
			159	33
			159	34
			160	35
			161	36
			162	37
			162	38
			163	39
			163	40
			164	41
			165	42
			166	43
			166	44
			166	45
			167	45
			167	46
			167	47
			168	48
			168	49
			169	50
			169	51
			169	52
			169	53
			170	53
			170	54
			170	55
			170	56
			170	57
			170	58
			170	59
			170	60
			170	61
			170	62
			170	63
			170	64
			170	65
			170	66
			170	67
			170	68
			169	69
			169	70
			169	71
			168	72
			168	73
			168	74
			167	75
			167	76
			166	77
			165	78
			165	79
			164	80
			163	81
			163	82
			162	83
			161	84
			160	85
			159	85
			159	86
			158	87
			157	87
			157	88
			156	89
			155	90
			154	91
			154	92
			154	93
			153	94
			153	95
			153	96
			152	96
			152	97
			152	98
			152	99
			152	100
			152	101
			152	102
			152	103
			153	104
			153	105
			153	106
			153	107
			154	108
			154	109
			155	110
			155	111
			156	111
			156	112
			157	113
			157	114
			157	115
			158	116
			158	117
			158	118
			159	119
			159	120
			159	121
			159	122
			159	123
			159	124
			159	125
			159	126
			159	127
			159	128
			159	129
			159	130
			159	131
			158	132
			158	133
			158	134
			158	135
			157	136
			157	137
			157	138
			156	139
			156	140
			155	141
			155	142
			155	143
			154	144
			154	145
			153	146
			153	147
			152	148
			152	149
			151	150
			151	151
			151	152
			150	152
			150	153
			149	154
			148	155
			148	156
			147	157
			147	158
			146	159
			146	160
			145	161
			144	161
			144	162
			144	163
			143	163
			143	164
			143	165
			142	166
			142	167
			142	168
			141	169
			141	170
			140	171
			140	172
			139	173
			139	174
			138	175
			138	176
			138	177
			137	178
			137	179
			136	180
			136	181
			135	182
			135	183
			134	184
			134	185
			133	185
			133	186
			132	187
			132	188
			132	189
			131	190
			131	191
			130	192
			129	193
			129	194
			128	195
			127	196
			127	197
			127	198
			127	199
			128	200
			128	201
			128	202
			128	203
			128	204
			128	205
			128	206
			127	207
			127	208
			126	209
			125	210
			124	211
			123	212
			122	212
			121	212
			120	213
			119	213
			120	214
			121	214
			122	214
			123	215
			124	215
			125	216
			126	216
			127	217
			128	217
			128	218
			129	218
			130	219
			131	219
			131	220
			132	220
			132	221
			133	221
			134	222
			135	223
			135	224
			136	225
			137	226
			137	227
			138	228
			138	229
			138	230
			138	231
			138	232
			138	233
			138	234
			138	235
			138	236
			137	237
			137	238
			136	239
			136	240
			135	240
			135	241
			134	242
			133	243
			132	244
			132	245
			131	246
			130	247
		</glabella>
		<suture type=matrix rownames=FALSE colnames=FALSE nrow=437 ncol=2 as.numeric=TRUE >
			93	3
			94	3
			95	3
			96	3
			97	3
			98	3
			99	3
			100	3
			100	4
			101	4
			102	4
			103	4
			104	4
			105	4
			106	4
			107	4
			108	4
			109	5
			110	5
			111	5
			112	5
			113	5
			114	5
			115	6
			116	6
			117	6
			118	6
			119	6
			120	7
			121	7
			122	7
			123	7
			124	8
			125	8
			126	8
			127	9
			128	9
			129	9
			130	10
			131	10
			132	11
			133	11
			134	11
			135	12
			136	12
			137	13
			138	13
			139	13
			140	14
			141	14
			141	15
			142	15
			143	16
			144	16
			145	17
			146	18
			147	18
			148	19
			149	20
			150	20
			151	21
			151	22
			152	22
			153	23
			154	24
			154	25
			155	25
			156	26
			157	27
			157	28
			158	28
			159	29
			159	30
			160	31
			160	32
			161	33
			161	34
			162	34
			162	35
			163	36
			163	37
			164	38
			164	39
			165	40
			165	41
			166	42
			166	43
			166	44
			167	45
			167	46
			167	47
			167	48
			168	49
			168	50
			168	51
			168	52
			168	53
			169	54
			169	55
			169	56
			169	57
			169	58
			169	59
			169	60
			169	61
			169	62
			169	63
			169	64
			169	65
			169	66
			169	67
			169	68
			169	69
			169	70
			169	71
			169	72
			169	73
			169	74
			169	75
			169	76
			169	77
			169	78
			168	79
			168	80
			168	81
			168	82
			168	83
			168	84
			168	85
			167	86
			167	87
			167	88
			168	88
			169	89
			170	89
			171	90
			172	90
			173	90
			174	91
			175	91
			176	91
			176	92
			177	92
			178	92
			178	93
			179	93
			180	93
			181	94
			182	94
			183	95
			184	95
			185	96
			186	96
			187	97
			188	97
			189	98
			190	99
			191	99
			192	100
			193	100
			194	101
			195	101
			196	102
			197	103
			198	103
			199	104
			200	104
			201	105
			202	106
			203	106
			204	107
			205	107
			206	108
			207	109
			208	109
			209	110
			210	111
			211	111
			212	112
			213	113
			214	113
			215	114
			216	115
			217	115
			218	116
			219	117
			220	118
			220	119
			221	120
			222	121
			222	122
			223	122
			223	123
			224	124
			224	125
			225	125
			225	126
			226	127
			226	128
			227	129
			228	130
			228	131
			229	132
			229	133
			230	134
			230	135
			230	136
			231	137
			232	138
			232	139
			232	140
			232	141
			233	142
			233	143
			233	144
			234	145
			234	146
			234	147
			234	148
			235	149
			235	150
			235	151
			235	152
			235	153
			235	154
			235	155
			235	156
			235	157
			235	158
			235	159
			235	160
			235	161
			235	162
			235	163
			235	164
			235	165
			235	166
			234	167
			234	168
			234	169
			234	170
			233	171
			233	172
			233	173
			233	174
			232	175
			231	176
			230	177
			230	178
			229	179
			228	180
			227	181
			226	182
			225	183
			224	184
			223	185
			222	186
			221	187
			220	188
			219	189
			218	189
			217	190
			216	191
			215	192
			214	193
			213	193
			212	194
			211	195
			210	195
			209	196
			208	197
			207	197
			206	198
			205	198
			204	199
			203	200
			202	200
			201	201
			200	201
			199	202
			198	202
			197	203
			196	203
			195	204
			194	204
			193	205
			192	205
			191	206
			190	206
			189	207
			188	207
			187	208
			186	208
			185	208
			184	209
			183	209
			182	210
			181	210
			181	211
			182	212
			182	213
			182	214
			183	215
			183	216
			184	217
			185	218
			185	219
			186	220
			187	221
			188	221
			189	222
			190	223
			191	224
			192	224
			193	225
			194	225
			195	226
			196	226
			197	227
			198	227
			199	227
			200	228
			201	228
			202	228
			203	228
			204	229
			205	229
			206	229
			207	229
			208	229
			209	229
			210	229
			211	229
			212	229
			213	229
			214	229
			215	229
			216	229
			217	229
			218	229
			219	228
			220	228
			221	228
			222	227
			223	227
			224	227
			225	227
			225	226
			226	226
			227	226
			228	225
			229	225
			230	225
			231	224
			232	224
			233	223
			234	223
			235	222
			236	222
			237	221
			238	221
			238	220
			239	220
			240	220
			240	219
			241	219
			242	219
			242	218
			243	218
			244	217
			245	217
			246	216
			247	215
			248	215
			249	214
			249	213
			250	213
			250	212
			251	212
			251	211
			252	211
			252	210
			253	210
			253	209
			254	208
			255	207
			255	206
			256	205
			257	204
			258	203
			259	202
			259	201
			260	200
			261	200
			262	199
			262	198
			263	197
			264	197
			265	197
			266	196
			267	196
			268	196
			269	196
			270	197
			271	197
			272	197
			273	197
			274	197
			275	198
			276	198
			277	198
			278	199
			279	199
			280	199
			281	200
			282	200
			283	201
			284	201
			285	202
			286	203
			287	203
			288	204
			289	205
			290	205
			291	206
			292	207
			293	207
			294	208
			295	209
			296	210
			297	210
			298	211
			299	212
			300	212
			301	213
			302	214
			303	215
		</suture>
		<anterior type=matrix rownames=FALSE colnames=FALSE nrow=312 ncol=2 as.numeric=TRUE >
			92	1
			93	1
			94	1
			95	1
			96	1
			97	1
			98	1
			99	1
			100	1
			101	1
			102	2
			103	2
			104	2
			105	2
			106	2
			107	2
			108	2
			109	3
			110	3
			111	3
			112	3
			113	3
			114	3
			115	4
			116	4
			117	4
			118	4
			119	5
			120	5
			121	5
			122	5
			123	6
			124	6
			125	6
			126	6
			127	7
			128	7
			129	7
			130	8
			131	8
			132	8
			133	9
			134	9
			135	9
			136	10
			137	10
			138	11
			139	11
			140	11
			141	12
			142	12
			143	13
			144	13
			145	14
			146	14
			147	14
			148	15
			149	15
			150	16
			151	16
			151	17
			152	17
			153	18
			154	18
			155	18
			156	19
			157	19
			157	20
			158	20
			159	21
			160	21
			161	22
			162	22
			163	23
			164	23
			164	24
			165	25
			166	25
			167	26
			168	26
			169	27
			170	27
			171	28
			171	29
			172	29
			173	30
			174	30
			175	31
			176	32
			177	32
			178	33
			179	34
			180	35
			181	36
			182	36
			183	37
			184	38
			185	39
			186	39
			186	40
			187	40
			188	41
			189	42
			190	43
			191	44
			192	44
			193	45
			194	46
			195	47
			196	48
			197	49
			198	49
			199	50
			200	51
			201	52
			201	53
			202	54
			203	54
			204	55
			205	56
			206	57
			207	58
			208	59
			209	60
			210	60
			210	61
			211	62
			212	63
			213	64
			214	65
			215	66
			216	67
			217	68
			218	69
			219	70
			220	71
			220	72
			221	73
			222	74
			223	75
			224	76
			225	77
			226	78
			227	79
			228	80
			229	81
			229	82
			230	83
			231	84
			232	84
			233	85
			233	86
			234	87
			235	88
			236	89
			236	90
			237	91
			238	92
			239	92
			239	93
			240	94
			241	95
			242	96
			242	97
			243	98
			244	99
			244	100
			245	101
			246	101
			247	102
			247	103
			248	104
			249	105
			249	106
			250	107
			251	108
			251	109
			252	110
			253	111
			254	112
			255	113
			255	114
			256	115
			257	116
			258	117
			258	118
			259	119
			259	120
			260	121
			261	122
			261	123
			262	124
			263	125
			263	126
			264	127
			264	128
			265	129
			266	130
			266	131
			267	132
			267	133
			268	134
			269	135
			269	136
			270	137
			270	138
			271	139
			271	140
			272	141
			273	142
			273	143
			274	144
			274	145
			275	146
			275	147
			276	148
			276	149
			277	150
			277	151
			278	152
			278	153
			279	154
			279	155
			280	156
			280	157
			281	158
			281	159
			282	160
			282	161
			283	162
			283	163
			283	164
			284	165
			284	166
			285	167
			285	168
			286	169
			286	170
			287	171
			287	172
			287	173
			288	174
			288	175
			289	176
			289	177
			289	178
			290	179
			290	180
			290	181
			291	182
			291	183
			291	184
			292	185
			292	186
			293	187
			293	188
			293	189
			293	190
			294	191
			294	192
			294	193
			295	194
			295	195
			295	196
			296	196
			296	197
			296	198
			297	199
			297	200
			298	201
			298	202
			298	203
			299	204
			299	205
			299	206
			300	206
			300	207
			300	208
			301	209
			301	210
			301	211
			302	211
			302	212
			302	213
			303	214
			303	215
			303	216
			304	217
			304	218
			304	219
			305	220
			305	221
			305	222
			305	223
			306	224
			306	225
			306	226
			307	227
			307	228
			307	229
			308	230
			308	231
			308	232
			308	233
			309	234
			309	235
			309	236
			309	237
			309	238
			310	239
			310	240
			310	241
		</anterior>
		<posterior type=matrix rownames=FALSE colnames=FALSE nrow=691 ncol=2 as.numeric=TRUE >
			82	241
			83	241
			84	241
			85	241
			86	241
			87	241
			88	241
			89	242
			90	242
			91	242
			92	242
			93	242
			94	243
			95	243
			96	243
			97	243
			98	243
			99	244
			100	244
			101	244
			102	244
			103	245
			104	245
			105	245
			106	245
			107	246
			108	246
			109	246
			110	246
			111	246
			111	247
			112	247
			113	247
			114	247
			115	248
			116	248
			117	248
			118	248
			118	249
			119	249
			120	249
			121	249
			122	250
			123	250
			124	250
			125	251
			126	251
			127	251
			128	251
			129	251
			130	251
			131	251
			132	251
			133	251
			134	251
			135	251
			136	251
			137	251
			138	251
			139	252
			140	252
			141	252
			142	252
			143	252
			144	252
			145	252
			146	252
			147	252
			148	252
			149	252
			150	252
			151	252
			152	253
			153	253
			154	253
			155	253
			156	253
			157	253
			158	253
			159	253
			160	253
			161	254
			162	254
			163	254
			164	254
			165	254
			166	254
			167	254
			168	255
			169	255
			170	255
			171	255
			172	255
			173	255
			174	255
			175	256
			176	256
			177	256
			178	256
			179	256
			180	256
			181	257
			182	257
			183	257
			184	257
			185	257
			186	258
			187	258
			188	258
			189	258
			190	258
			191	259
			192	259
			193	259
			194	259
			195	259
			196	260
			197	260
			198	260
			199	260
			200	260
			201	261
			202	261
			203	261
			204	261
			205	262
			206	262
			207	262
			208	262
			209	263
			210	263
			211	263
			212	263
			213	263
			213	264
			214	264
			215	264
			216	264
			217	265
			218	265
			219	265
			220	265
			221	265
			222	266
			223	266
			224	266
			225	266
			225	267
			226	267
			227	267
			228	267
			229	268
			230	268
			231	268
			232	268
			232	269
			233	269
			234	269
			235	269
			235	270
			236	270
			237	270
			238	271
			239	271
			240	271
			241	272
			242	272
			243	273
			244	273
			245	273
			245	274
			246	274
			247	275
			248	275
			249	275
			250	276
			251	276
			251	277
			252	277
			253	278
			254	278
			255	278
			256	279
			257	279
			257	280
			258	280
			259	281
			260	281
			261	282
			262	283
			263	284
			264	284
			265	285
			266	286
			267	286
			268	287
			269	288
			270	288
			271	289
			272	290
			273	291
			274	291
			275	292
			276	293
			276	294
			277	294
			278	295
			279	296
			280	297
			281	298
			282	298
			283	299
			284	300
			284	301
			285	302
			286	303
			287	304
			288	305
			289	306
			290	306
			290	307
			291	308
			292	309
			293	310
			294	311
			295	312
			295	313
			296	314
			297	315
			298	316
			299	317
			299	318
			300	319
			301	320
			301	321
			302	322
			303	323
			304	324
			304	325
			305	326
			305	327
			306	328
			307	329
			308	330
			308	331
			308	332
			308	333
			309	333
			309	334
			309	335
			309	336
			310	337
			310	338
			310	339
			310	340
			311	341
			311	342
			311	343
			312	344
			312	345
			312	346
			312	347
			313	348
			313	349
			313	350
			313	351
			314	352
			314	353
			314	354
			314	355
			315	356
			315	357
			315	358
			315	359
			316	360
			316	361
			316	362
			316	363
			317	364
			317	365
			317	366
			317	367
			318	368
			318	369
			318	370
			318	371
			319	372
			319	373
			319	374
			319	375
			320	376
			320	377
			320	378
			320	379
			321	380
			321	381
			321	382
			321	383
			321	384
			322	385
			322	386
			322	387
			323	388
			323	389
			323	390
			323	391
			323	392
			324	393
			324	394
			324	395
			324	396
			325	397
			325	398
			325	399
			325	400
			325	401
			326	402
			326	403
			326	404
			326	405
			327	406
			327	407
			327	408
			327	409
			328	410
			328	411
			328	412
			328	413
			328	414
			329	415
			329	416
			329	417
			329	418
			329	419
			330	420
			330	421
			330	422
			330	423
			330	424
			331	425
			331	426
			331	427
			331	428
			332	429
			332	430
			332	431
			332	432
			332	433
			332	434
			333	435
			333	436
			333	437
			333	438
			334	439
			334	440
			334	441
			334	442
			335	443
			335	444
			335	445
			335	446
			336	447
			336	448
			336	449
			336	450
			337	451
			337	452
			337	453
			337	454
			338	454
			338	455
			338	456
			338	457
			339	458
			339	459
			339	460
			339	461
			340	462
			340	463
			340	464
			341	465
			341	466
			341	467
			342	468
			342	469
			342	470
			342	471
			343	472
			343	473
			343	474
			344	475
			344	476
			344	477
			344	478
			345	479
			345	480
			345	481
			346	482
			346	483
			346	484
			346	485
			347	485
			347	486
			347	487
			347	488
			348	489
			348	490
			348	491
			349	492
			349	493
			349	494
			350	495
			350	496
			350	497
			351	498
			351	499
			351	500
			352	501
			352	502
			352	503
			353	504
			353	505
			354	504
			355	503
			356	502
			356	501
			357	500
			357	499
			358	498
			358	497
			359	496
			359	495
			360	494
			360	493
			360	492
			360	491
			361	490
			361	489
			361	488
			361	487
			362	486
			362	485
			362	484
			362	483
			362	482
			362	481
			363	480
			363	479
			363	478
			363	477
			363	476
			363	475
			363	474
			363	473
			363	472
			363	471
			363	470
			363	469
			363	468
			363	467
			363	466
			363	465
			363	464
			363	463
			363	462
			363	461
			363	460
			363	459
			363	458
			363	457
			363	456
			363	455
			363	454
			363	453
			362	452
			362	451
			362	450
			362	449
			362	448
			362	447
			362	446
			362	445
			362	444
			362	443
			361	442
			361	441
			361	440
			361	439
			361	438
			361	437
			361	436
			361	435
			360	434
			360	433
			360	432
			360	431
			360	430
			360	429
			359	428
			359	427
			359	426
			359	425
			359	424
			359	423
			358	422
			358	421
			358	420
			358	419
			358	418
			357	417
			357	416
			357	415
			357	414
			357	413
			357	412
			356	411
			356	410
			356	409
			356	408
			356	407
			355	406
			355	405
			355	404
			355	403
			354	402
			354	401
			354	400
			354	399
			354	398
			353	397
			353	396
			353	395
			353	394
			352	393
			352	392
			352	391
			352	390
			351	389
			351	388
			351	387
			351	386
			351	385
			350	385
			350	384
			350	383
			350	382
			349	381
			349	380
			349	379
			349	378
			348	377
			348	376
			348	375
			348	374
			347	373
			347	372
			347	371
			347	370
			347	369
			347	368
			346	368
			346	367
			346	366
			346	365
			346	364
			346	363
			345	363
			345	362
			345	361
			345	360
			345	359
			345	358
			344	357
			344	356
			344	355
			344	354
			344	353
			344	352
			343	351
			343	350
			343	349
			343	348
			343	347
			342	346
			342	345
			342	344
			342	343
			341	342
			341	341
			341	340
			341	339
			341	338
			340	337
			340	336
			340	335
			340	334
			340	333
			339	332
			339	331
			339	330
			339	329
			338	328
			338	327
			338	326
			338	325
			338	324
			338	323
			337	323
			337	322
			337	321
			337	320
			337	319
			336	318
			336	317
			336	316
			336	315
			335	314
			335	313
			335	312
			335	311
			334	310
			334	309
			334	308
			334	307
			333	306
			333	305
			333	304
			333	303
			332	302
			332	301
			332	300
			332	299
			331	298
			331	297
			331	296
			331	295
			330	294
			330	293
			330	292
			329	291
			329	290
			329	289
			329	288
			328	288
			328	287
			328	286
			328	285
			327	284
			327	283
			327	282
			326	281
			326	280
			326	279
			325	278
			325	277
			325	276
			325	275
			324	274
			324	273
			323	272
			323	271
			323	270
			322	269
			322	268
			322	267
			321	266
			321	265
			321	264
			320	263
			320	262
			319	261
			319	260
			319	259
			318	258
			318	257
			317	256
			317	255
			317	254
			316	253
			316	252
			315	251
			315	250
			314	249
			314	248
			313	247
			313	246
			312	245
			312	244
			311	243
			311	242
			310	241
		</posterior>
	</curves.pixel>
	<curves.scaled type=list>
		<glabella type=matrix rownames=FALSE colnames=FALSE nrow=306 ncol=2 as.numeric=TRUE >
			1.95789473684211	-0.126315789473684
			1.97894736842105	-0.126315789473684
			2	-0.105263157894737
			2.02105263157895	-0.105263157894737
			2.04210526315789	-0.105263157894737
			2.06315789473684	-0.105263157894737
			2.08421052631579	-0.105263157894737
			2.10526315789474	-0.0842105263157895
			2.12631578947368	-0.0842105263157895
			2.14736842105263	-0.0842105263157895
			2.16842105263158	-0.0842105263157895
			2.18947368421053	-0.0842105263157895
			2.21052631578947	-0.0842105263157895
			2.23157894736842	-0.0842105263157895
			2.25263157894737	-0.0842105263157895
			2.27368421052632	-0.0842105263157895
			2.29473684210526	-0.0842105263157895
			2.31578947368421	-0.0842105263157895
			2.33684210526316	-0.0842105263157895
			2.35789473684211	-0.0842105263157895
			2.37894736842105	-0.0842105263157895
			2.4	-0.0842105263157895
			2.42105263157895	-0.0842105263157895
			2.44210526315789	-0.0842105263157895
			2.46315789473684	-0.0842105263157895
			2.48421052631579	-0.0842105263157895
			2.50526315789474	-0.105263157894737
			2.52631578947368	-0.105263157894737
			2.54736842105263	-0.105263157894737
			2.56842105263158	-0.105263157894737
			2.58947368421053	-0.126315789473684
			2.61052631578947	-0.126315789473684
			2.63157894736842	-0.126315789473684
			2.65263157894737	-0.126315789473684
			2.65263157894737	-0.147368421052632
			2.67368421052632	-0.147368421052632
			2.69473684210526	-0.147368421052632
			2.71578947368421	-0.168421052631579
			2.73684210526316	-0.168421052631579
			2.75789473684211	-0.189473684210526
			2.77894736842105	-0.189473684210526
			2.8	-0.210526315789474
			2.82105263157895	-0.231578947368421
			2.84210526315789	-0.231578947368421
			2.86315789473684	-0.252631578947368
			2.88421052631579	-0.273684210526316
			2.90526315789474	-0.273684210526316
			2.92631578947368	-0.294736842105263
			2.94736842105263	-0.315789473684211
			2.96842105263158	-0.315789473684211
			2.98947368421053	-0.336842105263158
			3.01052631578947	-0.357894736842105
			3.03157894736842	-0.378947368421053
			3.05263157894737	-0.4
			3.07368421052632	-0.421052631578947
			3.09473684210526	-0.442105263157895
			3.11578947368421	-0.463157894736842
			3.13684210526316	-0.484210526315789
			3.15789473684211	-0.505263157894737
			3.17894736842105	-0.526315789473684
			3.2	-0.547368421052632
			3.22105263157895	-0.568421052631579
			3.24210526315789	-0.589473684210526
			3.26315789473684	-0.610526315789474
			3.28421052631579	-0.631578947368421
			3.28421052631579	-0.652631578947368
			3.30526315789474	-0.652631578947368
			3.32631578947368	-0.673684210526316
			3.34736842105263	-0.694736842105263
			3.34736842105263	-0.715789473684211
			3.36842105263158	-0.736842105263158
			3.38947368421053	-0.757894736842105
			3.41052631578947	-0.778947368421053
			3.41052631578947	-0.8
			3.43157894736842	-0.821052631578947
			3.43157894736842	-0.842105263157895
			3.45263157894737	-0.863157894736842
			3.47368421052632	-0.884210526315789
			3.49473684210526	-0.905263157894737
			3.49473684210526	-0.926315789473684
			3.49473684210526	-0.947368421052632
			3.51578947368421	-0.947368421052632
			3.51578947368421	-0.968421052631579
			3.51578947368421	-0.989473684210526
			3.53684210526316	-1.01052631578947
			3.53684210526316	-1.03157894736842
			3.55789473684211	-1.05263157894737
			3.55789473684211	-1.07368421052632
			3.55789473684211	-1.09473684210526
			3.55789473684211	-1.11578947368421
			3.57894736842105	-1.11578947368421
			3.57894736842105	-1.13684210526316
			3.57894736842105	-1.15789473684211
			3.57894736842105	-1.17894736842105
			3.57894736842105	-1.2
			3.57894736842105	-1.22105263157895
			3.57894736842105	-1.24210526315789
			3.57894736842105	-1.26315789473684
			3.57894736842105	-1.28421052631579
			3.57894736842105	-1.30526315789474
			3.57894736842105	-1.32631578947368
			3.57894736842105	-1.34736842105263
			3.57894736842105	-1.36842105263158
			3.57894736842105	-1.38947368421053
			3.57894736842105	-1.41052631578947
			3.57894736842105	-1.43157894736842
			3.55789473684211	-1.45263157894737
			3.55789473684211	-1.47368421052632
			3.55789473684211	-1.49473684210526
			3.53684210526316	-1.51578947368421
			3.53684210526316	-1.53684210526316
			3.53684210526316	-1.55789473684211
			3.51578947368421	-1.57894736842105
			3.51578947368421	-1.6
			3.49473684210526	-1.62105263157895
			3.47368421052632	-1.64210526315789
			3.47368421052632	-1.66315789473684
			3.45263157894737	-1.68421052631579
			3.43157894736842	-1.70526315789474
			3.43157894736842	-1.72631578947368
			3.41052631578947	-1.74736842105263
			3.38947368421053	-1.76842105263158
			3.36842105263158	-1.78947368421053
			3.34736842105263	-1.78947368421053
			3.34736842105263	-1.81052631578947
			3.32631578947368	-1.83157894736842
			3.30526315789474	-1.83157894736842
			3.30526315789474	-1.85263157894737
			3.28421052631579	-1.87368421052632
			3.26315789473684	-1.89473684210526
			3.24210526315789	-1.91578947368421
			3.24210526315789	-1.93684210526316
			3.24210526315789	-1.95789473684211
			3.22105263157895	-1.97894736842105
			3.22105263157895	-2
			3.22105263157895	-2.02105263157895
			3.2	-2.02105263157895
			3.2	-2.04210526315789
			3.2	-2.06315789473684
			3.2	-2.08421052631579
			3.2	-2.10526315789474
			3.2	-2.12631578947368
			3.2	-2.14736842105263
			3.2	-2.16842105263158
			3.22105263157895	-2.18947368421053
			3.22105263157895	-2.21052631578947
			3.22105263157895	-2.23157894736842
			3.22105263157895	-2.25263157894737
			3.24210526315789	-2.27368421052632
			3.24210526315789	-2.29473684210526
			3.26315789473684	-2.31578947368421
			3.26315789473684	-2.33684210526316
			3.28421052631579	-2.33684210526316
			3.28421052631579	-2.35789473684211
			3.30526315789474	-2.37894736842105
			3.30526315789474	-2.4
			3.30526315789474	-2.42105263157895
			3.32631578947368	-2.44210526315789
			3.32631578947368	-2.46315789473684
			3.32631578947368	-2.48421052631579
			3.34736842105263	-2.50526315789474
			3.34736842105263	-2.52631578947368
			3.34736842105263	-2.54736842105263
			3.34736842105263	-2.56842105263158
			3.34736842105263	-2.58947368421053
			3.34736842105263	-2.61052631578947
			3.34736842105263	-2.63157894736842
			3.34736842105263	-2.65263157894737
			3.34736842105263	-2.67368421052632
			3.34736842105263	-2.69473684210526
			3.34736842105263	-2.71578947368421
			3.34736842105263	-2.73684210526316
			3.34736842105263	-2.75789473684211
			3.32631578947368	-2.77894736842105
			3.32631578947368	-2.8
			3.32631578947368	-2.82105263157895
			3.32631578947368	-2.84210526315789
			3.30526315789474	-2.86315789473684
			3.30526315789474	-2.88421052631579
			3.30526315789474	-2.90526315789474
			3.28421052631579	-2.92631578947368
			3.28421052631579	-2.94736842105263
			3.26315789473684	-2.96842105263158
			3.26315789473684	-2.98947368421053
			3.26315789473684	-3.01052631578947
			3.24210526315789	-3.03157894736842
			3.24210526315789	-3.05263157894737
			3.22105263157895	-3.07368421052632
			3.22105263157895	-3.09473684210526
			3.2	-3.11578947368421
			3.2	-3.13684210526316
			3.17894736842105	-3.15789473684211
			3.17894736842105	-3.17894736842105
			3.17894736842105	-3.2
			3.15789473684211	-3.2
			3.15789473684211	-3.22105263157895
			3.13684210526316	-3.24210526315789
			3.11578947368421	-3.26315789473684
			3.11578947368421	-3.28421052631579
			3.09473684210526	-3.30526315789474
			3.09473684210526	-3.32631578947368
			3.07368421052632	-3.34736842105263
			3.07368421052632	-3.36842105263158
			3.05263157894737	-3.38947368421053
			3.03157894736842	-3.38947368421053
			3.03157894736842	-3.41052631578947
			3.03157894736842	-3.43157894736842
			3.01052631578947	-3.43157894736842
			3.01052631578947	-3.45263157894737
			3.01052631578947	-3.47368421052632
			2.98947368421053	-3.49473684210526
			2.98947368421053	-3.51578947368421
			2.98947368421053	-3.53684210526316
			2.96842105263158	-3.55789473684211
			2.96842105263158	-3.57894736842105
			2.94736842105263	-3.6
			2.94736842105263	-3.62105263157895
			2.92631578947368	-3.64210526315789
			2.92631578947368	-3.66315789473684
			2.90526315789474	-3.68421052631579
			2.90526315789474	-3.70526315789474
			2.90526315789474	-3.72631578947368
			2.88421052631579	-3.74736842105263
			2.88421052631579	-3.76842105263158
			2.86315789473684	-3.78947368421053
			2.86315789473684	-3.81052631578947
			2.84210526315789	-3.83157894736842
			2.84210526315789	-3.85263157894737
			2.82105263157895	-3.87368421052632
			2.82105263157895	-3.89473684210526
			2.8	-3.89473684210526
			2.8	-3.91578947368421
			2.77894736842105	-3.93684210526316
			2.77894736842105	-3.95789473684211
			2.77894736842105	-3.97894736842105
			2.75789473684211	-4
			2.75789473684211	-4.02105263157895
			2.73684210526316	-4.04210526315789
			2.71578947368421	-4.06315789473684
			2.71578947368421	-4.08421052631579
			2.69473684210526	-4.10526315789474
			2.67368421052632	-4.12631578947368
			2.67368421052632	-4.14736842105263
			2.67368421052632	-4.16842105263158
			2.67368421052632	-4.18947368421053
			2.69473684210526	-4.21052631578947
			2.69473684210526	-4.23157894736842
			2.69473684210526	-4.25263157894737
			2.69473684210526	-4.27368421052632
			2.69473684210526	-4.29473684210526
			2.69473684210526	-4.31578947368421
			2.69473684210526	-4.33684210526316
			2.67368421052632	-4.35789473684211
			2.67368421052632	-4.37894736842105
			2.65263157894737	-4.4
			2.63157894736842	-4.42105263157895
			2.61052631578947	-4.44210526315789
			2.58947368421053	-4.46315789473684
			2.56842105263158	-4.46315789473684
			2.54736842105263	-4.46315789473684
			2.52631578947368	-4.48421052631579
			2.50526315789474	-4.48421052631579
			2.52631578947368	-4.50526315789474
			2.54736842105263	-4.50526315789474
			2.56842105263158	-4.50526315789474
			2.58947368421053	-4.52631578947368
			2.61052631578947	-4.52631578947368
			2.63157894736842	-4.54736842105263
			2.65263157894737	-4.54736842105263
			2.67368421052632	-4.56842105263158
			2.69473684210526	-4.56842105263158
			2.69473684210526	-4.58947368421053
			2.71578947368421	-4.58947368421053
			2.73684210526316	-4.61052631578947
			2.75789473684211	-4.61052631578947
			2.75789473684211	-4.63157894736842
			2.77894736842105	-4.63157894736842
			2.77894736842105	-4.65263157894737
			2.8	-4.65263157894737
			2.82105263157895	-4.67368421052632
			2.84210526315789	-4.69473684210526
			2.84210526315789	-4.71578947368421
			2.86315789473684	-4.73684210526316
			2.88421052631579	-4.7578947368421
			2.88421052631579	-4.77894736842105
			2.90526315789474	-4.8
			2.90526315789474	-4.82105263157895
			2.90526315789474	-4.84210526315789
			2.90526315789474	-4.86315789473684
			2.90526315789474	-4.88421052631579
			2.90526315789474	-4.90526315789474
			2.90526315789474	-4.92631578947368
			2.90526315789474	-4.94736842105263
			2.90526315789474	-4.96842105263158
			2.88421052631579	-4.98947368421053
			2.88421052631579	-5.01052631578947
			2.86315789473684	-5.03157894736842
			2.86315789473684	-5.05263157894737
			2.84210526315789	-5.05263157894737
			2.84210526315789	-5.07368421052632
			2.82105263157895	-5.09473684210526
			2.8	-5.11578947368421
			2.77894736842105	-5.13684210526316
			2.77894736842105	-5.15789473684211
			2.75789473684211	-5.17894736842105
			2.73684210526316	-5.2
		</glabella>
		<suture type=matrix rownames=FALSE colnames=FALSE nrow=437 ncol=2 as.numeric=TRUE >
			1.95789473684211	-0.0631578947368421
			1.97894736842105	-0.0631578947368421
			2	-0.0631578947368421
			2.02105263157895	-0.0631578947368421
			2.04210526315789	-0.0631578947368421
			2.06315789473684	-0.0631578947368421
			2.08421052631579	-0.0631578947368421
			2.10526315789474	-0.0631578947368421
			2.10526315789474	-0.0842105263157895
			2.12631578947368	-0.0842105263157895
			2.14736842105263	-0.0842105263157895
			2.16842105263158	-0.0842105263157895
			2.18947368421053	-0.0842105263157895
			2.21052631578947	-0.0842105263157895
			2.23157894736842	-0.0842105263157895
			2.25263157894737	-0.0842105263157895
			2.27368421052632	-0.0842105263157895
			2.29473684210526	-0.105263157894737
			2.31578947368421	-0.105263157894737
			2.33684210526316	-0.105263157894737
			2.35789473684211	-0.105263157894737
			2.37894736842105	-0.105263157894737
			2.4	-0.105263157894737
			2.42105263157895	-0.126315789473684
			2.44210526315789	-0.126315789473684
			2.46315789473684	-0.126315789473684
			2.48421052631579	-0.126315789473684
			2.50526315789474	-0.126315789473684
			2.52631578947368	-0.147368421052632
			2.54736842105263	-0.147368421052632
			2.56842105263158	-0.147368421052632
			2.58947368421053	-0.147368421052632
			2.61052631578947	-0.168421052631579
			2.63157894736842	-0.168421052631579
			2.65263157894737	-0.168421052631579
			2.67368421052632	-0.189473684210526
			2.69473684210526	-0.189473684210526
			2.71578947368421	-0.189473684210526
			2.73684210526316	-0.210526315789474
			2.75789473684211	-0.210526315789474
			2.77894736842105	-0.231578947368421
			2.8	-0.231578947368421
			2.82105263157895	-0.231578947368421
			2.84210526315789	-0.252631578947368
			2.86315789473684	-0.252631578947368
			2.88421052631579	-0.273684210526316
			2.90526315789474	-0.273684210526316
			2.92631578947368	-0.273684210526316
			2.94736842105263	-0.294736842105263
			2.96842105263158	-0.294736842105263
			2.96842105263158	-0.315789473684211
			2.98947368421053	-0.315789473684211
			3.01052631578947	-0.336842105263158
			3.03157894736842	-0.336842105263158
			3.05263157894737	-0.357894736842105
			3.07368421052632	-0.378947368421053
			3.09473684210526	-0.378947368421053
			3.11578947368421	-0.4
			3.13684210526316	-0.421052631578947
			3.15789473684211	-0.421052631578947
			3.17894736842105	-0.442105263157895
			3.17894736842105	-0.463157894736842
			3.2	-0.463157894736842
			3.22105263157895	-0.484210526315789
			3.24210526315789	-0.505263157894737
			3.24210526315789	-0.526315789473684
			3.26315789473684	-0.526315789473684
			3.28421052631579	-0.547368421052632
			3.30526315789474	-0.568421052631579
			3.30526315789474	-0.589473684210526
			3.32631578947368	-0.589473684210526
			3.34736842105263	-0.610526315789474
			3.34736842105263	-0.631578947368421
			3.36842105263158	-0.652631578947368
			3.36842105263158	-0.673684210526316
			3.38947368421053	-0.694736842105263
			3.38947368421053	-0.715789473684211
			3.41052631578947	-0.715789473684211
			3.41052631578947	-0.736842105263158
			3.43157894736842	-0.757894736842105
			3.43157894736842	-0.778947368421053
			3.45263157894737	-0.8
			3.45263157894737	-0.821052631578947
			3.47368421052632	-0.842105263157895
			3.47368421052632	-0.863157894736842
			3.49473684210526	-0.884210526315789
			3.49473684210526	-0.905263157894737
			3.49473684210526	-0.926315789473684
			3.51578947368421	-0.947368421052632
			3.51578947368421	-0.968421052631579
			3.51578947368421	-0.989473684210526
			3.51578947368421	-1.01052631578947
			3.53684210526316	-1.03157894736842
			3.53684210526316	-1.05263157894737
			3.53684210526316	-1.07368421052632
			3.53684210526316	-1.09473684210526
			3.53684210526316	-1.11578947368421
			3.55789473684211	-1.13684210526316
			3.55789473684211	-1.15789473684211
			3.55789473684211	-1.17894736842105
			3.55789473684211	-1.2
			3.55789473684211	-1.22105263157895
			3.55789473684211	-1.24210526315789
			3.55789473684211	-1.26315789473684
			3.55789473684211	-1.28421052631579
			3.55789473684211	-1.30526315789474
			3.55789473684211	-1.32631578947368
			3.55789473684211	-1.34736842105263
			3.55789473684211	-1.36842105263158
			3.55789473684211	-1.38947368421053
			3.55789473684211	-1.41052631578947
			3.55789473684211	-1.43157894736842
			3.55789473684211	-1.45263157894737
			3.55789473684211	-1.47368421052632
			3.55789473684211	-1.49473684210526
			3.55789473684211	-1.51578947368421
			3.55789473684211	-1.53684210526316
			3.55789473684211	-1.55789473684211
			3.55789473684211	-1.57894736842105
			3.55789473684211	-1.6
			3.55789473684211	-1.62105263157895
			3.55789473684211	-1.64210526315789
			3.53684210526316	-1.66315789473684
			3.53684210526316	-1.68421052631579
			3.53684210526316	-1.70526315789474
			3.53684210526316	-1.72631578947368
			3.53684210526316	-1.74736842105263
			3.53684210526316	-1.76842105263158
			3.53684210526316	-1.78947368421053
			3.51578947368421	-1.81052631578947
			3.51578947368421	-1.83157894736842
			3.51578947368421	-1.85263157894737
			3.53684210526316	-1.85263157894737
			3.55789473684211	-1.87368421052632
			3.57894736842105	-1.87368421052632
			3.6	-1.89473684210526
			3.62105263157895	-1.89473684210526
			3.64210526315789	-1.89473684210526
			3.66315789473684	-1.91578947368421
			3.68421052631579	-1.91578947368421
			3.70526315789474	-1.91578947368421
			3.70526315789474	-1.93684210526316
			3.72631578947368	-1.93684210526316
			3.74736842105263	-1.93684210526316
			3.74736842105263	-1.95789473684211
			3.76842105263158	-1.95789473684211
			3.78947368421053	-1.95789473684211
			3.81052631578947	-1.97894736842105
			3.83157894736842	-1.97894736842105
			3.85263157894737	-2
			3.87368421052632	-2
			3.89473684210526	-2.02105263157895
			3.91578947368421	-2.02105263157895
			3.93684210526316	-2.04210526315789
			3.95789473684211	-2.04210526315789
			3.97894736842105	-2.06315789473684
			4	-2.08421052631579
			4.02105263157895	-2.08421052631579
			4.04210526315789	-2.10526315789474
			4.06315789473684	-2.10526315789474
			4.08421052631579	-2.12631578947368
			4.10526315789474	-2.12631578947368
			4.12631578947368	-2.14736842105263
			4.14736842105263	-2.16842105263158
			4.16842105263158	-2.16842105263158
			4.18947368421053	-2.18947368421053
			4.21052631578947	-2.18947368421053
			4.23157894736842	-2.21052631578947
			4.25263157894737	-2.23157894736842
			4.27368421052632	-2.23157894736842
			4.29473684210526	-2.25263157894737
			4.31578947368421	-2.25263157894737
			4.33684210526316	-2.27368421052632
			4.35789473684211	-2.29473684210526
			4.37894736842105	-2.29473684210526
			4.4	-2.31578947368421
			4.42105263157895	-2.33684210526316
			4.44210526315789	-2.33684210526316
			4.46315789473684	-2.35789473684211
			4.48421052631579	-2.37894736842105
			4.50526315789474	-2.37894736842105
			4.52631578947368	-2.4
			4.54736842105263	-2.42105263157895
			4.56842105263158	-2.42105263157895
			4.58947368421053	-2.44210526315789
			4.61052631578947	-2.46315789473684
			4.63157894736842	-2.48421052631579
			4.63157894736842	-2.50526315789474
			4.65263157894737	-2.52631578947368
			4.67368421052632	-2.54736842105263
			4.67368421052632	-2.56842105263158
			4.69473684210526	-2.56842105263158
			4.69473684210526	-2.58947368421053
			4.71578947368421	-2.61052631578947
			4.71578947368421	-2.63157894736842
			4.73684210526316	-2.63157894736842
			4.73684210526316	-2.65263157894737
			4.7578947368421	-2.67368421052632
			4.7578947368421	-2.69473684210526
			4.77894736842105	-2.71578947368421
			4.8	-2.73684210526316
			4.8	-2.75789473684211
			4.82105263157895	-2.77894736842105
			4.82105263157895	-2.8
			4.84210526315789	-2.82105263157895
			4.84210526315789	-2.84210526315789
			4.84210526315789	-2.86315789473684
			4.86315789473684	-2.88421052631579
			4.88421052631579	-2.90526315789474
			4.88421052631579	-2.92631578947368
			4.88421052631579	-2.94736842105263
			4.88421052631579	-2.96842105263158
			4.90526315789474	-2.98947368421053
			4.90526315789474	-3.01052631578947
			4.90526315789474	-3.03157894736842
			4.92631578947368	-3.05263157894737
			4.92631578947368	-3.07368421052632
			4.92631578947368	-3.09473684210526
			4.92631578947368	-3.11578947368421
			4.94736842105263	-3.13684210526316
			4.94736842105263	-3.15789473684211
			4.94736842105263	-3.17894736842105
			4.94736842105263	-3.2
			4.94736842105263	-3.22105263157895
			4.94736842105263	-3.24210526315789
			4.94736842105263	-3.26315789473684
			4.94736842105263	-3.28421052631579
			4.94736842105263	-3.30526315789474
			4.94736842105263	-3.32631578947368
			4.94736842105263	-3.34736842105263
			4.94736842105263	-3.36842105263158
			4.94736842105263	-3.38947368421053
			4.94736842105263	-3.41052631578947
			4.94736842105263	-3.43157894736842
			4.94736842105263	-3.45263157894737
			4.94736842105263	-3.47368421052632
			4.94736842105263	-3.49473684210526
			4.92631578947368	-3.51578947368421
			4.92631578947368	-3.53684210526316
			4.92631578947368	-3.55789473684211
			4.92631578947368	-3.57894736842105
			4.90526315789474	-3.6
			4.90526315789474	-3.62105263157895
			4.90526315789474	-3.64210526315789
			4.90526315789474	-3.66315789473684
			4.88421052631579	-3.68421052631579
			4.86315789473684	-3.70526315789474
			4.84210526315789	-3.72631578947368
			4.84210526315789	-3.74736842105263
			4.82105263157895	-3.76842105263158
			4.8	-3.78947368421053
			4.77894736842105	-3.81052631578947
			4.7578947368421	-3.83157894736842
			4.73684210526316	-3.85263157894737
			4.71578947368421	-3.87368421052632
			4.69473684210526	-3.89473684210526
			4.67368421052632	-3.91578947368421
			4.65263157894737	-3.93684210526316
			4.63157894736842	-3.95789473684211
			4.61052631578947	-3.97894736842105
			4.58947368421053	-3.97894736842105
			4.56842105263158	-4
			4.54736842105263	-4.02105263157895
			4.52631578947368	-4.04210526315789
			4.50526315789474	-4.06315789473684
			4.48421052631579	-4.06315789473684
			4.46315789473684	-4.08421052631579
			4.44210526315789	-4.10526315789474
			4.42105263157895	-4.10526315789474
			4.4	-4.12631578947368
			4.37894736842105	-4.14736842105263
			4.35789473684211	-4.14736842105263
			4.33684210526316	-4.16842105263158
			4.31578947368421	-4.16842105263158
			4.29473684210526	-4.18947368421053
			4.27368421052632	-4.21052631578947
			4.25263157894737	-4.21052631578947
			4.23157894736842	-4.23157894736842
			4.21052631578947	-4.23157894736842
			4.18947368421053	-4.25263157894737
			4.16842105263158	-4.25263157894737
			4.14736842105263	-4.27368421052632
			4.12631578947368	-4.27368421052632
			4.10526315789474	-4.29473684210526
			4.08421052631579	-4.29473684210526
			4.06315789473684	-4.31578947368421
			4.04210526315789	-4.31578947368421
			4.02105263157895	-4.33684210526316
			4	-4.33684210526316
			3.97894736842105	-4.35789473684211
			3.95789473684211	-4.35789473684211
			3.93684210526316	-4.37894736842105
			3.91578947368421	-4.37894736842105
			3.89473684210526	-4.37894736842105
			3.87368421052632	-4.4
			3.85263157894737	-4.4
			3.83157894736842	-4.42105263157895
			3.81052631578947	-4.42105263157895
			3.81052631578947	-4.44210526315789
			3.83157894736842	-4.46315789473684
			3.83157894736842	-4.48421052631579
			3.83157894736842	-4.50526315789474
			3.85263157894737	-4.52631578947368
			3.85263157894737	-4.54736842105263
			3.87368421052632	-4.56842105263158
			3.89473684210526	-4.58947368421053
			3.89473684210526	-4.61052631578947
			3.91578947368421	-4.63157894736842
			3.93684210526316	-4.65263157894737
			3.95789473684211	-4.65263157894737
			3.97894736842105	-4.67368421052632
			4	-4.69473684210526
			4.02105263157895	-4.71578947368421
			4.04210526315789	-4.71578947368421
			4.06315789473684	-4.73684210526316
			4.08421052631579	-4.73684210526316
			4.10526315789474	-4.7578947368421
			4.12631578947368	-4.7578947368421
			4.14736842105263	-4.77894736842105
			4.16842105263158	-4.77894736842105
			4.18947368421053	-4.77894736842105
			4.21052631578947	-4.8
			4.23157894736842	-4.8
			4.25263157894737	-4.8
			4.27368421052632	-4.8
			4.29473684210526	-4.82105263157895
			4.31578947368421	-4.82105263157895
			4.33684210526316	-4.82105263157895
			4.35789473684211	-4.82105263157895
			4.37894736842105	-4.82105263157895
			4.4	-4.82105263157895
			4.42105263157895	-4.82105263157895
			4.44210526315789	-4.82105263157895
			4.46315789473684	-4.82105263157895
			4.48421052631579	-4.82105263157895
			4.50526315789474	-4.82105263157895
			4.52631578947368	-4.82105263157895
			4.54736842105263	-4.82105263157895
			4.56842105263158	-4.82105263157895
			4.58947368421053	-4.82105263157895
			4.61052631578947	-4.8
			4.63157894736842	-4.8
			4.65263157894737	-4.8
			4.67368421052632	-4.77894736842105
			4.69473684210526	-4.77894736842105
			4.71578947368421	-4.77894736842105
			4.73684210526316	-4.77894736842105
			4.73684210526316	-4.7578947368421
			4.7578947368421	-4.7578947368421
			4.77894736842105	-4.7578947368421
			4.8	-4.73684210526316
			4.82105263157895	-4.73684210526316
			4.84210526315789	-4.73684210526316
			4.86315789473684	-4.71578947368421
			4.88421052631579	-4.71578947368421
			4.90526315789474	-4.69473684210526
			4.92631578947368	-4.69473684210526
			4.94736842105263	-4.67368421052632
			4.96842105263158	-4.67368421052632
			4.98947368421053	-4.65263157894737
			5.01052631578947	-4.65263157894737
			5.01052631578947	-4.63157894736842
			5.03157894736842	-4.63157894736842
			5.05263157894737	-4.63157894736842
			5.05263157894737	-4.61052631578947
			5.07368421052632	-4.61052631578947
			5.09473684210526	-4.61052631578947
			5.09473684210526	-4.58947368421053
			5.11578947368421	-4.58947368421053
			5.13684210526316	-4.56842105263158
			5.15789473684211	-4.56842105263158
			5.17894736842105	-4.54736842105263
			5.2	-4.52631578947368
			5.22105263157895	-4.52631578947368
			5.2421052631579	-4.50526315789474
			5.2421052631579	-4.48421052631579
			5.26315789473684	-4.48421052631579
			5.26315789473684	-4.46315789473684
			5.28421052631579	-4.46315789473684
			5.28421052631579	-4.44210526315789
			5.30526315789474	-4.44210526315789
			5.30526315789474	-4.42105263157895
			5.32631578947368	-4.42105263157895
			5.32631578947368	-4.4
			5.34736842105263	-4.37894736842105
			5.36842105263158	-4.35789473684211
			5.36842105263158	-4.33684210526316
			5.38947368421053	-4.31578947368421
			5.41052631578947	-4.29473684210526
			5.43157894736842	-4.27368421052632
			5.45263157894737	-4.25263157894737
			5.45263157894737	-4.23157894736842
			5.47368421052632	-4.21052631578947
			5.49473684210526	-4.21052631578947
			5.51578947368421	-4.18947368421053
			5.51578947368421	-4.16842105263158
			5.53684210526316	-4.14736842105263
			5.5578947368421	-4.14736842105263
			5.57894736842105	-4.14736842105263
			5.6	-4.12631578947368
			5.62105263157895	-4.12631578947368
			5.64210526315789	-4.12631578947368
			5.66315789473684	-4.12631578947368
			5.68421052631579	-4.14736842105263
			5.70526315789474	-4.14736842105263
			5.72631578947368	-4.14736842105263
			5.74736842105263	-4.14736842105263
			5.76842105263158	-4.14736842105263
			5.78947368421053	-4.16842105263158
			5.81052631578947	-4.16842105263158
			5.83157894736842	-4.16842105263158
			5.85263157894737	-4.18947368421053
			5.87368421052632	-4.18947368421053
			5.89473684210526	-4.18947368421053
			5.91578947368421	-4.21052631578947
			5.93684210526316	-4.21052631578947
			5.95789473684211	-4.23157894736842
			5.97894736842105	-4.23157894736842
			6	-4.25263157894737
			6.02105263157895	-4.27368421052632
			6.04210526315789	-4.27368421052632
			6.06315789473684	-4.29473684210526
			6.08421052631579	-4.31578947368421
			6.10526315789474	-4.31578947368421
			6.12631578947368	-4.33684210526316
			6.14736842105263	-4.35789473684211
			6.16842105263158	-4.35789473684211
			6.18947368421053	-4.37894736842105
			6.21052631578947	-4.4
			6.23157894736842	-4.42105263157895
			6.25263157894737	-4.42105263157895
			6.27368421052632	-4.44210526315789
			6.29473684210526	-4.46315789473684
			6.31578947368421	-4.46315789473684
			6.33684210526316	-4.48421052631579
			6.35789473684211	-4.50526315789474
			6.37894736842105	-4.52631578947368
		</suture>
		<anterior type=matrix rownames=FALSE colnames=FALSE nrow=312 ncol=2 as.numeric=TRUE >
			1.93684210526316	-0.0210526315789474
			1.95789473684211	-0.0210526315789474
			1.97894736842105	-0.0210526315789474
			2	-0.0210526315789474
			2.02105263157895	-0.0210526315789474
			2.04210526315789	-0.0210526315789474
			2.06315789473684	-0.0210526315789474
			2.08421052631579	-0.0210526315789474
			2.10526315789474	-0.0210526315789474
			2.12631578947368	-0.0210526315789474
			2.14736842105263	-0.0421052631578947
			2.16842105263158	-0.0421052631578947
			2.18947368421053	-0.0421052631578947
			2.21052631578947	-0.0421052631578947
			2.23157894736842	-0.0421052631578947
			2.25263157894737	-0.0421052631578947
			2.27368421052632	-0.0421052631578947
			2.29473684210526	-0.0631578947368421
			2.31578947368421	-0.0631578947368421
			2.33684210526316	-0.0631578947368421
			2.35789473684211	-0.0631578947368421
			2.37894736842105	-0.0631578947368421
			2.4	-0.0631578947368421
			2.42105263157895	-0.0842105263157895
			2.44210526315789	-0.0842105263157895
			2.46315789473684	-0.0842105263157895
			2.48421052631579	-0.0842105263157895
			2.50526315789474	-0.105263157894737
			2.52631578947368	-0.105263157894737
			2.54736842105263	-0.105263157894737
			2.56842105263158	-0.105263157894737
			2.58947368421053	-0.126315789473684
			2.61052631578947	-0.126315789473684
			2.63157894736842	-0.126315789473684
			2.65263157894737	-0.126315789473684
			2.67368421052632	-0.147368421052632
			2.69473684210526	-0.147368421052632
			2.71578947368421	-0.147368421052632
			2.73684210526316	-0.168421052631579
			2.75789473684211	-0.168421052631579
			2.77894736842105	-0.168421052631579
			2.8	-0.189473684210526
			2.82105263157895	-0.189473684210526
			2.84210526315789	-0.189473684210526
			2.86315789473684	-0.210526315789474
			2.88421052631579	-0.210526315789474
			2.90526315789474	-0.231578947368421
			2.92631578947368	-0.231578947368421
			2.94736842105263	-0.231578947368421
			2.96842105263158	-0.252631578947368
			2.98947368421053	-0.252631578947368
			3.01052631578947	-0.273684210526316
			3.03157894736842	-0.273684210526316
			3.05263157894737	-0.294736842105263
			3.07368421052632	-0.294736842105263
			3.09473684210526	-0.294736842105263
			3.11578947368421	-0.315789473684211
			3.13684210526316	-0.315789473684211
			3.15789473684211	-0.336842105263158
			3.17894736842105	-0.336842105263158
			3.17894736842105	-0.357894736842105
			3.2	-0.357894736842105
			3.22105263157895	-0.378947368421053
			3.24210526315789	-0.378947368421053
			3.26315789473684	-0.378947368421053
			3.28421052631579	-0.4
			3.30526315789474	-0.4
			3.30526315789474	-0.421052631578947
			3.32631578947368	-0.421052631578947
			3.34736842105263	-0.442105263157895
			3.36842105263158	-0.442105263157895
			3.38947368421053	-0.463157894736842
			3.41052631578947	-0.463157894736842
			3.43157894736842	-0.484210526315789
			3.45263157894737	-0.484210526315789
			3.45263157894737	-0.505263157894737
			3.47368421052632	-0.526315789473684
			3.49473684210526	-0.526315789473684
			3.51578947368421	-0.547368421052632
			3.53684210526316	-0.547368421052632
			3.55789473684211	-0.568421052631579
			3.57894736842105	-0.568421052631579
			3.6	-0.589473684210526
			3.6	-0.610526315789474
			3.62105263157895	-0.610526315789474
			3.64210526315789	-0.631578947368421
			3.66315789473684	-0.631578947368421
			3.68421052631579	-0.652631578947368
			3.70526315789474	-0.673684210526316
			3.72631578947368	-0.673684210526316
			3.74736842105263	-0.694736842105263
			3.76842105263158	-0.715789473684211
			3.78947368421053	-0.736842105263158
			3.81052631578947	-0.757894736842105
			3.83157894736842	-0.757894736842105
			3.85263157894737	-0.778947368421053
			3.87368421052632	-0.8
			3.89473684210526	-0.821052631578947
			3.91578947368421	-0.821052631578947
			3.91578947368421	-0.842105263157895
			3.93684210526316	-0.842105263157895
			3.95789473684211	-0.863157894736842
			3.97894736842105	-0.884210526315789
			4	-0.905263157894737
			4.02105263157895	-0.926315789473684
			4.04210526315789	-0.926315789473684
			4.06315789473684	-0.947368421052632
			4.08421052631579	-0.968421052631579
			4.10526315789474	-0.989473684210526
			4.12631578947368	-1.01052631578947
			4.14736842105263	-1.03157894736842
			4.16842105263158	-1.03157894736842
			4.18947368421053	-1.05263157894737
			4.21052631578947	-1.07368421052632
			4.23157894736842	-1.09473684210526
			4.23157894736842	-1.11578947368421
			4.25263157894737	-1.13684210526316
			4.27368421052632	-1.13684210526316
			4.29473684210526	-1.15789473684211
			4.31578947368421	-1.17894736842105
			4.33684210526316	-1.2
			4.35789473684211	-1.22105263157895
			4.37894736842105	-1.24210526315789
			4.4	-1.26315789473684
			4.42105263157895	-1.26315789473684
			4.42105263157895	-1.28421052631579
			4.44210526315789	-1.30526315789474
			4.46315789473684	-1.32631578947368
			4.48421052631579	-1.34736842105263
			4.50526315789474	-1.36842105263158
			4.52631578947368	-1.38947368421053
			4.54736842105263	-1.41052631578947
			4.56842105263158	-1.43157894736842
			4.58947368421053	-1.45263157894737
			4.61052631578947	-1.47368421052632
			4.63157894736842	-1.49473684210526
			4.63157894736842	-1.51578947368421
			4.65263157894737	-1.53684210526316
			4.67368421052632	-1.55789473684211
			4.69473684210526	-1.57894736842105
			4.71578947368421	-1.6
			4.73684210526316	-1.62105263157895
			4.7578947368421	-1.64210526315789
			4.77894736842105	-1.66315789473684
			4.8	-1.68421052631579
			4.82105263157895	-1.70526315789474
			4.82105263157895	-1.72631578947368
			4.84210526315789	-1.74736842105263
			4.86315789473684	-1.76842105263158
			4.88421052631579	-1.76842105263158
			4.90526315789474	-1.78947368421053
			4.90526315789474	-1.81052631578947
			4.92631578947368	-1.83157894736842
			4.94736842105263	-1.85263157894737
			4.96842105263158	-1.87368421052632
			4.96842105263158	-1.89473684210526
			4.98947368421053	-1.91578947368421
			5.01052631578947	-1.93684210526316
			5.03157894736842	-1.93684210526316
			5.03157894736842	-1.95789473684211
			5.05263157894737	-1.97894736842105
			5.07368421052632	-2
			5.09473684210526	-2.02105263157895
			5.09473684210526	-2.04210526315789
			5.11578947368421	-2.06315789473684
			5.13684210526316	-2.08421052631579
			5.13684210526316	-2.10526315789474
			5.15789473684211	-2.12631578947368
			5.17894736842105	-2.12631578947368
			5.2	-2.14736842105263
			5.2	-2.16842105263158
			5.22105263157895	-2.18947368421053
			5.2421052631579	-2.21052631578947
			5.2421052631579	-2.23157894736842
			5.26315789473684	-2.25263157894737
			5.28421052631579	-2.27368421052632
			5.28421052631579	-2.29473684210526
			5.30526315789474	-2.31578947368421
			5.32631578947368	-2.33684210526316
			5.34736842105263	-2.35789473684211
			5.36842105263158	-2.37894736842105
			5.36842105263158	-2.4
			5.38947368421053	-2.42105263157895
			5.41052631578947	-2.44210526315789
			5.43157894736842	-2.46315789473684
			5.43157894736842	-2.48421052631579
			5.45263157894737	-2.50526315789474
			5.45263157894737	-2.52631578947368
			5.47368421052632	-2.54736842105263
			5.49473684210526	-2.56842105263158
			5.49473684210526	-2.58947368421053
			5.51578947368421	-2.61052631578947
			5.53684210526316	-2.63157894736842
			5.53684210526316	-2.65263157894737
			5.5578947368421	-2.67368421052632
			5.5578947368421	-2.69473684210526
			5.57894736842105	-2.71578947368421
			5.6	-2.73684210526316
			5.6	-2.75789473684211
			5.62105263157895	-2.77894736842105
			5.62105263157895	-2.8
			5.64210526315789	-2.82105263157895
			5.66315789473684	-2.84210526315789
			5.66315789473684	-2.86315789473684
			5.68421052631579	-2.88421052631579
			5.68421052631579	-2.90526315789474
			5.70526315789474	-2.92631578947368
			5.70526315789474	-2.94736842105263
			5.72631578947368	-2.96842105263158
			5.74736842105263	-2.98947368421053
			5.74736842105263	-3.01052631578947
			5.76842105263158	-3.03157894736842
			5.76842105263158	-3.05263157894737
			5.78947368421053	-3.07368421052632
			5.78947368421053	-3.09473684210526
			5.81052631578947	-3.11578947368421
			5.81052631578947	-3.13684210526316
			5.83157894736842	-3.15789473684211
			5.83157894736842	-3.17894736842105
			5.85263157894737	-3.2
			5.85263157894737	-3.22105263157895
			5.87368421052632	-3.24210526315789
			5.87368421052632	-3.26315789473684
			5.89473684210526	-3.28421052631579
			5.89473684210526	-3.30526315789474
			5.91578947368421	-3.32631578947368
			5.91578947368421	-3.34736842105263
			5.93684210526316	-3.36842105263158
			5.93684210526316	-3.38947368421053
			5.95789473684211	-3.41052631578947
			5.95789473684211	-3.43157894736842
			5.95789473684211	-3.45263157894737
			5.97894736842105	-3.47368421052632
			5.97894736842105	-3.49473684210526
			6	-3.51578947368421
			6	-3.53684210526316
			6.02105263157895	-3.55789473684211
			6.02105263157895	-3.57894736842105
			6.04210526315789	-3.6
			6.04210526315789	-3.62105263157895
			6.04210526315789	-3.64210526315789
			6.06315789473684	-3.66315789473684
			6.06315789473684	-3.68421052631579
			6.08421052631579	-3.70526315789474
			6.08421052631579	-3.72631578947368
			6.08421052631579	-3.74736842105263
			6.10526315789474	-3.76842105263158
			6.10526315789474	-3.78947368421053
			6.10526315789474	-3.81052631578947
			6.12631578947368	-3.83157894736842
			6.12631578947368	-3.85263157894737
			6.12631578947368	-3.87368421052632
			6.14736842105263	-3.89473684210526
			6.14736842105263	-3.91578947368421
			6.16842105263158	-3.93684210526316
			6.16842105263158	-3.95789473684211
			6.16842105263158	-3.97894736842105
			6.16842105263158	-4
			6.18947368421053	-4.02105263157895
			6.18947368421053	-4.04210526315789
			6.18947368421053	-4.06315789473684
			6.21052631578947	-4.08421052631579
			6.21052631578947	-4.10526315789474
			6.21052631578947	-4.12631578947368
			6.23157894736842	-4.12631578947368
			6.23157894736842	-4.14736842105263
			6.23157894736842	-4.16842105263158
			6.25263157894737	-4.18947368421053
			6.25263157894737	-4.21052631578947
			6.27368421052632	-4.23157894736842
			6.27368421052632	-4.25263157894737
			6.27368421052632	-4.27368421052632
			6.29473684210526	-4.29473684210526
			6.29473684210526	-4.31578947368421
			6.29473684210526	-4.33684210526316
			6.31578947368421	-4.33684210526316
			6.31578947368421	-4.35789473684211
			6.31578947368421	-4.37894736842105
			6.33684210526316	-4.4
			6.33684210526316	-4.42105263157895
			6.33684210526316	-4.44210526315789
			6.35789473684211	-4.44210526315789
			6.35789473684211	-4.46315789473684
			6.35789473684211	-4.48421052631579
			6.37894736842105	-4.50526315789474
			6.37894736842105	-4.52631578947368
			6.37894736842105	-4.54736842105263
			6.4	-4.56842105263158
			6.4	-4.58947368421053
			6.4	-4.61052631578947
			6.42105263157895	-4.63157894736842
			6.42105263157895	-4.65263157894737
			6.42105263157895	-4.67368421052632
			6.42105263157895	-4.69473684210526
			6.44210526315789	-4.71578947368421
			6.44210526315789	-4.73684210526316
			6.44210526315789	-4.7578947368421
			6.46315789473684	-4.77894736842105
			6.46315789473684	-4.8
			6.46315789473684	-4.82105263157895
			6.48421052631579	-4.84210526315789
			6.48421052631579	-4.86315789473684
			6.48421052631579	-4.88421052631579
			6.48421052631579	-4.90526315789474
			6.50526315789474	-4.92631578947368
			6.50526315789474	-4.94736842105263
			6.50526315789474	-4.96842105263158
			6.50526315789474	-4.98947368421053
			6.50526315789474	-5.01052631578947
			6.52631578947368	-5.03157894736842
			6.52631578947368	-5.05263157894737
			6.52631578947368	-5.07368421052632
		</anterior>
		<posterior type=matrix rownames=FALSE colnames=FALSE nrow=691 ncol=2 as.numeric=TRUE >
			1.72631578947368	-5.07368421052632
			1.74736842105263	-5.07368421052632
			1.76842105263158	-5.07368421052632
			1.78947368421053	-5.07368421052632
			1.81052631578947	-5.07368421052632
			1.83157894736842	-5.07368421052632
			1.85263157894737	-5.07368421052632
			1.87368421052632	-5.09473684210526
			1.89473684210526	-5.09473684210526
			1.91578947368421	-5.09473684210526
			1.93684210526316	-5.09473684210526
			1.95789473684211	-5.09473684210526
			1.97894736842105	-5.11578947368421
			2	-5.11578947368421
			2.02105263157895	-5.11578947368421
			2.04210526315789	-5.11578947368421
			2.06315789473684	-5.11578947368421
			2.08421052631579	-5.13684210526316
			2.10526315789474	-5.13684210526316
			2.12631578947368	-5.13684210526316
			2.14736842105263	-5.13684210526316
			2.16842105263158	-5.15789473684211
			2.18947368421053	-5.15789473684211
			2.21052631578947	-5.15789473684211
			2.23157894736842	-5.15789473684211
			2.25263157894737	-5.17894736842105
			2.27368421052632	-5.17894736842105
			2.29473684210526	-5.17894736842105
			2.31578947368421	-5.17894736842105
			2.33684210526316	-5.17894736842105
			2.33684210526316	-5.2
			2.35789473684211	-5.2
			2.37894736842105	-5.2
			2.4	-5.2
			2.42105263157895	-5.22105263157895
			2.44210526315789	-5.22105263157895
			2.46315789473684	-5.22105263157895
			2.48421052631579	-5.22105263157895
			2.48421052631579	-5.2421052631579
			2.50526315789474	-5.2421052631579
			2.52631578947368	-5.2421052631579
			2.54736842105263	-5.2421052631579
			2.56842105263158	-5.26315789473684
			2.58947368421053	-5.26315789473684
			2.61052631578947	-5.26315789473684
			2.63157894736842	-5.28421052631579
			2.65263157894737	-5.28421052631579
			2.67368421052632	-5.28421052631579
			2.69473684210526	-5.28421052631579
			2.71578947368421	-5.28421052631579
			2.73684210526316	-5.28421052631579
			2.75789473684211	-5.28421052631579
			2.77894736842105	-5.28421052631579
			2.8	-5.28421052631579
			2.82105263157895	-5.28421052631579
			2.84210526315789	-5.28421052631579
			2.86315789473684	-5.28421052631579
			2.88421052631579	-5.28421052631579
			2.90526315789474	-5.28421052631579
			2.92631578947368	-5.30526315789474
			2.94736842105263	-5.30526315789474
			2.96842105263158	-5.30526315789474
			2.98947368421053	-5.30526315789474
			3.01052631578947	-5.30526315789474
			3.03157894736842	-5.30526315789474
			3.05263157894737	-5.30526315789474
			3.07368421052632	-5.30526315789474
			3.09473684210526	-5.30526315789474
			3.11578947368421	-5.30526315789474
			3.13684210526316	-5.30526315789474
			3.15789473684211	-5.30526315789474
			3.17894736842105	-5.30526315789474
			3.2	-5.32631578947368
			3.22105263157895	-5.32631578947368
			3.24210526315789	-5.32631578947368
			3.26315789473684	-5.32631578947368
			3.28421052631579	-5.32631578947368
			3.30526315789474	-5.32631578947368
			3.32631578947368	-5.32631578947368
			3.34736842105263	-5.32631578947368
			3.36842105263158	-5.32631578947368
			3.38947368421053	-5.34736842105263
			3.41052631578947	-5.34736842105263
			3.43157894736842	-5.34736842105263
			3.45263157894737	-5.34736842105263
			3.47368421052632	-5.34736842105263
			3.49473684210526	-5.34736842105263
			3.51578947368421	-5.34736842105263
			3.53684210526316	-5.36842105263158
			3.55789473684211	-5.36842105263158
			3.57894736842105	-5.36842105263158
			3.6	-5.36842105263158
			3.62105263157895	-5.36842105263158
			3.64210526315789	-5.36842105263158
			3.66315789473684	-5.36842105263158
			3.68421052631579	-5.38947368421053
			3.70526315789474	-5.38947368421053
			3.72631578947368	-5.38947368421053
			3.74736842105263	-5.38947368421053
			3.76842105263158	-5.38947368421053
			3.78947368421053	-5.38947368421053
			3.81052631578947	-5.41052631578947
			3.83157894736842	-5.41052631578947
			3.85263157894737	-5.41052631578947
			3.87368421052632	-5.41052631578947
			3.89473684210526	-5.41052631578947
			3.91578947368421	-5.43157894736842
			3.93684210526316	-5.43157894736842
			3.95789473684211	-5.43157894736842
			3.97894736842105	-5.43157894736842
			4	-5.43157894736842
			4.02105263157895	-5.45263157894737
			4.04210526315789	-5.45263157894737
			4.06315789473684	-5.45263157894737
			4.08421052631579	-5.45263157894737
			4.10526315789474	-5.45263157894737
			4.12631578947368	-5.47368421052632
			4.14736842105263	-5.47368421052632
			4.16842105263158	-5.47368421052632
			4.18947368421053	-5.47368421052632
			4.21052631578947	-5.47368421052632
			4.23157894736842	-5.49473684210526
			4.25263157894737	-5.49473684210526
			4.27368421052632	-5.49473684210526
			4.29473684210526	-5.49473684210526
			4.31578947368421	-5.51578947368421
			4.33684210526316	-5.51578947368421
			4.35789473684211	-5.51578947368421
			4.37894736842105	-5.51578947368421
			4.4	-5.53684210526316
			4.42105263157895	-5.53684210526316
			4.44210526315789	-5.53684210526316
			4.46315789473684	-5.53684210526316
			4.48421052631579	-5.53684210526316
			4.48421052631579	-5.5578947368421
			4.50526315789474	-5.5578947368421
			4.52631578947368	-5.5578947368421
			4.54736842105263	-5.5578947368421
			4.56842105263158	-5.57894736842105
			4.58947368421053	-5.57894736842105
			4.61052631578947	-5.57894736842105
			4.63157894736842	-5.57894736842105
			4.65263157894737	-5.57894736842105
			4.67368421052632	-5.6
			4.69473684210526	-5.6
			4.71578947368421	-5.6
			4.73684210526316	-5.6
			4.73684210526316	-5.62105263157895
			4.7578947368421	-5.62105263157895
			4.77894736842105	-5.62105263157895
			4.8	-5.62105263157895
			4.82105263157895	-5.64210526315789
			4.84210526315789	-5.64210526315789
			4.86315789473684	-5.64210526315789
			4.88421052631579	-5.64210526315789
			4.88421052631579	-5.66315789473684
			4.90526315789474	-5.66315789473684
			4.92631578947368	-5.66315789473684
			4.94736842105263	-5.66315789473684
			4.94736842105263	-5.68421052631579
			4.96842105263158	-5.68421052631579
			4.98947368421053	-5.68421052631579
			5.01052631578947	-5.70526315789474
			5.03157894736842	-5.70526315789474
			5.05263157894737	-5.70526315789474
			5.07368421052632	-5.72631578947368
			5.09473684210526	-5.72631578947368
			5.11578947368421	-5.74736842105263
			5.13684210526316	-5.74736842105263
			5.15789473684211	-5.74736842105263
			5.15789473684211	-5.76842105263158
			5.17894736842105	-5.76842105263158
			5.2	-5.78947368421053
			5.22105263157895	-5.78947368421053
			5.2421052631579	-5.78947368421053
			5.26315789473684	-5.81052631578947
			5.28421052631579	-5.81052631578947
			5.28421052631579	-5.83157894736842
			5.30526315789474	-5.83157894736842
			5.32631578947368	-5.85263157894737
			5.34736842105263	-5.85263157894737
			5.36842105263158	-5.85263157894737
			5.38947368421053	-5.87368421052632
			5.41052631578947	-5.87368421052632
			5.41052631578947	-5.89473684210526
			5.43157894736842	-5.89473684210526
			5.45263157894737	-5.91578947368421
			5.47368421052632	-5.91578947368421
			5.49473684210526	-5.93684210526316
			5.51578947368421	-5.95789473684211
			5.53684210526316	-5.97894736842105
			5.5578947368421	-5.97894736842105
			5.57894736842105	-6
			5.6	-6.02105263157895
			5.62105263157895	-6.02105263157895
			5.64210526315789	-6.04210526315789
			5.66315789473684	-6.06315789473684
			5.68421052631579	-6.06315789473684
			5.70526315789474	-6.08421052631579
			5.72631578947368	-6.10526315789474
			5.74736842105263	-6.12631578947368
			5.76842105263158	-6.12631578947368
			5.78947368421053	-6.14736842105263
			5.81052631578947	-6.16842105263158
			5.81052631578947	-6.18947368421053
			5.83157894736842	-6.18947368421053
			5.85263157894737	-6.21052631578947
			5.87368421052632	-6.23157894736842
			5.89473684210526	-6.25263157894737
			5.91578947368421	-6.27368421052632
			5.93684210526316	-6.27368421052632
			5.95789473684211	-6.29473684210526
			5.97894736842105	-6.31578947368421
			5.97894736842105	-6.33684210526316
			6	-6.35789473684211
			6.02105263157895	-6.37894736842105
			6.04210526315789	-6.4
			6.06315789473684	-6.42105263157895
			6.08421052631579	-6.44210526315789
			6.10526315789474	-6.44210526315789
			6.10526315789474	-6.46315789473684
			6.12631578947368	-6.48421052631579
			6.14736842105263	-6.50526315789474
			6.16842105263158	-6.52631578947368
			6.18947368421053	-6.54736842105263
			6.21052631578947	-6.56842105263158
			6.21052631578947	-6.58947368421053
			6.23157894736842	-6.61052631578947
			6.25263157894737	-6.63157894736842
			6.27368421052632	-6.65263157894737
			6.29473684210526	-6.67368421052632
			6.29473684210526	-6.69473684210526
			6.31578947368421	-6.71578947368421
			6.33684210526316	-6.73684210526316
			6.33684210526316	-6.7578947368421
			6.35789473684211	-6.77894736842105
			6.37894736842105	-6.8
			6.4	-6.82105263157895
			6.4	-6.84210526315789
			6.42105263157895	-6.86315789473684
			6.42105263157895	-6.88421052631579
			6.44210526315789	-6.90526315789474
			6.46315789473684	-6.92631578947368
			6.48421052631579	-6.94736842105263
			6.48421052631579	-6.96842105263158
			6.48421052631579	-6.98947368421053
			6.48421052631579	-7.01052631578947
			6.50526315789474	-7.01052631578947
			6.50526315789474	-7.03157894736842
			6.50526315789474	-7.05263157894737
			6.50526315789474	-7.07368421052632
			6.52631578947368	-7.09473684210526
			6.52631578947368	-7.11578947368421
			6.52631578947368	-7.13684210526316
			6.52631578947368	-7.15789473684211
			6.54736842105263	-7.17894736842105
			6.54736842105263	-7.2
			6.54736842105263	-7.22105263157895
			6.56842105263158	-7.24210526315789
			6.56842105263158	-7.26315789473684
			6.56842105263158	-7.28421052631579
			6.56842105263158	-7.30526315789474
			6.58947368421053	-7.32631578947368
			6.58947368421053	-7.34736842105263
			6.58947368421053	-7.36842105263158
			6.58947368421053	-7.38947368421053
			6.61052631578947	-7.41052631578947
			6.61052631578947	-7.43157894736842
			6.61052631578947	-7.45263157894737
			6.61052631578947	-7.47368421052632
			6.63157894736842	-7.49473684210526
			6.63157894736842	-7.51578947368421
			6.63157894736842	-7.53684210526316
			6.63157894736842	-7.5578947368421
			6.65263157894737	-7.57894736842105
			6.65263157894737	-7.6
			6.65263157894737	-7.62105263157895
			6.65263157894737	-7.64210526315789
			6.67368421052632	-7.66315789473684
			6.67368421052632	-7.68421052631579
			6.67368421052632	-7.70526315789474
			6.67368421052632	-7.72631578947368
			6.69473684210526	-7.74736842105263
			6.69473684210526	-7.76842105263158
			6.69473684210526	-7.78947368421053
			6.69473684210526	-7.81052631578947
			6.71578947368421	-7.83157894736842
			6.71578947368421	-7.85263157894737
			6.71578947368421	-7.87368421052632
			6.71578947368421	-7.89473684210526
			6.73684210526316	-7.91578947368421
			6.73684210526316	-7.93684210526316
			6.73684210526316	-7.95789473684211
			6.73684210526316	-7.97894736842105
			6.7578947368421	-8
			6.7578947368421	-8.02105263157895
			6.7578947368421	-8.04210526315789
			6.7578947368421	-8.06315789473684
			6.7578947368421	-8.08421052631579
			6.77894736842105	-8.10526315789474
			6.77894736842105	-8.12631578947368
			6.77894736842105	-8.14736842105263
			6.8	-8.16842105263158
			6.8	-8.18947368421053
			6.8	-8.21052631578947
			6.8	-8.23157894736842
			6.8	-8.25263157894737
			6.82105263157895	-8.27368421052632
			6.82105263157895	-8.29473684210526
			6.82105263157895	-8.31578947368421
			6.82105263157895	-8.33684210526316
			6.84210526315789	-8.35789473684211
			6.84210526315789	-8.37894736842105
			6.84210526315789	-8.4
			6.84210526315789	-8.42105263157895
			6.84210526315789	-8.4421052631579
			6.86315789473684	-8.46315789473684
			6.86315789473684	-8.48421052631579
			6.86315789473684	-8.50526315789474
			6.86315789473684	-8.52631578947368
			6.88421052631579	-8.54736842105263
			6.88421052631579	-8.56842105263158
			6.88421052631579	-8.58947368421053
			6.88421052631579	-8.61052631578947
			6.90526315789474	-8.63157894736842
			6.90526315789474	-8.65263157894737
			6.90526315789474	-8.67368421052632
			6.90526315789474	-8.69473684210526
			6.90526315789474	-8.71578947368421
			6.92631578947368	-8.73684210526316
			6.92631578947368	-8.75789473684211
			6.92631578947368	-8.77894736842105
			6.92631578947368	-8.8
			6.92631578947368	-8.82105263157895
			6.94736842105263	-8.84210526315789
			6.94736842105263	-8.86315789473684
			6.94736842105263	-8.88421052631579
			6.94736842105263	-8.90526315789474
			6.94736842105263	-8.92631578947368
			6.96842105263158	-8.94736842105263
			6.96842105263158	-8.96842105263158
			6.96842105263158	-8.98947368421053
			6.96842105263158	-9.01052631578947
			6.98947368421053	-9.03157894736842
			6.98947368421053	-9.05263157894737
			6.98947368421053	-9.07368421052632
			6.98947368421053	-9.09473684210526
			6.98947368421053	-9.11578947368421
			6.98947368421053	-9.13684210526316
			7.01052631578947	-9.1578947368421
			7.01052631578947	-9.17894736842105
			7.01052631578947	-9.2
			7.01052631578947	-9.22105263157895
			7.03157894736842	-9.24210526315789
			7.03157894736842	-9.26315789473684
			7.03157894736842	-9.28421052631579
			7.03157894736842	-9.30526315789474
			7.05263157894737	-9.32631578947368
			7.05263157894737	-9.34736842105263
			7.05263157894737	-9.36842105263158
			7.05263157894737	-9.38947368421053
			7.07368421052632	-9.41052631578947
			7.07368421052632	-9.43157894736842
			7.07368421052632	-9.45263157894737
			7.07368421052632	-9.47368421052632
			7.09473684210526	-9.49473684210526
			7.09473684210526	-9.51578947368421
			7.09473684210526	-9.53684210526316
			7.09473684210526	-9.5578947368421
			7.11578947368421	-9.5578947368421
			7.11578947368421	-9.57894736842105
			7.11578947368421	-9.6
			7.11578947368421	-9.62105263157895
			7.13684210526316	-9.64210526315789
			7.13684210526316	-9.66315789473684
			7.13684210526316	-9.68421052631579
			7.13684210526316	-9.70526315789474
			7.15789473684211	-9.72631578947368
			7.15789473684211	-9.74736842105263
			7.15789473684211	-9.76842105263158
			7.17894736842105	-9.78947368421053
			7.17894736842105	-9.81052631578947
			7.17894736842105	-9.83157894736842
			7.2	-9.85263157894737
			7.2	-9.87368421052632
			7.2	-9.89473684210526
			7.2	-9.91578947368421
			7.22105263157895	-9.93684210526316
			7.22105263157895	-9.95789473684211
			7.22105263157895	-9.97894736842105
			7.24210526315789	-10
			7.24210526315789	-10.0210526315789
			7.24210526315789	-10.0421052631579
			7.24210526315789	-10.0631578947368
			7.26315789473684	-10.0842105263158
			7.26315789473684	-10.1052631578947
			7.26315789473684	-10.1263157894737
			7.28421052631579	-10.1473684210526
			7.28421052631579	-10.1684210526316
			7.28421052631579	-10.1894736842105
			7.28421052631579	-10.2105263157895
			7.30526315789474	-10.2105263157895
			7.30526315789474	-10.2315789473684
			7.30526315789474	-10.2526315789474
			7.30526315789474	-10.2736842105263
			7.32631578947368	-10.2947368421053
			7.32631578947368	-10.3157894736842
			7.32631578947368	-10.3368421052632
			7.34736842105263	-10.3578947368421
			7.34736842105263	-10.3789473684211
			7.34736842105263	-10.4
			7.36842105263158	-10.4210526315789
			7.36842105263158	-10.4421052631579
			7.36842105263158	-10.4631578947368
			7.38947368421053	-10.4842105263158
			7.38947368421053	-10.5052631578947
			7.38947368421053	-10.5263157894737
			7.41052631578947	-10.5473684210526
			7.41052631578947	-10.5684210526316
			7.41052631578947	-10.5894736842105
			7.43157894736842	-10.6105263157895
			7.43157894736842	-10.6315789473684
			7.45263157894737	-10.6105263157895
			7.47368421052632	-10.5894736842105
			7.49473684210526	-10.5684210526316
			7.49473684210526	-10.5473684210526
			7.51578947368421	-10.5263157894737
			7.51578947368421	-10.5052631578947
			7.53684210526316	-10.4842105263158
			7.53684210526316	-10.4631578947368
			7.5578947368421	-10.4421052631579
			7.5578947368421	-10.4210526315789
			7.57894736842105	-10.4
			7.57894736842105	-10.3789473684211
			7.57894736842105	-10.3578947368421
			7.57894736842105	-10.3368421052632
			7.6	-10.3157894736842
			7.6	-10.2947368421053
			7.6	-10.2736842105263
			7.6	-10.2526315789474
			7.62105263157895	-10.2315789473684
			7.62105263157895	-10.2105263157895
			7.62105263157895	-10.1894736842105
			7.62105263157895	-10.1684210526316
			7.62105263157895	-10.1473684210526
			7.62105263157895	-10.1263157894737
			7.64210526315789	-10.1052631578947
			7.64210526315789	-10.0842105263158
			7.64210526315789	-10.0631578947368
			7.64210526315789	-10.0421052631579
			7.64210526315789	-10.0210526315789
			7.64210526315789	-10
			7.64210526315789	-9.97894736842105
			7.64210526315789	-9.95789473684211
			7.64210526315789	-9.93684210526316
			7.64210526315789	-9.91578947368421
			7.64210526315789	-9.89473684210526
			7.64210526315789	-9.87368421052632
			7.64210526315789	-9.85263157894737
			7.64210526315789	-9.83157894736842
			7.64210526315789	-9.81052631578947
			7.64210526315789	-9.78947368421053
			7.64210526315789	-9.76842105263158
			7.64210526315789	-9.74736842105263
			7.64210526315789	-9.72631578947368
			7.64210526315789	-9.70526315789474
			7.64210526315789	-9.68421052631579
			7.64210526315789	-9.66315789473684
			7.64210526315789	-9.64210526315789
			7.64210526315789	-9.62105263157895
			7.64210526315789	-9.6
			7.64210526315789	-9.57894736842105
			7.64210526315789	-9.5578947368421
			7.64210526315789	-9.53684210526316
			7.62105263157895	-9.51578947368421
			7.62105263157895	-9.49473684210526
			7.62105263157895	-9.47368421052632
			7.62105263157895	-9.45263157894737
			7.62105263157895	-9.43157894736842
			7.62105263157895	-9.41052631578947
			7.62105263157895	-9.38947368421053
			7.62105263157895	-9.36842105263158
			7.62105263157895	-9.34736842105263
			7.62105263157895	-9.32631578947368
			7.6	-9.30526315789474
			7.6	-9.28421052631579
			7.6	-9.26315789473684
			7.6	-9.24210526315789
			7.6	-9.22105263157895
			7.6	-9.2
			7.6	-9.17894736842105
			7.6	-9.1578947368421
			7.57894736842105	-9.13684210526316
			7.57894736842105	-9.11578947368421
			7.57894736842105	-9.09473684210526
			7.57894736842105	-9.07368421052632
			7.57894736842105	-9.05263157894737
			7.57894736842105	-9.03157894736842
			7.5578947368421	-9.01052631578947
			7.5578947368421	-8.98947368421053
			7.5578947368421	-8.96842105263158
			7.5578947368421	-8.94736842105263
			7.5578947368421	-8.92631578947368
			7.5578947368421	-8.90526315789474
			7.53684210526316	-8.88421052631579
			7.53684210526316	-8.86315789473684
			7.53684210526316	-8.84210526315789
			7.53684210526316	-8.82105263157895
			7.53684210526316	-8.8
			7.51578947368421	-8.77894736842105
			7.51578947368421	-8.75789473684211
			7.51578947368421	-8.73684210526316
			7.51578947368421	-8.71578947368421
			7.51578947368421	-8.69473684210526
			7.51578947368421	-8.67368421052632
			7.49473684210526	-8.65263157894737
			7.49473684210526	-8.63157894736842
			7.49473684210526	-8.61052631578947
			7.49473684210526	-8.58947368421053
			7.49473684210526	-8.56842105263158
			7.47368421052632	-8.54736842105263
			7.47368421052632	-8.52631578947368
			7.47368421052632	-8.50526315789474
			7.47368421052632	-8.48421052631579
			7.45263157894737	-8.46315789473684
			7.45263157894737	-8.4421052631579
			7.45263157894737	-8.42105263157895
			7.45263157894737	-8.4
			7.45263157894737	-8.37894736842105
			7.43157894736842	-8.35789473684211
			7.43157894736842	-8.33684210526316
			7.43157894736842	-8.31578947368421
			7.43157894736842	-8.29473684210526
			7.41052631578947	-8.27368421052632
			7.41052631578947	-8.25263157894737
			7.41052631578947	-8.23157894736842
			7.41052631578947	-8.21052631578947
			7.38947368421053	-8.18947368421053
			7.38947368421053	-8.16842105263158
			7.38947368421053	-8.14736842105263
			7.38947368421053	-8.12631578947368
			7.38947368421053	-8.10526315789474
			7.36842105263158	-8.10526315789474
			7.36842105263158	-8.08421052631579
			7.36842105263158	-8.06315789473684
			7.36842105263158	-8.04210526315789
			7.34736842105263	-8.02105263157895
			7.34736842105263	-8
			7.34736842105263	-7.97894736842105
			7.34736842105263	-7.95789473684211
			7.32631578947368	-7.93684210526316
			7.32631578947368	-7.91578947368421
			7.32631578947368	-7.89473684210526
			7.32631578947368	-7.87368421052632
			7.30526315789474	-7.85263157894737
			7.30526315789474	-7.83157894736842
			7.30526315789474	-7.81052631578947
			7.30526315789474	-7.78947368421053
			7.30526315789474	-7.76842105263158
			7.30526315789474	-7.74736842105263
			7.28421052631579	-7.74736842105263
			7.28421052631579	-7.72631578947368
			7.28421052631579	-7.70526315789474
			7.28421052631579	-7.68421052631579
			7.28421052631579	-7.66315789473684
			7.28421052631579	-7.64210526315789
			7.26315789473684	-7.64210526315789
			7.26315789473684	-7.62105263157895
			7.26315789473684	-7.6
			7.26315789473684	-7.57894736842105
			7.26315789473684	-7.5578947368421
			7.26315789473684	-7.53684210526316
			7.24210526315789	-7.51578947368421
			7.24210526315789	-7.49473684210526
			7.24210526315789	-7.47368421052632
			7.24210526315789	-7.45263157894737
			7.24210526315789	-7.43157894736842
			7.24210526315789	-7.41052631578947
			7.22105263157895	-7.38947368421053
			7.22105263157895	-7.36842105263158
			7.22105263157895	-7.34736842105263
			7.22105263157895	-7.32631578947368
			7.22105263157895	-7.30526315789474
			7.2	-7.28421052631579
			7.2	-7.26315789473684
			7.2	-7.24210526315789
			7.2	-7.22105263157895
			7.17894736842105	-7.2
			7.17894736842105	-7.17894736842105
			7.17894736842105	-7.15789473684211
			7.17894736842105	-7.13684210526316
			7.17894736842105	-7.11578947368421
			7.15789473684211	-7.09473684210526
			7.15789473684211	-7.07368421052632
			7.15789473684211	-7.05263157894737
			7.15789473684211	-7.03157894736842
			7.15789473684211	-7.01052631578947
			7.13684210526316	-6.98947368421053
			7.13684210526316	-6.96842105263158
			7.13684210526316	-6.94736842105263
			7.13684210526316	-6.92631578947368
			7.11578947368421	-6.90526315789474
			7.11578947368421	-6.88421052631579
			7.11578947368421	-6.86315789473684
			7.11578947368421	-6.84210526315789
			7.11578947368421	-6.82105263157895
			7.11578947368421	-6.8
			7.09473684210526	-6.8
			7.09473684210526	-6.77894736842105
			7.09473684210526	-6.7578947368421
			7.09473684210526	-6.73684210526316
			7.09473684210526	-6.71578947368421
			7.07368421052632	-6.69473684210526
			7.07368421052632	-6.67368421052632
			7.07368421052632	-6.65263157894737
			7.07368421052632	-6.63157894736842
			7.05263157894737	-6.61052631578947
			7.05263157894737	-6.58947368421053
			7.05263157894737	-6.56842105263158
			7.05263157894737	-6.54736842105263
			7.03157894736842	-6.52631578947368
			7.03157894736842	-6.50526315789474
			7.03157894736842	-6.48421052631579
			7.03157894736842	-6.46315789473684
			7.01052631578947	-6.44210526315789
			7.01052631578947	-6.42105263157895
			7.01052631578947	-6.4
			7.01052631578947	-6.37894736842105
			6.98947368421053	-6.35789473684211
			6.98947368421053	-6.33684210526316
			6.98947368421053	-6.31578947368421
			6.98947368421053	-6.29473684210526
			6.96842105263158	-6.27368421052632
			6.96842105263158	-6.25263157894737
			6.96842105263158	-6.23157894736842
			6.96842105263158	-6.21052631578947
			6.94736842105263	-6.18947368421053
			6.94736842105263	-6.16842105263158
			6.94736842105263	-6.14736842105263
			6.92631578947368	-6.12631578947368
			6.92631578947368	-6.10526315789474
			6.92631578947368	-6.08421052631579
			6.92631578947368	-6.06315789473684
			6.90526315789474	-6.06315789473684
			6.90526315789474	-6.04210526315789
			6.90526315789474	-6.02105263157895
			6.90526315789474	-6
			6.88421052631579	-5.97894736842105
			6.88421052631579	-5.95789473684211
			6.88421052631579	-5.93684210526316
			6.86315789473684	-5.91578947368421
			6.86315789473684	-5.89473684210526
			6.86315789473684	-5.87368421052632
			6.84210526315789	-5.85263157894737
			6.84210526315789	-5.83157894736842
			6.84210526315789	-5.81052631578947
			6.84210526315789	-5.78947368421053
			6.82105263157895	-5.76842105263158
			6.82105263157895	-5.74736842105263
			6.8	-5.72631578947368
			6.8	-5.70526315789474
			6.8	-5.68421052631579
			6.77894736842105	-5.66315789473684
			6.77894736842105	-5.64210526315789
			6.77894736842105	-5.62105263157895
			6.7578947368421	-5.6
			6.7578947368421	-5.57894736842105
			6.7578947368421	-5.5578947368421
			6.73684210526316	-5.53684210526316
			6.73684210526316	-5.51578947368421
			6.71578947368421	-5.49473684210526
			6.71578947368421	-5.47368421052632
			6.71578947368421	-5.45263157894737
			6.69473684210526	-5.43157894736842
			6.69473684210526	-5.41052631578947
			6.67368421052632	-5.38947368421053
			6.67368421052632	-5.36842105263158
			6.67368421052632	-5.34736842105263
			6.65263157894737	-5.32631578947368
			6.65263157894737	-5.30526315789474
			6.63157894736842	-5.28421052631579
			6.63157894736842	-5.26315789473684
			6.61052631578947	-5.2421052631579
			6.61052631578947	-5.22105263157895
			6.58947368421053	-5.2
			6.58947368421053	-5.17894736842105
			6.56842105263158	-5.15789473684211
			6.56842105263158	-5.13684210526316
			6.54736842105263	-5.11578947368421
			6.54736842105263	-5.09473684210526
			6.52631578947368	-5.07368421052632
		</posterior>
	</curves.scaled>
	<ruler.points type=matrix rownames=TRUE colnames=FALSE nrow=2 ncol=2 as.numeric=TRUE >
		Ruler point 1	42	353
		Ruler point 2	137	353
	</ruler.points>
</shapes>

