<shapes type=list>
	<ruler.pixel type=vector names=FALSE length=1 as.numeric=TRUE >75</ruler.pixel>
	<ruler.interval type=vector names=FALSE length=1 as.numeric=TRUE >2</ruler.interval>
	<scaling.units type=vector names=FALSE length=1 as.numeric=FALSE >mm</scaling.units>
	<scaling type=vector names=FALSE length=1 as.numeric=TRUE >0.0266666666666667</scaling>
	<landmarks.pixel type=matrix rownames=TRUE colnames=FALSE nrow=16 ncol=2 as.numeric=TRUE >
		LM1	246	16
		LM2	246	41
		LM3	242	192
		LM4	242	219
		LM5	327	96
		LM6	272	202
		LM7	268	214
		LM8	338	117
		LM9	346	179
		LM10	246	29
		LM11	378	174
		LM12	391	180
		LM13	246	16
		LM14	383	137
		LM15	397	219
		LM16	395	448
	</landmarks.pixel>
	<landmarks.scaled type=matrix rownames=TRUE colnames=FALSE nrow=16 ncol=2 as.numeric=TRUE >
		LM1	6.56	-0.426666666666667
		LM2	6.56	-1.09333333333333
		LM3	6.45333333333333	-5.12
		LM4	6.45333333333333	-5.84
		LM5	8.72	-2.56
		LM6	7.25333333333333	-5.38666666666667
		LM7	7.14666666666667	-5.70666666666667
		LM8	9.01333333333333	-3.12
		LM9	9.22666666666667	-4.77333333333333
		LM10	6.56	-0.773333333333333
		LM11	10.08	-4.64
		LM12	10.4266666666667	-4.8
		LM13	6.56	-0.426666666666667
		LM14	10.2133333333333	-3.65333333333333
		LM15	10.5866666666667	-5.84
		LM16	10.5333333333333	-11.9466666666667
	</landmarks.scaled>
	<curves.control type=list>
		<glabella type=matrix rownames=FALSE colnames=FALSE nrow=7 ncol=2 as.numeric=TRUE >
			246	41
			317	50
			331	104
			308	118
			291	171
			281	187
			268	214
		</glabella>
		<suture type=matrix rownames=FALSE colnames=FALSE nrow=11 ncol=2 as.numeric=TRUE >
			246	29
			305	49
			338	91
			327	116
			358	116
			396	138
			364	168
			326	179
			361	185
			378	166
			391	180
		</suture>
		<anterior type=matrix rownames=FALSE colnames=FALSE nrow=9 ncol=2 as.numeric=TRUE >
			246	16
			272	20
			299	42
			314	52
			352	86
			362	101
			364	113
			387	121
			397	219
		</anterior>
		<posterior type=matrix rownames=FALSE colnames=FALSE nrow=11 ncol=2 as.numeric=TRUE >
			242	219
			271	212
			283	214
			336	217
			373	238
			384	276
			379	377
			382	398
			395	447
			419	347
			397	219
		</posterior>
	</curves.control>
	<curves.pixel type=list>
		<glabella type=matrix rownames=FALSE colnames=FALSE nrow=226 ncol=2 as.numeric=TRUE >
			246	41
			247	41
			248	41
			249	41
			250	42
			251	42
			252	42
			253	42
			254	42
			255	42
			256	43
			257	43
			258	43
			259	43
			260	43
			261	44
			262	44
			263	44
			264	44
			265	44
			266	45
			267	45
			268	45
			269	45
			270	46
			271	46
			272	47
			273	47
			274	47
			275	47
			276	48
			277	48
			278	48
			279	49
			280	49
			281	49
			282	50
			283	50
			284	51
			285	51
			286	51
			287	52
			288	53
			289	53
			290	53
			291	54
			292	54
			293	55
			294	55
			295	56
			296	56
			296	57
			297	57
			298	58
			299	59
			300	59
			301	60
			302	61
			303	62
			304	62
			305	63
			306	64
			307	64
			308	65
			309	66
			309	67
			310	68
			311	68
			312	69
			313	70
			313	71
			314	72
			315	73
			316	73
			316	74
			317	75
			318	76
			318	77
			319	78
			320	79
			320	80
			321	81
			322	82
			322	83
			323	84
			323	85
			324	86
			324	87
			325	88
			325	89
			326	90
			326	91
			327	92
			327	93
			328	94
			328	95
			329	96
			329	97
			329	98
			330	99
			330	100
			330	101
			330	102
			331	103
			331	104
			330	105
			329	105
			329	106
			328	106
			327	107
			326	108
			325	108
			324	109
			323	110
			322	111
			322	112
			321	112
			320	113
			319	114
			318	115
			317	116
			317	117
			316	118
			315	119
			314	120
			314	121
			313	122
			313	123
			312	123
			312	124
			311	125
			310	126
			310	127
			309	128
			309	129
			308	130
			308	131
			307	132
			307	133
			306	134
			306	135
			305	136
			304	137
			304	138
			303	139
			303	140
			302	141
			302	142
			302	143
			301	143
			301	144
			301	145
			300	146
			300	147
			299	148
			299	149
			299	150
			298	151
			298	152
			297	153
			297	154
			297	155
			296	156
			296	157
			296	158
			295	159
			295	160
			294	161
			294	162
			294	163
			293	164
			293	165
			293	166
			292	167
			292	168
			292	169
			291	170
			291	171
			291	172
			290	172
			290	173
			289	174
			289	175
			288	176
			287	177
			287	178
			286	179
			286	180
			285	180
			285	181
			284	182
			284	183
			284	184
			283	185
			282	186
			282	187
			281	188
			280	189
			280	190
			279	191
			279	192
			279	193
			278	193
			278	194
			278	195
			277	195
			277	196
			277	197
			276	198
			275	199
			275	200
			274	201
			274	202
			273	203
			273	204
			273	205
			272	206
			272	207
			271	207
			271	208
			270	209
			270	210
			269	211
			269	212
			268	213
			268	214
		</glabella>
		<suture type=matrix rownames=FALSE colnames=FALSE nrow=275 ncol=2 as.numeric=TRUE >
			246	29
			247	29
			248	30
			249	30
			250	30
			250	31
			251	31
			252	31
			253	31
			253	32
			254	32
			255	32
			256	33
			257	33
			258	34
			259	34
			260	34
			261	34
			262	35
			263	35
			264	36
			265	36
			266	37
			267	37
			268	38
			269	38
			270	38
			271	39
			272	39
			273	40
			274	41
			275	41
			276	41
			277	42
			278	42
			279	43
			280	44
			281	44
			282	44
			282	45
			283	45
			284	46
			285	46
			286	47
			287	47
			288	48
			289	48
			290	49
			291	49
			291	50
			292	51
			293	51
			294	52
			295	52
			296	53
			297	53
			297	54
			298	54
			299	55
			300	55
			301	56
			302	57
			303	58
			304	58
			305	59
			306	60
			307	61
			308	61
			309	62
			310	63
			311	64
			312	64
			313	65
			314	66
			314	67
			315	67
			316	68
			317	69
			318	70
			319	70
			320	71
			321	72
			321	73
			322	74
			323	74
			324	75
			325	76
			326	77
			326	78
			327	79
			328	79
			329	80
			330	81
			330	82
			331	83
			332	84
			333	85
			334	86
			335	87
			336	88
			337	89
			337	90
			338	91
			338	92
			337	92
			337	93
			337	94
			337	95
			336	95
			336	96
			336	97
			336	98
			335	99
			335	100
			335	101
			335	102
			335	103
			335	104
			335	105
			336	106
			336	107
			336	108
			337	109
			338	110
			339	111
			340	112
			341	113
			342	113
			343	114
			344	114
			345	114
			346	115
			347	115
			348	115
			349	115
			350	115
			351	116
			352	116
			353	116
			354	116
			355	116
			356	116
			357	116
			358	116
			359	117
			360	117
			361	118
			362	118
			363	119
			364	120
			365	120
			366	121
			366	122
			367	122
			368	123
			369	124
			370	124
			370	125
			371	126
			372	126
			372	127
			373	128
			374	129
			375	130
			375	131
			376	132
			376	133
			377	134
			377	135
			378	136
			378	137
			378	138
			378	139
			379	140
			379	141
			379	142
			379	143
			379	144
			378	145
			378	146
			378	147
			378	148
			378	149
			377	150
			377	151
			376	152
			376	153
			375	154
			375	155
			374	156
			374	157
			373	158
			372	159
			371	160
			371	161
			370	162
			369	163
			368	164
			367	165
			366	166
			365	167
			364	168
			363	168
			362	169
			361	169
			360	169
			359	170
			358	170
			357	170
			356	170
			356	171
			355	171
			354	171
			353	171
			353	172
			352	172
			351	172
			350	173
			349	173
			348	174
			347	174
			347	175
			346	175
			345	176
			345	177
			344	178
			345	179
			345	180
			346	181
			347	181
			348	182
			349	182
			350	182
			351	183
			352	183
			353	183
			354	184
			355	184
			356	184
			357	184
			358	184
			359	185
			360	185
			361	185
			362	184
			363	183
			364	182
			365	181
			366	180
			367	179
			368	179
			369	178
			370	177
			371	177
			372	176
			373	176
			374	175
			375	175
			376	175
			377	174
			378	174
			379	174
			380	174
			381	174
			382	174
			383	175
			384	175
			385	176
			386	176
			387	176
			387	177
			388	177
			389	178
			390	179
			391	180
		</suture>
		<anterior type=matrix rownames=FALSE colnames=FALSE nrow=255 ncol=2 as.numeric=TRUE >
			246	16
			247	16
			248	16
			249	17
			250	17
			251	17
			252	17
			253	17
			254	18
			255	18
			256	18
			257	19
			258	19
			259	19
			260	20
			261	20
			262	20
			263	20
			264	21
			265	21
			266	22
			267	22
			268	23
			269	23
			270	23
			271	24
			272	24
			273	25
			274	25
			275	26
			276	26
			277	27
			278	27
			279	28
			280	29
			281	29
			282	30
			283	30
			284	31
			285	32
			286	32
			287	33
			288	33
			289	34
			289	35
			290	35
			291	36
			292	37
			293	38
			294	38
			295	39
			296	40
			297	41
			298	41
			299	42
			300	42
			300	43
			301	43
			302	44
			303	45
			304	46
			305	47
			306	47
			307	48
			308	49
			309	49
			310	50
			311	51
			312	52
			313	52
			314	53
			315	54
			316	55
			317	56
			318	57
			319	58
			320	58
			321	59
			322	60
			323	61
			324	62
			325	62
			326	63
			327	64
			328	65
			329	65
			329	66
			330	67
			331	68
			332	69
			333	70
			334	71
			335	71
			336	72
			337	73
			338	73
			338	74
			339	75
			340	75
			340	76
			341	76
			342	77
			343	78
			344	79
			345	80
			346	81
			347	81
			348	82
			348	83
			349	84
			350	84
			351	85
			352	86
			352	87
			353	87
			353	88
			354	89
			355	90
			355	91
			356	92
			356	93
			357	94
			358	95
			358	96
			358	97
			359	98
			359	99
			360	100
			360	101
			361	101
			361	102
			361	103
			362	104
			362	105
			362	106
			362	107
			363	107
			363	108
			363	109
			363	110
			364	111
			364	112
			364	113
			365	114
			366	114
			367	114
			367	115
			368	115
			369	116
			370	117
			371	118
			372	119
			373	120
			374	121
			374	122
			375	123
			376	124
			376	125
			377	126
			377	127
			378	128
			378	129
			379	130
			379	131
			380	132
			380	133
			381	134
			381	135
			381	136
			381	137
			382	137
			382	138
			382	139
			382	140
			383	140
			383	141
			383	142
			383	143
			384	143
			384	144
			384	145
			384	146
			385	147
			385	148
			385	149
			386	150
			386	151
			386	152
			387	153
			387	154
			387	155
			387	156
			387	157
			388	158
			388	159
			388	160
			388	161
			388	162
			389	163
			389	164
			389	165
			389	166
			390	167
			390	168
			390	169
			390	170
			390	171
			391	172
			391	173
			391	174
			391	175
			391	176
			391	177
			392	178
			392	179
			392	180
			392	181
			392	182
			392	183
			393	184
			393	185
			393	186
			393	187
			393	188
			393	189
			393	190
			394	191
			394	192
			394	193
			394	194
			394	195
			394	196
			394	197
			395	198
			395	199
			395	200
			395	201
			395	202
			395	203
			395	204
			395	205
			396	206
			396	207
			396	208
			396	209
			396	210
			396	211
			396	212
			396	213
			396	214
			397	215
			397	216
			397	217
			397	218
			397	219
		</anterior>
		<posterior type=matrix rownames=FALSE colnames=FALSE nrow=570 ncol=2 as.numeric=TRUE >
			242	219
			243	219
			244	218
			245	218
			246	218
			247	218
			248	218
			249	217
			250	217
			251	217
			252	217
			253	217
			254	216
			255	216
			256	216
			257	216
			258	216
			259	215
			260	215
			261	215
			262	215
			263	215
			264	215
			265	214
			266	214
			267	214
			268	214
			269	214
			270	214
			271	214
			272	214
			273	214
			274	214
			275	214
			276	214
			277	214
			278	214
			279	214
			280	214
			281	214
			282	214
			283	214
			284	214
			285	214
			286	214
			287	214
			288	214
			289	214
			290	214
			291	215
			292	215
			293	215
			294	215
			295	215
			296	215
			297	215
			298	215
			299	215
			300	215
			301	216
			302	216
			303	216
			304	216
			305	216
			306	216
			307	216
			308	216
			309	217
			310	217
			311	217
			312	217
			313	217
			314	218
			315	218
			316	218
			317	218
			318	218
			319	219
			320	219
			321	219
			322	219
			323	219
			324	220
			325	220
			326	220
			327	220
			328	220
			329	221
			330	221
			331	221
			332	222
			333	222
			334	222
			335	222
			336	223
			337	223
			338	223
			339	224
			340	224
			341	224
			342	224
			343	225
			344	225
			345	225
			345	226
			346	226
			347	226
			348	227
			349	227
			350	227
			351	228
			352	228
			353	229
			354	229
			355	229
			356	230
			357	230
			358	231
			359	231
			360	232
			361	232
			362	232
			363	233
			364	233
			365	234
			366	234
			367	235
			368	235
			369	236
			370	236
			371	237
			372	237
			373	238
			373	239
			373	240
			374	241
			374	242
			374	243
			374	244
			375	245
			375	246
			375	247
			375	248
			376	249
			376	250
			376	251
			376	252
			376	253
			376	254
			377	255
			377	256
			377	257
			377	258
			377	259
			377	260
			378	261
			378	262
			378	263
			378	264
			378	265
			378	266
			378	267
			378	268
			378	269
			379	270
			379	271
			379	272
			379	273
			379	274
			379	275
			379	276
			379	277
			379	278
			379	279
			379	280
			379	281
			379	282
			380	283
			380	284
			380	285
			380	286
			380	287
			380	288
			380	289
			380	290
			380	291
			380	292
			380	293
			380	294
			380	295
			380	296
			380	297
			380	298
			380	299
			380	300
			380	301
			380	302
			380	303
			380	304
			380	305
			380	306
			380	307
			380	308
			380	309
			381	310
			381	311
			381	312
			381	313
			381	314
			381	315
			381	316
			381	317
			381	318
			381	319
			381	320
			381	321
			381	322
			381	323
			381	324
			381	325
			381	326
			381	327
			381	328
			381	329
			381	330
			380	331
			380	332
			380	333
			380	334
			380	335
			380	336
			380	337
			380	338
			380	339
			380	340
			380	341
			380	342
			380	343
			380	344
			380	345
			380	346
			380	347
			380	348
			380	349
			380	350
			380	351
			380	352
			380	353
			380	354
			380	355
			380	356
			380	357
			380	358
			380	359
			380	360
			380	361
			380	362
			380	363
			380	364
			380	365
			380	366
			379	367
			379	368
			379	369
			379	370
			379	371
			379	372
			379	373
			379	374
			379	375
			379	376
			379	377
			379	378
			379	379
			379	380
			380	381
			380	382
			380	383
			380	384
			380	385
			381	386
			381	387
			381	388
			381	389
			381	390
			381	391
			382	392
			382	393
			382	394
			382	395
			383	396
			383	397
			383	398
			383	399
			383	400
			384	401
			384	402
			384	403
			384	404
			385	405
			385	406
			385	407
			385	408
			385	409
			386	410
			386	411
			386	412
			386	413
			387	414
			387	415
			387	416
			387	417
			387	418
			388	419
			388	420
			388	421
			388	422
			389	423
			389	424
			389	425
			390	426
			390	427
			390	428
			390	429
			391	430
			391	431
			391	432
			391	433
			392	434
			392	435
			392	436
			392	437
			393	438
			393	439
			393	440
			393	441
			394	442
			394	443
			394	444
			395	445
			395	446
			395	445
			396	444
			396	443
			396	442
			396	441
			397	440
			397	439
			397	438
			397	437
			398	436
			398	435
			398	434
			398	433
			398	432
			399	431
			399	430
			399	429
			399	428
			399	427
			400	426
			400	425
			400	424
			400	423
			400	422
			400	421
			401	420
			401	419
			401	418
			401	417
			401	416
			401	415
			402	414
			402	413
			402	412
			402	411
			402	410
			402	409
			402	408
			403	407
			403	406
			403	405
			403	404
			403	403
			403	402
			403	401
			404	400
			404	399
			404	398
			404	397
			404	396
			404	395
			404	394
			404	393
			405	392
			405	391
			405	390
			405	389
			405	388
			405	387
			405	386
			405	385
			405	384
			405	383
			405	382
			406	381
			406	380
			406	379
			406	378
			406	377
			406	376
			406	375
			406	374
			406	373
			406	372
			406	371
			406	370
			406	369
			407	368
			407	367
			407	366
			407	365
			407	364
			407	363
			407	362
			407	361
			407	360
			407	359
			407	358
			407	357
			407	356
			407	355
			407	354
			407	353
			407	352
			407	351
			407	350
			407	349
			407	348
			407	347
			407	346
			407	345
			407	344
			407	343
			407	342
			407	341
			407	340
			408	340
			408	339
			408	338
			408	337
			408	336
			408	335
			408	334
			408	333
			408	332
			408	331
			407	330
			407	329
			407	328
			407	327
			407	326
			407	325
			407	324
			407	323
			407	322
			407	321
			407	320
			407	319
			407	318
			407	317
			407	316
			407	315
			407	314
			407	313
			407	312
			407	311
			407	310
			407	309
			407	308
			407	307
			407	306
			407	305
			407	304
			407	303
			407	302
			407	301
			406	300
			406	299
			406	298
			406	297
			406	296
			406	295
			406	294
			406	293
			406	292
			406	291
			406	290
			406	289
			406	288
			406	287
			406	286
			405	285
			405	284
			405	283
			405	282
			405	281
			405	280
			405	279
			405	278
			405	277
			405	276
			405	275
			404	274
			404	273
			404	272
			404	271
			404	270
			404	269
			404	268
			404	267
			404	266
			403	265
			403	264
			403	263
			403	262
			403	261
			403	260
			403	259
			403	258
			403	257
			402	256
			402	255
			402	254
			402	253
			402	252
			402	251
			402	250
			402	249
			401	248
			401	247
			401	246
			401	245
			401	244
			401	243
			401	242
			400	241
			400	240
			400	239
			400	238
			400	237
			400	236
			400	235
			400	234
			399	234
			399	233
			399	232
			399	231
			399	230
			399	229
			398	228
			398	227
			398	226
			398	225
			398	224
			398	223
			398	222
			397	221
			397	220
			397	219
		</posterior>
	</curves.pixel>
	<curves.scaled type=list>
		<glabella type=matrix rownames=FALSE colnames=FALSE nrow=226 ncol=2 as.numeric=TRUE >
			6.56	-1.09333333333333
			6.58666666666667	-1.09333333333333
			6.61333333333333	-1.09333333333333
			6.64	-1.09333333333333
			6.66666666666667	-1.12
			6.69333333333333	-1.12
			6.72	-1.12
			6.74666666666667	-1.12
			6.77333333333333	-1.12
			6.8	-1.12
			6.82666666666667	-1.14666666666667
			6.85333333333333	-1.14666666666667
			6.88	-1.14666666666667
			6.90666666666667	-1.14666666666667
			6.93333333333333	-1.14666666666667
			6.96	-1.17333333333333
			6.98666666666667	-1.17333333333333
			7.01333333333333	-1.17333333333333
			7.04	-1.17333333333333
			7.06666666666667	-1.17333333333333
			7.09333333333333	-1.2
			7.12	-1.2
			7.14666666666667	-1.2
			7.17333333333333	-1.2
			7.2	-1.22666666666667
			7.22666666666667	-1.22666666666667
			7.25333333333333	-1.25333333333333
			7.28	-1.25333333333333
			7.30666666666667	-1.25333333333333
			7.33333333333333	-1.25333333333333
			7.36	-1.28
			7.38666666666667	-1.28
			7.41333333333333	-1.28
			7.44	-1.30666666666667
			7.46666666666667	-1.30666666666667
			7.49333333333333	-1.30666666666667
			7.52	-1.33333333333333
			7.54666666666667	-1.33333333333333
			7.57333333333333	-1.36
			7.6	-1.36
			7.62666666666667	-1.36
			7.65333333333333	-1.38666666666667
			7.68	-1.41333333333333
			7.70666666666667	-1.41333333333333
			7.73333333333333	-1.41333333333333
			7.76	-1.44
			7.78666666666667	-1.44
			7.81333333333333	-1.46666666666667
			7.84	-1.46666666666667
			7.86666666666667	-1.49333333333333
			7.89333333333333	-1.49333333333333
			7.89333333333333	-1.52
			7.92	-1.52
			7.94666666666667	-1.54666666666667
			7.97333333333333	-1.57333333333333
			8	-1.57333333333333
			8.02666666666667	-1.6
			8.05333333333333	-1.62666666666667
			8.08	-1.65333333333333
			8.10666666666667	-1.65333333333333
			8.13333333333333	-1.68
			8.16	-1.70666666666667
			8.18666666666667	-1.70666666666667
			8.21333333333333	-1.73333333333333
			8.24	-1.76
			8.24	-1.78666666666667
			8.26666666666667	-1.81333333333333
			8.29333333333333	-1.81333333333333
			8.32	-1.84
			8.34666666666667	-1.86666666666667
			8.34666666666667	-1.89333333333333
			8.37333333333333	-1.92
			8.4	-1.94666666666667
			8.42666666666667	-1.94666666666667
			8.42666666666667	-1.97333333333333
			8.45333333333333	-2
			8.48	-2.02666666666667
			8.48	-2.05333333333333
			8.50666666666667	-2.08
			8.53333333333333	-2.10666666666667
			8.53333333333333	-2.13333333333333
			8.56	-2.16
			8.58666666666667	-2.18666666666667
			8.58666666666667	-2.21333333333333
			8.61333333333333	-2.24
			8.61333333333333	-2.26666666666667
			8.64	-2.29333333333333
			8.64	-2.32
			8.66666666666667	-2.34666666666667
			8.66666666666667	-2.37333333333333
			8.69333333333333	-2.4
			8.69333333333333	-2.42666666666667
			8.72	-2.45333333333333
			8.72	-2.48
			8.74666666666667	-2.50666666666667
			8.74666666666667	-2.53333333333333
			8.77333333333333	-2.56
			8.77333333333333	-2.58666666666667
			8.77333333333333	-2.61333333333333
			8.8	-2.64
			8.8	-2.66666666666667
			8.8	-2.69333333333333
			8.8	-2.72
			8.82666666666667	-2.74666666666667
			8.82666666666667	-2.77333333333333
			8.8	-2.8
			8.77333333333333	-2.8
			8.77333333333333	-2.82666666666667
			8.74666666666667	-2.82666666666667
			8.72	-2.85333333333333
			8.69333333333333	-2.88
			8.66666666666667	-2.88
			8.64	-2.90666666666667
			8.61333333333333	-2.93333333333333
			8.58666666666667	-2.96
			8.58666666666667	-2.98666666666667
			8.56	-2.98666666666667
			8.53333333333333	-3.01333333333333
			8.50666666666667	-3.04
			8.48	-3.06666666666667
			8.45333333333333	-3.09333333333333
			8.45333333333333	-3.12
			8.42666666666667	-3.14666666666667
			8.4	-3.17333333333333
			8.37333333333333	-3.2
			8.37333333333333	-3.22666666666667
			8.34666666666667	-3.25333333333333
			8.34666666666667	-3.28
			8.32	-3.28
			8.32	-3.30666666666667
			8.29333333333333	-3.33333333333333
			8.26666666666667	-3.36
			8.26666666666667	-3.38666666666667
			8.24	-3.41333333333333
			8.24	-3.44
			8.21333333333333	-3.46666666666667
			8.21333333333333	-3.49333333333333
			8.18666666666667	-3.52
			8.18666666666667	-3.54666666666667
			8.16	-3.57333333333333
			8.16	-3.6
			8.13333333333333	-3.62666666666667
			8.10666666666667	-3.65333333333333
			8.10666666666667	-3.68
			8.08	-3.70666666666667
			8.08	-3.73333333333333
			8.05333333333333	-3.76
			8.05333333333333	-3.78666666666667
			8.05333333333333	-3.81333333333333
			8.02666666666667	-3.81333333333333
			8.02666666666667	-3.84
			8.02666666666667	-3.86666666666667
			8	-3.89333333333333
			8	-3.92
			7.97333333333333	-3.94666666666667
			7.97333333333333	-3.97333333333333
			7.97333333333333	-4
			7.94666666666667	-4.02666666666667
			7.94666666666667	-4.05333333333333
			7.92	-4.08
			7.92	-4.10666666666667
			7.92	-4.13333333333333
			7.89333333333333	-4.16
			7.89333333333333	-4.18666666666667
			7.89333333333333	-4.21333333333333
			7.86666666666667	-4.24
			7.86666666666667	-4.26666666666667
			7.84	-4.29333333333333
			7.84	-4.32
			7.84	-4.34666666666667
			7.81333333333333	-4.37333333333333
			7.81333333333333	-4.4
			7.81333333333333	-4.42666666666667
			7.78666666666667	-4.45333333333333
			7.78666666666667	-4.48
			7.78666666666667	-4.50666666666667
			7.76	-4.53333333333333
			7.76	-4.56
			7.76	-4.58666666666667
			7.73333333333333	-4.58666666666667
			7.73333333333333	-4.61333333333333
			7.70666666666667	-4.64
			7.70666666666667	-4.66666666666667
			7.68	-4.69333333333333
			7.65333333333333	-4.72
			7.65333333333333	-4.74666666666667
			7.62666666666667	-4.77333333333333
			7.62666666666667	-4.8
			7.6	-4.8
			7.6	-4.82666666666667
			7.57333333333333	-4.85333333333333
			7.57333333333333	-4.88
			7.57333333333333	-4.90666666666667
			7.54666666666667	-4.93333333333333
			7.52	-4.96
			7.52	-4.98666666666667
			7.49333333333333	-5.01333333333333
			7.46666666666667	-5.04
			7.46666666666667	-5.06666666666667
			7.44	-5.09333333333333
			7.44	-5.12
			7.44	-5.14666666666667
			7.41333333333333	-5.14666666666667
			7.41333333333333	-5.17333333333333
			7.41333333333333	-5.2
			7.38666666666667	-5.2
			7.38666666666667	-5.22666666666667
			7.38666666666667	-5.25333333333333
			7.36	-5.28
			7.33333333333333	-5.30666666666667
			7.33333333333333	-5.33333333333333
			7.30666666666667	-5.36
			7.30666666666667	-5.38666666666667
			7.28	-5.41333333333333
			7.28	-5.44
			7.28	-5.46666666666667
			7.25333333333333	-5.49333333333333
			7.25333333333333	-5.52
			7.22666666666667	-5.52
			7.22666666666667	-5.54666666666667
			7.2	-5.57333333333333
			7.2	-5.6
			7.17333333333333	-5.62666666666667
			7.17333333333333	-5.65333333333333
			7.14666666666667	-5.68
			7.14666666666667	-5.70666666666667
		</glabella>
		<suture type=matrix rownames=FALSE colnames=FALSE nrow=275 ncol=2 as.numeric=TRUE >
			6.56	-0.773333333333333
			6.58666666666667	-0.773333333333333
			6.61333333333333	-0.8
			6.64	-0.8
			6.66666666666667	-0.8
			6.66666666666667	-0.826666666666667
			6.69333333333333	-0.826666666666667
			6.72	-0.826666666666667
			6.74666666666667	-0.826666666666667
			6.74666666666667	-0.853333333333333
			6.77333333333333	-0.853333333333333
			6.8	-0.853333333333333
			6.82666666666667	-0.88
			6.85333333333333	-0.88
			6.88	-0.906666666666667
			6.90666666666667	-0.906666666666667
			6.93333333333333	-0.906666666666667
			6.96	-0.906666666666667
			6.98666666666667	-0.933333333333333
			7.01333333333333	-0.933333333333333
			7.04	-0.96
			7.06666666666667	-0.96
			7.09333333333333	-0.986666666666667
			7.12	-0.986666666666667
			7.14666666666667	-1.01333333333333
			7.17333333333333	-1.01333333333333
			7.2	-1.01333333333333
			7.22666666666667	-1.04
			7.25333333333333	-1.04
			7.28	-1.06666666666667
			7.30666666666667	-1.09333333333333
			7.33333333333333	-1.09333333333333
			7.36	-1.09333333333333
			7.38666666666667	-1.12
			7.41333333333333	-1.12
			7.44	-1.14666666666667
			7.46666666666667	-1.17333333333333
			7.49333333333333	-1.17333333333333
			7.52	-1.17333333333333
			7.52	-1.2
			7.54666666666667	-1.2
			7.57333333333333	-1.22666666666667
			7.6	-1.22666666666667
			7.62666666666667	-1.25333333333333
			7.65333333333333	-1.25333333333333
			7.68	-1.28
			7.70666666666667	-1.28
			7.73333333333333	-1.30666666666667
			7.76	-1.30666666666667
			7.76	-1.33333333333333
			7.78666666666667	-1.36
			7.81333333333333	-1.36
			7.84	-1.38666666666667
			7.86666666666667	-1.38666666666667
			7.89333333333333	-1.41333333333333
			7.92	-1.41333333333333
			7.92	-1.44
			7.94666666666667	-1.44
			7.97333333333333	-1.46666666666667
			8	-1.46666666666667
			8.02666666666667	-1.49333333333333
			8.05333333333333	-1.52
			8.08	-1.54666666666667
			8.10666666666667	-1.54666666666667
			8.13333333333333	-1.57333333333333
			8.16	-1.6
			8.18666666666667	-1.62666666666667
			8.21333333333333	-1.62666666666667
			8.24	-1.65333333333333
			8.26666666666667	-1.68
			8.29333333333333	-1.70666666666667
			8.32	-1.70666666666667
			8.34666666666667	-1.73333333333333
			8.37333333333333	-1.76
			8.37333333333333	-1.78666666666667
			8.4	-1.78666666666667
			8.42666666666667	-1.81333333333333
			8.45333333333333	-1.84
			8.48	-1.86666666666667
			8.50666666666667	-1.86666666666667
			8.53333333333333	-1.89333333333333
			8.56	-1.92
			8.56	-1.94666666666667
			8.58666666666667	-1.97333333333333
			8.61333333333333	-1.97333333333333
			8.64	-2
			8.66666666666667	-2.02666666666667
			8.69333333333333	-2.05333333333333
			8.69333333333333	-2.08
			8.72	-2.10666666666667
			8.74666666666667	-2.10666666666667
			8.77333333333333	-2.13333333333333
			8.8	-2.16
			8.8	-2.18666666666667
			8.82666666666667	-2.21333333333333
			8.85333333333333	-2.24
			8.88	-2.26666666666667
			8.90666666666667	-2.29333333333333
			8.93333333333333	-2.32
			8.96	-2.34666666666667
			8.98666666666667	-2.37333333333333
			8.98666666666667	-2.4
			9.01333333333333	-2.42666666666667
			9.01333333333333	-2.45333333333333
			8.98666666666667	-2.45333333333333
			8.98666666666667	-2.48
			8.98666666666667	-2.50666666666667
			8.98666666666667	-2.53333333333333
			8.96	-2.53333333333333
			8.96	-2.56
			8.96	-2.58666666666667
			8.96	-2.61333333333333
			8.93333333333333	-2.64
			8.93333333333333	-2.66666666666667
			8.93333333333333	-2.69333333333333
			8.93333333333333	-2.72
			8.93333333333333	-2.74666666666667
			8.93333333333333	-2.77333333333333
			8.93333333333333	-2.8
			8.96	-2.82666666666667
			8.96	-2.85333333333333
			8.96	-2.88
			8.98666666666667	-2.90666666666667
			9.01333333333333	-2.93333333333333
			9.04	-2.96
			9.06666666666667	-2.98666666666667
			9.09333333333333	-3.01333333333333
			9.12	-3.01333333333333
			9.14666666666667	-3.04
			9.17333333333333	-3.04
			9.2	-3.04
			9.22666666666667	-3.06666666666667
			9.25333333333333	-3.06666666666667
			9.28	-3.06666666666667
			9.30666666666667	-3.06666666666667
			9.33333333333333	-3.06666666666667
			9.36	-3.09333333333333
			9.38666666666667	-3.09333333333333
			9.41333333333333	-3.09333333333333
			9.44	-3.09333333333333
			9.46666666666667	-3.09333333333333
			9.49333333333333	-3.09333333333333
			9.52	-3.09333333333333
			9.54666666666667	-3.09333333333333
			9.57333333333333	-3.12
			9.6	-3.12
			9.62666666666667	-3.14666666666667
			9.65333333333333	-3.14666666666667
			9.68	-3.17333333333333
			9.70666666666667	-3.2
			9.73333333333333	-3.2
			9.76	-3.22666666666667
			9.76	-3.25333333333333
			9.78666666666667	-3.25333333333333
			9.81333333333333	-3.28
			9.84	-3.30666666666667
			9.86666666666667	-3.30666666666667
			9.86666666666667	-3.33333333333333
			9.89333333333333	-3.36
			9.92	-3.36
			9.92	-3.38666666666667
			9.94666666666667	-3.41333333333333
			9.97333333333333	-3.44
			10	-3.46666666666667
			10	-3.49333333333333
			10.0266666666667	-3.52
			10.0266666666667	-3.54666666666667
			10.0533333333333	-3.57333333333333
			10.0533333333333	-3.6
			10.08	-3.62666666666667
			10.08	-3.65333333333333
			10.08	-3.68
			10.08	-3.70666666666667
			10.1066666666667	-3.73333333333333
			10.1066666666667	-3.76
			10.1066666666667	-3.78666666666667
			10.1066666666667	-3.81333333333333
			10.1066666666667	-3.84
			10.08	-3.86666666666667
			10.08	-3.89333333333333
			10.08	-3.92
			10.08	-3.94666666666667
			10.08	-3.97333333333333
			10.0533333333333	-4
			10.0533333333333	-4.02666666666667
			10.0266666666667	-4.05333333333333
			10.0266666666667	-4.08
			10	-4.10666666666667
			10	-4.13333333333333
			9.97333333333333	-4.16
			9.97333333333333	-4.18666666666667
			9.94666666666667	-4.21333333333333
			9.92	-4.24
			9.89333333333333	-4.26666666666667
			9.89333333333333	-4.29333333333333
			9.86666666666667	-4.32
			9.84	-4.34666666666667
			9.81333333333333	-4.37333333333333
			9.78666666666667	-4.4
			9.76	-4.42666666666667
			9.73333333333333	-4.45333333333333
			9.70666666666667	-4.48
			9.68	-4.48
			9.65333333333333	-4.50666666666667
			9.62666666666667	-4.50666666666667
			9.6	-4.50666666666667
			9.57333333333333	-4.53333333333333
			9.54666666666667	-4.53333333333333
			9.52	-4.53333333333333
			9.49333333333333	-4.53333333333333
			9.49333333333333	-4.56
			9.46666666666667	-4.56
			9.44	-4.56
			9.41333333333333	-4.56
			9.41333333333333	-4.58666666666667
			9.38666666666667	-4.58666666666667
			9.36	-4.58666666666667
			9.33333333333333	-4.61333333333333
			9.30666666666667	-4.61333333333333
			9.28	-4.64
			9.25333333333333	-4.64
			9.25333333333333	-4.66666666666667
			9.22666666666667	-4.66666666666667
			9.2	-4.69333333333333
			9.2	-4.72
			9.17333333333333	-4.74666666666667
			9.2	-4.77333333333333
			9.2	-4.8
			9.22666666666667	-4.82666666666667
			9.25333333333333	-4.82666666666667
			9.28	-4.85333333333333
			9.30666666666667	-4.85333333333333
			9.33333333333333	-4.85333333333333
			9.36	-4.88
			9.38666666666667	-4.88
			9.41333333333333	-4.88
			9.44	-4.90666666666667
			9.46666666666667	-4.90666666666667
			9.49333333333333	-4.90666666666667
			9.52	-4.90666666666667
			9.54666666666667	-4.90666666666667
			9.57333333333333	-4.93333333333333
			9.6	-4.93333333333333
			9.62666666666667	-4.93333333333333
			9.65333333333333	-4.90666666666667
			9.68	-4.88
			9.70666666666667	-4.85333333333333
			9.73333333333333	-4.82666666666667
			9.76	-4.8
			9.78666666666667	-4.77333333333333
			9.81333333333333	-4.77333333333333
			9.84	-4.74666666666667
			9.86666666666667	-4.72
			9.89333333333333	-4.72
			9.92	-4.69333333333333
			9.94666666666667	-4.69333333333333
			9.97333333333333	-4.66666666666667
			10	-4.66666666666667
			10.0266666666667	-4.66666666666667
			10.0533333333333	-4.64
			10.08	-4.64
			10.1066666666667	-4.64
			10.1333333333333	-4.64
			10.16	-4.64
			10.1866666666667	-4.64
			10.2133333333333	-4.66666666666667
			10.24	-4.66666666666667
			10.2666666666667	-4.69333333333333
			10.2933333333333	-4.69333333333333
			10.32	-4.69333333333333
			10.32	-4.72
			10.3466666666667	-4.72
			10.3733333333333	-4.74666666666667
			10.4	-4.77333333333333
			10.4266666666667	-4.8
		</suture>
		<anterior type=matrix rownames=FALSE colnames=FALSE nrow=255 ncol=2 as.numeric=TRUE >
			6.56	-0.426666666666667
			6.58666666666667	-0.426666666666667
			6.61333333333333	-0.426666666666667
			6.64	-0.453333333333333
			6.66666666666667	-0.453333333333333
			6.69333333333333	-0.453333333333333
			6.72	-0.453333333333333
			6.74666666666667	-0.453333333333333
			6.77333333333333	-0.48
			6.8	-0.48
			6.82666666666667	-0.48
			6.85333333333333	-0.506666666666667
			6.88	-0.506666666666667
			6.90666666666667	-0.506666666666667
			6.93333333333333	-0.533333333333333
			6.96	-0.533333333333333
			6.98666666666667	-0.533333333333333
			7.01333333333333	-0.533333333333333
			7.04	-0.56
			7.06666666666667	-0.56
			7.09333333333333	-0.586666666666667
			7.12	-0.586666666666667
			7.14666666666667	-0.613333333333333
			7.17333333333333	-0.613333333333333
			7.2	-0.613333333333333
			7.22666666666667	-0.64
			7.25333333333333	-0.64
			7.28	-0.666666666666667
			7.30666666666667	-0.666666666666667
			7.33333333333333	-0.693333333333333
			7.36	-0.693333333333333
			7.38666666666667	-0.72
			7.41333333333333	-0.72
			7.44	-0.746666666666667
			7.46666666666667	-0.773333333333333
			7.49333333333333	-0.773333333333333
			7.52	-0.8
			7.54666666666667	-0.8
			7.57333333333333	-0.826666666666667
			7.6	-0.853333333333333
			7.62666666666667	-0.853333333333333
			7.65333333333333	-0.88
			7.68	-0.88
			7.70666666666667	-0.906666666666667
			7.70666666666667	-0.933333333333333
			7.73333333333333	-0.933333333333333
			7.76	-0.96
			7.78666666666667	-0.986666666666667
			7.81333333333333	-1.01333333333333
			7.84	-1.01333333333333
			7.86666666666667	-1.04
			7.89333333333333	-1.06666666666667
			7.92	-1.09333333333333
			7.94666666666667	-1.09333333333333
			7.97333333333333	-1.12
			8	-1.12
			8	-1.14666666666667
			8.02666666666667	-1.14666666666667
			8.05333333333333	-1.17333333333333
			8.08	-1.2
			8.10666666666667	-1.22666666666667
			8.13333333333333	-1.25333333333333
			8.16	-1.25333333333333
			8.18666666666667	-1.28
			8.21333333333333	-1.30666666666667
			8.24	-1.30666666666667
			8.26666666666667	-1.33333333333333
			8.29333333333333	-1.36
			8.32	-1.38666666666667
			8.34666666666667	-1.38666666666667
			8.37333333333333	-1.41333333333333
			8.4	-1.44
			8.42666666666667	-1.46666666666667
			8.45333333333333	-1.49333333333333
			8.48	-1.52
			8.50666666666667	-1.54666666666667
			8.53333333333333	-1.54666666666667
			8.56	-1.57333333333333
			8.58666666666667	-1.6
			8.61333333333333	-1.62666666666667
			8.64	-1.65333333333333
			8.66666666666667	-1.65333333333333
			8.69333333333333	-1.68
			8.72	-1.70666666666667
			8.74666666666667	-1.73333333333333
			8.77333333333333	-1.73333333333333
			8.77333333333333	-1.76
			8.8	-1.78666666666667
			8.82666666666667	-1.81333333333333
			8.85333333333333	-1.84
			8.88	-1.86666666666667
			8.90666666666667	-1.89333333333333
			8.93333333333333	-1.89333333333333
			8.96	-1.92
			8.98666666666667	-1.94666666666667
			9.01333333333333	-1.94666666666667
			9.01333333333333	-1.97333333333333
			9.04	-2
			9.06666666666667	-2
			9.06666666666667	-2.02666666666667
			9.09333333333333	-2.02666666666667
			9.12	-2.05333333333333
			9.14666666666667	-2.08
			9.17333333333333	-2.10666666666667
			9.2	-2.13333333333333
			9.22666666666667	-2.16
			9.25333333333333	-2.16
			9.28	-2.18666666666667
			9.28	-2.21333333333333
			9.30666666666667	-2.24
			9.33333333333333	-2.24
			9.36	-2.26666666666667
			9.38666666666667	-2.29333333333333
			9.38666666666667	-2.32
			9.41333333333333	-2.32
			9.41333333333333	-2.34666666666667
			9.44	-2.37333333333333
			9.46666666666667	-2.4
			9.46666666666667	-2.42666666666667
			9.49333333333333	-2.45333333333333
			9.49333333333333	-2.48
			9.52	-2.50666666666667
			9.54666666666667	-2.53333333333333
			9.54666666666667	-2.56
			9.54666666666667	-2.58666666666667
			9.57333333333333	-2.61333333333333
			9.57333333333333	-2.64
			9.6	-2.66666666666667
			9.6	-2.69333333333333
			9.62666666666667	-2.69333333333333
			9.62666666666667	-2.72
			9.62666666666667	-2.74666666666667
			9.65333333333333	-2.77333333333333
			9.65333333333333	-2.8
			9.65333333333333	-2.82666666666667
			9.65333333333333	-2.85333333333333
			9.68	-2.85333333333333
			9.68	-2.88
			9.68	-2.90666666666667
			9.68	-2.93333333333333
			9.70666666666667	-2.96
			9.70666666666667	-2.98666666666667
			9.70666666666667	-3.01333333333333
			9.73333333333333	-3.04
			9.76	-3.04
			9.78666666666667	-3.04
			9.78666666666667	-3.06666666666667
			9.81333333333333	-3.06666666666667
			9.84	-3.09333333333333
			9.86666666666667	-3.12
			9.89333333333333	-3.14666666666667
			9.92	-3.17333333333333
			9.94666666666667	-3.2
			9.97333333333333	-3.22666666666667
			9.97333333333333	-3.25333333333333
			10	-3.28
			10.0266666666667	-3.30666666666667
			10.0266666666667	-3.33333333333333
			10.0533333333333	-3.36
			10.0533333333333	-3.38666666666667
			10.08	-3.41333333333333
			10.08	-3.44
			10.1066666666667	-3.46666666666667
			10.1066666666667	-3.49333333333333
			10.1333333333333	-3.52
			10.1333333333333	-3.54666666666667
			10.16	-3.57333333333333
			10.16	-3.6
			10.16	-3.62666666666667
			10.16	-3.65333333333333
			10.1866666666667	-3.65333333333333
			10.1866666666667	-3.68
			10.1866666666667	-3.70666666666667
			10.1866666666667	-3.73333333333333
			10.2133333333333	-3.73333333333333
			10.2133333333333	-3.76
			10.2133333333333	-3.78666666666667
			10.2133333333333	-3.81333333333333
			10.24	-3.81333333333333
			10.24	-3.84
			10.24	-3.86666666666667
			10.24	-3.89333333333333
			10.2666666666667	-3.92
			10.2666666666667	-3.94666666666667
			10.2666666666667	-3.97333333333333
			10.2933333333333	-4
			10.2933333333333	-4.02666666666667
			10.2933333333333	-4.05333333333333
			10.32	-4.08
			10.32	-4.10666666666667
			10.32	-4.13333333333333
			10.32	-4.16
			10.32	-4.18666666666667
			10.3466666666667	-4.21333333333333
			10.3466666666667	-4.24
			10.3466666666667	-4.26666666666667
			10.3466666666667	-4.29333333333333
			10.3466666666667	-4.32
			10.3733333333333	-4.34666666666667
			10.3733333333333	-4.37333333333333
			10.3733333333333	-4.4
			10.3733333333333	-4.42666666666667
			10.4	-4.45333333333333
			10.4	-4.48
			10.4	-4.50666666666667
			10.4	-4.53333333333333
			10.4	-4.56
			10.4266666666667	-4.58666666666667
			10.4266666666667	-4.61333333333333
			10.4266666666667	-4.64
			10.4266666666667	-4.66666666666667
			10.4266666666667	-4.69333333333333
			10.4266666666667	-4.72
			10.4533333333333	-4.74666666666667
			10.4533333333333	-4.77333333333333
			10.4533333333333	-4.8
			10.4533333333333	-4.82666666666667
			10.4533333333333	-4.85333333333333
			10.4533333333333	-4.88
			10.48	-4.90666666666667
			10.48	-4.93333333333333
			10.48	-4.96
			10.48	-4.98666666666667
			10.48	-5.01333333333333
			10.48	-5.04
			10.48	-5.06666666666667
			10.5066666666667	-5.09333333333333
			10.5066666666667	-5.12
			10.5066666666667	-5.14666666666667
			10.5066666666667	-5.17333333333333
			10.5066666666667	-5.2
			10.5066666666667	-5.22666666666667
			10.5066666666667	-5.25333333333333
			10.5333333333333	-5.28
			10.5333333333333	-5.30666666666667
			10.5333333333333	-5.33333333333333
			10.5333333333333	-5.36
			10.5333333333333	-5.38666666666667
			10.5333333333333	-5.41333333333333
			10.5333333333333	-5.44
			10.5333333333333	-5.46666666666667
			10.56	-5.49333333333333
			10.56	-5.52
			10.56	-5.54666666666667
			10.56	-5.57333333333333
			10.56	-5.6
			10.56	-5.62666666666667
			10.56	-5.65333333333333
			10.56	-5.68
			10.56	-5.70666666666667
			10.5866666666667	-5.73333333333333
			10.5866666666667	-5.76
			10.5866666666667	-5.78666666666667
			10.5866666666667	-5.81333333333333
			10.5866666666667	-5.84
		</anterior>
		<posterior type=matrix rownames=FALSE colnames=FALSE nrow=570 ncol=2 as.numeric=TRUE >
			6.45333333333333	-5.84
			6.48	-5.84
			6.50666666666667	-5.81333333333333
			6.53333333333333	-5.81333333333333
			6.56	-5.81333333333333
			6.58666666666667	-5.81333333333333
			6.61333333333333	-5.81333333333333
			6.64	-5.78666666666667
			6.66666666666667	-5.78666666666667
			6.69333333333333	-5.78666666666667
			6.72	-5.78666666666667
			6.74666666666667	-5.78666666666667
			6.77333333333333	-5.76
			6.8	-5.76
			6.82666666666667	-5.76
			6.85333333333333	-5.76
			6.88	-5.76
			6.90666666666667	-5.73333333333333
			6.93333333333333	-5.73333333333333
			6.96	-5.73333333333333
			6.98666666666667	-5.73333333333333
			7.01333333333333	-5.73333333333333
			7.04	-5.73333333333333
			7.06666666666667	-5.70666666666667
			7.09333333333333	-5.70666666666667
			7.12	-5.70666666666667
			7.14666666666667	-5.70666666666667
			7.17333333333333	-5.70666666666667
			7.2	-5.70666666666667
			7.22666666666667	-5.70666666666667
			7.25333333333333	-5.70666666666667
			7.28	-5.70666666666667
			7.30666666666667	-5.70666666666667
			7.33333333333333	-5.70666666666667
			7.36	-5.70666666666667
			7.38666666666667	-5.70666666666667
			7.41333333333333	-5.70666666666667
			7.44	-5.70666666666667
			7.46666666666667	-5.70666666666667
			7.49333333333333	-5.70666666666667
			7.52	-5.70666666666667
			7.54666666666667	-5.70666666666667
			7.57333333333333	-5.70666666666667
			7.6	-5.70666666666667
			7.62666666666667	-5.70666666666667
			7.65333333333333	-5.70666666666667
			7.68	-5.70666666666667
			7.70666666666667	-5.70666666666667
			7.73333333333333	-5.70666666666667
			7.76	-5.73333333333333
			7.78666666666667	-5.73333333333333
			7.81333333333333	-5.73333333333333
			7.84	-5.73333333333333
			7.86666666666667	-5.73333333333333
			7.89333333333333	-5.73333333333333
			7.92	-5.73333333333333
			7.94666666666667	-5.73333333333333
			7.97333333333333	-5.73333333333333
			8	-5.73333333333333
			8.02666666666667	-5.76
			8.05333333333333	-5.76
			8.08	-5.76
			8.10666666666667	-5.76
			8.13333333333333	-5.76
			8.16	-5.76
			8.18666666666667	-5.76
			8.21333333333333	-5.76
			8.24	-5.78666666666667
			8.26666666666667	-5.78666666666667
			8.29333333333333	-5.78666666666667
			8.32	-5.78666666666667
			8.34666666666667	-5.78666666666667
			8.37333333333333	-5.81333333333333
			8.4	-5.81333333333333
			8.42666666666667	-5.81333333333333
			8.45333333333333	-5.81333333333333
			8.48	-5.81333333333333
			8.50666666666667	-5.84
			8.53333333333333	-5.84
			8.56	-5.84
			8.58666666666667	-5.84
			8.61333333333333	-5.84
			8.64	-5.86666666666667
			8.66666666666667	-5.86666666666667
			8.69333333333333	-5.86666666666667
			8.72	-5.86666666666667
			8.74666666666667	-5.86666666666667
			8.77333333333333	-5.89333333333333
			8.8	-5.89333333333333
			8.82666666666667	-5.89333333333333
			8.85333333333333	-5.92
			8.88	-5.92
			8.90666666666667	-5.92
			8.93333333333333	-5.92
			8.96	-5.94666666666667
			8.98666666666667	-5.94666666666667
			9.01333333333333	-5.94666666666667
			9.04	-5.97333333333333
			9.06666666666667	-5.97333333333333
			9.09333333333333	-5.97333333333333
			9.12	-5.97333333333333
			9.14666666666667	-6
			9.17333333333333	-6
			9.2	-6
			9.2	-6.02666666666667
			9.22666666666667	-6.02666666666667
			9.25333333333333	-6.02666666666667
			9.28	-6.05333333333333
			9.30666666666667	-6.05333333333333
			9.33333333333333	-6.05333333333333
			9.36	-6.08
			9.38666666666667	-6.08
			9.41333333333333	-6.10666666666667
			9.44	-6.10666666666667
			9.46666666666667	-6.10666666666667
			9.49333333333333	-6.13333333333333
			9.52	-6.13333333333333
			9.54666666666667	-6.16
			9.57333333333333	-6.16
			9.6	-6.18666666666667
			9.62666666666667	-6.18666666666667
			9.65333333333333	-6.18666666666667
			9.68	-6.21333333333333
			9.70666666666667	-6.21333333333333
			9.73333333333333	-6.24
			9.76	-6.24
			9.78666666666667	-6.26666666666667
			9.81333333333333	-6.26666666666667
			9.84	-6.29333333333333
			9.86666666666667	-6.29333333333333
			9.89333333333333	-6.32
			9.92	-6.32
			9.94666666666667	-6.34666666666667
			9.94666666666667	-6.37333333333333
			9.94666666666667	-6.4
			9.97333333333333	-6.42666666666667
			9.97333333333333	-6.45333333333333
			9.97333333333333	-6.48
			9.97333333333333	-6.50666666666667
			10	-6.53333333333333
			10	-6.56
			10	-6.58666666666667
			10	-6.61333333333333
			10.0266666666667	-6.64
			10.0266666666667	-6.66666666666667
			10.0266666666667	-6.69333333333333
			10.0266666666667	-6.72
			10.0266666666667	-6.74666666666667
			10.0266666666667	-6.77333333333333
			10.0533333333333	-6.8
			10.0533333333333	-6.82666666666667
			10.0533333333333	-6.85333333333333
			10.0533333333333	-6.88
			10.0533333333333	-6.90666666666667
			10.0533333333333	-6.93333333333333
			10.08	-6.96
			10.08	-6.98666666666667
			10.08	-7.01333333333333
			10.08	-7.04
			10.08	-7.06666666666667
			10.08	-7.09333333333333
			10.08	-7.12
			10.08	-7.14666666666667
			10.08	-7.17333333333333
			10.1066666666667	-7.2
			10.1066666666667	-7.22666666666667
			10.1066666666667	-7.25333333333333
			10.1066666666667	-7.28
			10.1066666666667	-7.30666666666667
			10.1066666666667	-7.33333333333333
			10.1066666666667	-7.36
			10.1066666666667	-7.38666666666667
			10.1066666666667	-7.41333333333333
			10.1066666666667	-7.44
			10.1066666666667	-7.46666666666667
			10.1066666666667	-7.49333333333333
			10.1066666666667	-7.52
			10.1333333333333	-7.54666666666667
			10.1333333333333	-7.57333333333333
			10.1333333333333	-7.6
			10.1333333333333	-7.62666666666667
			10.1333333333333	-7.65333333333333
			10.1333333333333	-7.68
			10.1333333333333	-7.70666666666667
			10.1333333333333	-7.73333333333333
			10.1333333333333	-7.76
			10.1333333333333	-7.78666666666667
			10.1333333333333	-7.81333333333333
			10.1333333333333	-7.84
			10.1333333333333	-7.86666666666667
			10.1333333333333	-7.89333333333333
			10.1333333333333	-7.92
			10.1333333333333	-7.94666666666667
			10.1333333333333	-7.97333333333333
			10.1333333333333	-8
			10.1333333333333	-8.02666666666667
			10.1333333333333	-8.05333333333333
			10.1333333333333	-8.08
			10.1333333333333	-8.10666666666667
			10.1333333333333	-8.13333333333333
			10.1333333333333	-8.16
			10.1333333333333	-8.18666666666667
			10.1333333333333	-8.21333333333333
			10.1333333333333	-8.24
			10.16	-8.26666666666667
			10.16	-8.29333333333333
			10.16	-8.32
			10.16	-8.34666666666667
			10.16	-8.37333333333333
			10.16	-8.4
			10.16	-8.42666666666667
			10.16	-8.45333333333333
			10.16	-8.48
			10.16	-8.50666666666667
			10.16	-8.53333333333333
			10.16	-8.56
			10.16	-8.58666666666667
			10.16	-8.61333333333333
			10.16	-8.64
			10.16	-8.66666666666667
			10.16	-8.69333333333333
			10.16	-8.72
			10.16	-8.74666666666667
			10.16	-8.77333333333333
			10.16	-8.8
			10.1333333333333	-8.82666666666667
			10.1333333333333	-8.85333333333333
			10.1333333333333	-8.88
			10.1333333333333	-8.90666666666667
			10.1333333333333	-8.93333333333333
			10.1333333333333	-8.96
			10.1333333333333	-8.98666666666667
			10.1333333333333	-9.01333333333333
			10.1333333333333	-9.04
			10.1333333333333	-9.06666666666667
			10.1333333333333	-9.09333333333333
			10.1333333333333	-9.12
			10.1333333333333	-9.14666666666667
			10.1333333333333	-9.17333333333333
			10.1333333333333	-9.2
			10.1333333333333	-9.22666666666667
			10.1333333333333	-9.25333333333333
			10.1333333333333	-9.28
			10.1333333333333	-9.30666666666667
			10.1333333333333	-9.33333333333333
			10.1333333333333	-9.36
			10.1333333333333	-9.38666666666667
			10.1333333333333	-9.41333333333333
			10.1333333333333	-9.44
			10.1333333333333	-9.46666666666667
			10.1333333333333	-9.49333333333333
			10.1333333333333	-9.52
			10.1333333333333	-9.54666666666667
			10.1333333333333	-9.57333333333333
			10.1333333333333	-9.6
			10.1333333333333	-9.62666666666667
			10.1333333333333	-9.65333333333333
			10.1333333333333	-9.68
			10.1333333333333	-9.70666666666667
			10.1333333333333	-9.73333333333333
			10.1333333333333	-9.76
			10.1066666666667	-9.78666666666667
			10.1066666666667	-9.81333333333333
			10.1066666666667	-9.84
			10.1066666666667	-9.86666666666667
			10.1066666666667	-9.89333333333333
			10.1066666666667	-9.92
			10.1066666666667	-9.94666666666667
			10.1066666666667	-9.97333333333333
			10.1066666666667	-10
			10.1066666666667	-10.0266666666667
			10.1066666666667	-10.0533333333333
			10.1066666666667	-10.08
			10.1066666666667	-10.1066666666667
			10.1066666666667	-10.1333333333333
			10.1333333333333	-10.16
			10.1333333333333	-10.1866666666667
			10.1333333333333	-10.2133333333333
			10.1333333333333	-10.24
			10.1333333333333	-10.2666666666667
			10.16	-10.2933333333333
			10.16	-10.32
			10.16	-10.3466666666667
			10.16	-10.3733333333333
			10.16	-10.4
			10.16	-10.4266666666667
			10.1866666666667	-10.4533333333333
			10.1866666666667	-10.48
			10.1866666666667	-10.5066666666667
			10.1866666666667	-10.5333333333333
			10.2133333333333	-10.56
			10.2133333333333	-10.5866666666667
			10.2133333333333	-10.6133333333333
			10.2133333333333	-10.64
			10.2133333333333	-10.6666666666667
			10.24	-10.6933333333333
			10.24	-10.72
			10.24	-10.7466666666667
			10.24	-10.7733333333333
			10.2666666666667	-10.8
			10.2666666666667	-10.8266666666667
			10.2666666666667	-10.8533333333333
			10.2666666666667	-10.88
			10.2666666666667	-10.9066666666667
			10.2933333333333	-10.9333333333333
			10.2933333333333	-10.96
			10.2933333333333	-10.9866666666667
			10.2933333333333	-11.0133333333333
			10.32	-11.04
			10.32	-11.0666666666667
			10.32	-11.0933333333333
			10.32	-11.12
			10.32	-11.1466666666667
			10.3466666666667	-11.1733333333333
			10.3466666666667	-11.2
			10.3466666666667	-11.2266666666667
			10.3466666666667	-11.2533333333333
			10.3733333333333	-11.28
			10.3733333333333	-11.3066666666667
			10.3733333333333	-11.3333333333333
			10.4	-11.36
			10.4	-11.3866666666667
			10.4	-11.4133333333333
			10.4	-11.44
			10.4266666666667	-11.4666666666667
			10.4266666666667	-11.4933333333333
			10.4266666666667	-11.52
			10.4266666666667	-11.5466666666667
			10.4533333333333	-11.5733333333333
			10.4533333333333	-11.6
			10.4533333333333	-11.6266666666667
			10.4533333333333	-11.6533333333333
			10.48	-11.68
			10.48	-11.7066666666667
			10.48	-11.7333333333333
			10.48	-11.76
			10.5066666666667	-11.7866666666667
			10.5066666666667	-11.8133333333333
			10.5066666666667	-11.84
			10.5333333333333	-11.8666666666667
			10.5333333333333	-11.8933333333333
			10.5333333333333	-11.8666666666667
			10.56	-11.84
			10.56	-11.8133333333333
			10.56	-11.7866666666667
			10.56	-11.76
			10.5866666666667	-11.7333333333333
			10.5866666666667	-11.7066666666667
			10.5866666666667	-11.68
			10.5866666666667	-11.6533333333333
			10.6133333333333	-11.6266666666667
			10.6133333333333	-11.6
			10.6133333333333	-11.5733333333333
			10.6133333333333	-11.5466666666667
			10.6133333333333	-11.52
			10.64	-11.4933333333333
			10.64	-11.4666666666667
			10.64	-11.44
			10.64	-11.4133333333333
			10.64	-11.3866666666667
			10.6666666666667	-11.36
			10.6666666666667	-11.3333333333333
			10.6666666666667	-11.3066666666667
			10.6666666666667	-11.28
			10.6666666666667	-11.2533333333333
			10.6666666666667	-11.2266666666667
			10.6933333333333	-11.2
			10.6933333333333	-11.1733333333333
			10.6933333333333	-11.1466666666667
			10.6933333333333	-11.12
			10.6933333333333	-11.0933333333333
			10.6933333333333	-11.0666666666667
			10.72	-11.04
			10.72	-11.0133333333333
			10.72	-10.9866666666667
			10.72	-10.96
			10.72	-10.9333333333333
			10.72	-10.9066666666667
			10.72	-10.88
			10.7466666666667	-10.8533333333333
			10.7466666666667	-10.8266666666667
			10.7466666666667	-10.8
			10.7466666666667	-10.7733333333333
			10.7466666666667	-10.7466666666667
			10.7466666666667	-10.72
			10.7466666666667	-10.6933333333333
			10.7733333333333	-10.6666666666667
			10.7733333333333	-10.64
			10.7733333333333	-10.6133333333333
			10.7733333333333	-10.5866666666667
			10.7733333333333	-10.56
			10.7733333333333	-10.5333333333333
			10.7733333333333	-10.5066666666667
			10.7733333333333	-10.48
			10.8	-10.4533333333333
			10.8	-10.4266666666667
			10.8	-10.4
			10.8	-10.3733333333333
			10.8	-10.3466666666667
			10.8	-10.32
			10.8	-10.2933333333333
			10.8	-10.2666666666667
			10.8	-10.24
			10.8	-10.2133333333333
			10.8	-10.1866666666667
			10.8266666666667	-10.16
			10.8266666666667	-10.1333333333333
			10.8266666666667	-10.1066666666667
			10.8266666666667	-10.08
			10.8266666666667	-10.0533333333333
			10.8266666666667	-10.0266666666667
			10.8266666666667	-10
			10.8266666666667	-9.97333333333333
			10.8266666666667	-9.94666666666667
			10.8266666666667	-9.92
			10.8266666666667	-9.89333333333333
			10.8266666666667	-9.86666666666667
			10.8266666666667	-9.84
			10.8533333333333	-9.81333333333333
			10.8533333333333	-9.78666666666667
			10.8533333333333	-9.76
			10.8533333333333	-9.73333333333333
			10.8533333333333	-9.70666666666667
			10.8533333333333	-9.68
			10.8533333333333	-9.65333333333333
			10.8533333333333	-9.62666666666667
			10.8533333333333	-9.6
			10.8533333333333	-9.57333333333333
			10.8533333333333	-9.54666666666667
			10.8533333333333	-9.52
			10.8533333333333	-9.49333333333333
			10.8533333333333	-9.46666666666667
			10.8533333333333	-9.44
			10.8533333333333	-9.41333333333333
			10.8533333333333	-9.38666666666667
			10.8533333333333	-9.36
			10.8533333333333	-9.33333333333333
			10.8533333333333	-9.30666666666667
			10.8533333333333	-9.28
			10.8533333333333	-9.25333333333333
			10.8533333333333	-9.22666666666667
			10.8533333333333	-9.2
			10.8533333333333	-9.17333333333333
			10.8533333333333	-9.14666666666667
			10.8533333333333	-9.12
			10.8533333333333	-9.09333333333333
			10.8533333333333	-9.06666666666667
			10.88	-9.06666666666667
			10.88	-9.04
			10.88	-9.01333333333333
			10.88	-8.98666666666667
			10.88	-8.96
			10.88	-8.93333333333333
			10.88	-8.90666666666667
			10.88	-8.88
			10.88	-8.85333333333333
			10.88	-8.82666666666667
			10.8533333333333	-8.8
			10.8533333333333	-8.77333333333333
			10.8533333333333	-8.74666666666667
			10.8533333333333	-8.72
			10.8533333333333	-8.69333333333333
			10.8533333333333	-8.66666666666667
			10.8533333333333	-8.64
			10.8533333333333	-8.61333333333333
			10.8533333333333	-8.58666666666667
			10.8533333333333	-8.56
			10.8533333333333	-8.53333333333333
			10.8533333333333	-8.50666666666667
			10.8533333333333	-8.48
			10.8533333333333	-8.45333333333333
			10.8533333333333	-8.42666666666667
			10.8533333333333	-8.4
			10.8533333333333	-8.37333333333333
			10.8533333333333	-8.34666666666667
			10.8533333333333	-8.32
			10.8533333333333	-8.29333333333333
			10.8533333333333	-8.26666666666667
			10.8533333333333	-8.24
			10.8533333333333	-8.21333333333333
			10.8533333333333	-8.18666666666667
			10.8533333333333	-8.16
			10.8533333333333	-8.13333333333333
			10.8533333333333	-8.10666666666667
			10.8533333333333	-8.08
			10.8533333333333	-8.05333333333333
			10.8533333333333	-8.02666666666667
			10.8266666666667	-8
			10.8266666666667	-7.97333333333333
			10.8266666666667	-7.94666666666667
			10.8266666666667	-7.92
			10.8266666666667	-7.89333333333333
			10.8266666666667	-7.86666666666667
			10.8266666666667	-7.84
			10.8266666666667	-7.81333333333333
			10.8266666666667	-7.78666666666667
			10.8266666666667	-7.76
			10.8266666666667	-7.73333333333333
			10.8266666666667	-7.70666666666667
			10.8266666666667	-7.68
			10.8266666666667	-7.65333333333333
			10.8266666666667	-7.62666666666667
			10.8	-7.6
			10.8	-7.57333333333333
			10.8	-7.54666666666667
			10.8	-7.52
			10.8	-7.49333333333333
			10.8	-7.46666666666667
			10.8	-7.44
			10.8	-7.41333333333333
			10.8	-7.38666666666667
			10.8	-7.36
			10.8	-7.33333333333333
			10.7733333333333	-7.30666666666667
			10.7733333333333	-7.28
			10.7733333333333	-7.25333333333333
			10.7733333333333	-7.22666666666667
			10.7733333333333	-7.2
			10.7733333333333	-7.17333333333333
			10.7733333333333	-7.14666666666667
			10.7733333333333	-7.12
			10.7733333333333	-7.09333333333333
			10.7466666666667	-7.06666666666667
			10.7466666666667	-7.04
			10.7466666666667	-7.01333333333333
			10.7466666666667	-6.98666666666667
			10.7466666666667	-6.96
			10.7466666666667	-6.93333333333333
			10.7466666666667	-6.90666666666667
			10.7466666666667	-6.88
			10.7466666666667	-6.85333333333333
			10.72	-6.82666666666667
			10.72	-6.8
			10.72	-6.77333333333333
			10.72	-6.74666666666667
			10.72	-6.72
			10.72	-6.69333333333333
			10.72	-6.66666666666667
			10.72	-6.64
			10.6933333333333	-6.61333333333333
			10.6933333333333	-6.58666666666667
			10.6933333333333	-6.56
			10.6933333333333	-6.53333333333333
			10.6933333333333	-6.50666666666667
			10.6933333333333	-6.48
			10.6933333333333	-6.45333333333333
			10.6666666666667	-6.42666666666667
			10.6666666666667	-6.4
			10.6666666666667	-6.37333333333333
			10.6666666666667	-6.34666666666667
			10.6666666666667	-6.32
			10.6666666666667	-6.29333333333333
			10.6666666666667	-6.26666666666667
			10.6666666666667	-6.24
			10.64	-6.24
			10.64	-6.21333333333333
			10.64	-6.18666666666667
			10.64	-6.16
			10.64	-6.13333333333333
			10.64	-6.10666666666667
			10.6133333333333	-6.08
			10.6133333333333	-6.05333333333333
			10.6133333333333	-6.02666666666667
			10.6133333333333	-6
			10.6133333333333	-5.97333333333333
			10.6133333333333	-5.94666666666667
			10.6133333333333	-5.92
			10.5866666666667	-5.89333333333333
			10.5866666666667	-5.86666666666667
			10.5866666666667	-5.84
		</posterior>
	</curves.scaled>
	<ruler.points type=matrix rownames=TRUE colnames=FALSE nrow=2 ncol=2 as.numeric=TRUE >
		Ruler point 1	423	32
		Ruler point 2	498	32
	</ruler.points>
</shapes>

