<shapes type=list>
	<ruler.pixel type=vector names=FALSE length=1 as.numeric=TRUE >225.002222211248</ruler.pixel>
	<ruler.interval type=vector names=FALSE length=1 as.numeric=TRUE >4.3</ruler.interval>
	<scaling.units type=vector names=FALSE length=1 as.numeric=FALSE >mm</scaling.units>
	<scaling type=vector names=FALSE length=1 as.numeric=TRUE >0.0191109223621927</scaling>
	<landmarks.pixel type=matrix rownames=TRUE colnames=FALSE nrow=16 ncol=2 as.numeric=TRUE >
		LM1	1019	19
		LM2	1019	40
		LM3	1022	292
		LM4	1022	339
		LM5	1141	192
		LM6	1122	280
		LM7	1122	315
		LM8	1140	120
		LM9	1156	269
		LM10	1019	19
		LM11	1167	285
		LM12	1232	320
		LM13	1019	19
		LM14	1212	190
		LM15	1268	308
		LM16	1265	309
	</landmarks.pixel>
	<landmarks.scaled type=matrix rownames=TRUE colnames=FALSE nrow=16 ncol=2 as.numeric=TRUE >
		LM1	19.4740298870744	-0.363107524881661
		LM2	19.4740298870744	-0.764436894487708
		LM3	19.5313626541609	-5.58038932976027
		LM4	19.5313626541609	-6.47860268078333
		LM5	21.8055624152619	-3.669297093541
		LM6	21.4424548903802	-5.35105826141396
		LM7	21.4424548903802	-6.0199405440907
		LM8	21.7864514928997	-2.29331068346313
		LM9	22.0922262506948	-5.14083811542984
		LM10	19.4740298870744	-0.363107524881661
		LM11	22.3024463966789	-5.44661287322492
		LM12	23.5446563502214	-6.11549515590167
		LM13	19.4740298870744	-0.363107524881661
		LM14	23.1624379029776	-3.63107524881661
		LM15	24.2326495552604	-5.88616408755535
		LM16	24.1753167881738	-5.90527500991755
	</landmarks.scaled>
	<curves.control type=list>
		<glabella type=matrix rownames=FALSE colnames=FALSE nrow=9 ncol=2 as.numeric=TRUE >
			1019	40
			1106	38
			1137	157
			1149	217
			1139	253
			1135	268
			1120	282
			1134	295
			1122	315
		</glabella>
		<suture type=matrix rownames=FALSE colnames=FALSE nrow=19 ncol=2 as.numeric=TRUE >
			1019	19
			1103	21
			1139	70
			1144	85
			1142	128
			1150	154
			1158	164
			1177	178
			1175	201
			1171	228
			1159	241
			1154	254
			1148	268
			1148	276
			1152	282
			1182	286
			1195	296
			1224	310
			1232	320
		</suture>
		<anterior type=matrix rownames=FALSE colnames=FALSE nrow=9 ncol=2 as.numeric=TRUE >
			1019	19
			1066	18
			1108	41
			1156	65
			1182	95
			1223	142
			1232	175
			1258	222
			1268	308
		</anterior>
		<posterior type=matrix rownames=FALSE colnames=FALSE nrow=15 ncol=2 as.numeric=TRUE >
			1022	339
			1054	339
			1079	334
			1109	329
			1120	316
			1139	318
			1156	322
			1173	323
			1169	323
			1183	326
			1204	327
			1226	323
			1245	319
			1264	316
			1268	308
		</posterior>
	</curves.control>
	<curves.pixel type=list>
		<glabella type=matrix rownames=FALSE colnames=FALSE nrow=334 ncol=2 as.numeric=TRUE >
			1019	40
			1020	40
			1021	40
			1022	40
			1023	40
			1024	40
			1025	40
			1026	40
			1027	40
			1028	40
			1029	40
			1030	40
			1031	40
			1032	40
			1033	41
			1034	41
			1035	41
			1036	41
			1037	41
			1038	41
			1039	41
			1040	41
			1041	42
			1042	42
			1043	42
			1044	42
			1045	42
			1046	43
			1047	43
			1048	43
			1049	43
			1050	44
			1051	44
			1052	44
			1053	45
			1054	45
			1055	45
			1056	45
			1056	46
			1057	46
			1058	46
			1059	46
			1059	47
			1060	47
			1061	47
			1062	48
			1063	48
			1064	49
			1065	49
			1066	49
			1067	50
			1068	51
			1069	51
			1070	52
			1071	52
			1072	53
			1073	54
			1074	54
			1075	55
			1076	55
			1077	56
			1078	57
			1079	57
			1080	58
			1081	59
			1082	60
			1083	60
			1084	61
			1085	62
			1086	63
			1087	63
			1088	64
			1088	65
			1089	66
			1090	67
			1091	67
			1092	68
			1093	69
			1094	70
			1095	71
			1095	72
			1096	73
			1097	74
			1098	75
			1099	76
			1100	77
			1100	78
			1101	79
			1102	80
			1103	81
			1104	82
			1104	83
			1105	84
			1106	85
			1107	86
			1107	87
			1108	88
			1109	89
			1110	90
			1110	91
			1111	92
			1111	93
			1112	94
			1113	95
			1113	96
			1114	97
			1114	98
			1115	99
			1115	100
			1116	101
			1116	102
			1117	103
			1117	104
			1118	104
			1118	105
			1119	106
			1119	107
			1120	108
			1120	109
			1121	110
			1121	111
			1121	112
			1122	113
			1122	114
			1123	115
			1123	116
			1124	117
			1124	118
			1125	119
			1125	120
			1125	121
			1126	122
			1126	123
			1126	124
			1127	124
			1127	125
			1127	126
			1128	127
			1128	128
			1128	129
			1129	130
			1129	131
			1130	132
			1130	133
			1130	134
			1131	135
			1131	136
			1131	137
			1132	138
			1132	139
			1132	140
			1132	141
			1133	142
			1133	143
			1133	144
			1134	145
			1134	146
			1134	147
			1135	148
			1135	149
			1135	150
			1135	151
			1136	152
			1136	153
			1136	154
			1136	155
			1137	155
			1137	156
			1137	157
			1137	158
			1137	159
			1138	160
			1138	161
			1138	162
			1138	163
			1138	164
			1138	165
			1139	166
			1139	167
			1139	168
			1139	169
			1139	170
			1140	171
			1140	172
			1140	173
			1140	174
			1140	175
			1140	176
			1140	177
			1141	178
			1141	179
			1141	180
			1141	181
			1141	182
			1141	183
			1141	184
			1142	185
			1142	186
			1142	187
			1142	188
			1142	189
			1142	190
			1142	191
			1142	192
			1142	193
			1143	194
			1143	195
			1143	196
			1143	197
			1143	198
			1143	199
			1143	200
			1143	201
			1143	202
			1143	203
			1143	204
			1143	205
			1143	206
			1143	207
			1143	208
			1143	209
			1143	210
			1144	211
			1144	212
			1144	213
			1144	214
			1144	215
			1144	216
			1144	217
			1144	218
			1144	219
			1143	220
			1143	221
			1143	222
			1143	223
			1143	224
			1143	225
			1143	226
			1143	227
			1143	228
			1143	229
			1143	230
			1143	231
			1143	232
			1143	233
			1143	234
			1142	235
			1142	236
			1142	237
			1142	238
			1142	239
			1142	240
			1142	241
			1142	242
			1141	242
			1141	243
			1141	244
			1141	245
			1141	246
			1141	247
			1140	247
			1140	248
			1140	249
			1140	250
			1140	251
			1139	251
			1139	252
			1139	253
			1139	254
			1138	255
			1138	256
			1138	257
			1137	258
			1137	259
			1137	260
			1136	260
			1136	261
			1136	262
			1135	263
			1134	264
			1134	265
			1133	266
			1133	267
			1132	268
			1132	269
			1131	269
			1130	270
			1130	271
			1129	272
			1128	273
			1128	274
			1127	275
			1126	276
			1125	276
			1125	277
			1124	278
			1123	279
			1122	280
			1121	281
			1120	282
			1121	283
			1122	284
			1123	285
			1124	286
			1124	287
			1125	288
			1126	289
			1126	290
			1126	291
			1127	292
			1127	293
			1127	294
			1127	295
			1127	296
			1128	297
			1128	298
			1128	299
			1127	300
			1127	301
			1127	302
			1127	303
			1127	304
			1127	305
			1126	306
			1126	307
			1125	308
			1125	309
			1125	310
			1124	311
			1123	312
			1123	313
			1123	314
			1122	314
			1122	315
		</glabella>
		<suture type=matrix rownames=FALSE colnames=FALSE nrow=434 ncol=2 as.numeric=TRUE >
			1019	19
			1020	19
			1021	19
			1022	19
			1023	19
			1024	19
			1025	19
			1026	19
			1027	19
			1028	19
			1029	19
			1030	19
			1031	20
			1032	20
			1033	20
			1034	20
			1035	20
			1036	20
			1037	20
			1038	20
			1039	20
			1040	20
			1041	20
			1042	21
			1043	21
			1044	21
			1045	21
			1046	21
			1047	21
			1048	21
			1049	21
			1050	22
			1051	22
			1052	22
			1053	22
			1054	22
			1055	22
			1056	23
			1057	23
			1058	23
			1059	23
			1060	23
			1061	24
			1062	24
			1063	24
			1064	24
			1065	25
			1066	25
			1067	25
			1068	25
			1069	25
			1070	26
			1071	26
			1072	26
			1073	26
			1074	27
			1075	27
			1076	27
			1077	28
			1078	28
			1079	28
			1080	28
			1080	29
			1081	29
			1082	29
			1083	30
			1084	30
			1085	30
			1085	31
			1086	31
			1087	31
			1088	31
			1089	32
			1090	32
			1091	33
			1092	33
			1093	34
			1094	34
			1095	35
			1096	35
			1097	35
			1098	36
			1099	36
			1100	37
			1101	38
			1102	38
			1103	39
			1104	39
			1105	40
			1106	40
			1106	41
			1107	41
			1108	41
			1108	42
			1109	42
			1110	43
			1111	44
			1112	44
			1113	45
			1114	46
			1115	46
			1116	47
			1117	48
			1118	49
			1119	49
			1120	50
			1121	50
			1121	51
			1122	52
			1123	52
			1124	53
			1124	54
			1125	54
			1126	55
			1127	56
			1128	57
			1129	58
			1130	59
			1130	60
			1131	61
			1132	61
			1133	62
			1134	63
			1134	64
			1135	65
			1136	66
			1137	67
			1137	68
			1138	69
			1139	70
			1139	71
			1140	72
			1140	73
			1140	74
			1140	75
			1140	76
			1141	77
			1141	78
			1141	79
			1141	80
			1141	81
			1141	82
			1142	83
			1142	84
			1142	85
			1142	86
			1142	87
			1142	88
			1142	89
			1142	90
			1142	91
			1142	92
			1142	93
			1142	94
			1142	95
			1142	96
			1142	97
			1142	98
			1143	99
			1143	100
			1143	101
			1143	102
			1143	103
			1143	104
			1143	105
			1143	106
			1143	107
			1143	108
			1143	109
			1143	110
			1143	111
			1143	112
			1143	113
			1142	114
			1142	115
			1142	116
			1142	117
			1142	118
			1142	119
			1142	120
			1142	121
			1142	122
			1142	123
			1142	124
			1142	125
			1142	126
			1142	127
			1142	128
			1142	129
			1143	130
			1143	131
			1143	132
			1144	133
			1144	134
			1144	135
			1145	136
			1145	137
			1145	138
			1146	139
			1146	140
			1146	141
			1147	142
			1147	143
			1148	144
			1148	145
			1148	146
			1149	147
			1149	148
			1150	149
			1150	150
			1150	151
			1151	152
			1151	153
			1152	154
			1153	155
			1153	156
			1154	157
			1154	158
			1154	159
			1155	160
			1156	161
			1157	162
			1157	163
			1158	164
			1159	165
			1160	166
			1161	167
			1162	167
			1163	168
			1164	169
			1165	170
			1166	171
			1167	172
			1168	173
			1168	174
			1169	175
			1169	176
			1170	177
			1171	178
			1171	179
			1172	180
			1172	181
			1172	182
			1173	183
			1173	184
			1173	185
			1174	186
			1174	187
			1174	188
			1175	189
			1175	190
			1175	191
			1175	192
			1175	193
			1175	194
			1175	195
			1175	196
			1175	197
			1175	198
			1175	199
			1175	200
			1175	201
			1175	202
			1175	203
			1175	204
			1174	205
			1174	206
			1174	207
			1174	208
			1174	209
			1173	210
			1173	211
			1173	212
			1173	213
			1172	214
			1172	215
			1172	216
			1172	217
			1171	218
			1171	219
			1171	220
			1170	221
			1170	222
			1170	223
			1169	224
			1169	225
			1168	226
			1168	227
			1168	228
			1167	229
			1166	230
			1166	231
			1165	232
			1165	233
			1164	234
			1164	235
			1163	235
			1163	236
			1162	237
			1162	238
			1161	238
			1161	239
			1160	240
			1159	241
			1159	242
			1158	243
			1158	244
			1158	245
			1157	246
			1157	247
			1156	248
			1156	249
			1156	250
			1155	251
			1155	252
			1154	253
			1154	254
			1153	255
			1153	256
			1153	257
			1152	258
			1152	259
			1151	260
			1151	261
			1151	262
			1150	262
			1150	263
			1150	264
			1149	265
			1149	266
			1149	267
			1148	267
			1148	268
			1148	269
			1148	270
			1148	271
			1148	272
			1149	273
			1149	274
			1149	275
			1149	276
			1150	277
			1150	278
			1150	279
			1151	280
			1151	281
			1152	282
			1153	282
			1154	282
			1155	282
			1156	283
			1157	283
			1158	283
			1159	283
			1160	283
			1161	283
			1162	284
			1163	284
			1164	284
			1165	284
			1166	284
			1167	285
			1168	285
			1169	285
			1170	285
			1171	286
			1172	286
			1173	286
			1174	286
			1175	287
			1176	287
			1177	287
			1178	288
			1179	288
			1180	288
			1181	289
			1182	289
			1183	289
			1183	290
			1184	290
			1185	290
			1186	291
			1187	291
			1188	292
			1189	292
			1190	293
			1191	293
			1192	294
			1193	295
			1194	295
			1195	296
			1196	296
			1197	297
			1198	297
			1199	298
			1200	299
			1201	299
			1202	300
			1203	300
			1204	301
			1205	301
			1206	302
			1207	302
			1208	303
			1209	303
			1210	304
			1211	304
			1211	305
			1212	305
			1213	306
			1214	306
			1215	306
			1215	307
			1216	307
			1217	308
			1218	308
			1218	309
			1219	309
			1220	310
			1221	311
			1222	311
			1223	312
			1224	313
			1225	313
			1225	314
			1226	314
			1226	315
			1227	315
			1228	316
			1229	317
			1230	318
			1231	318
			1232	319
			1232	320
		</suture>
		<anterior type=matrix rownames=FALSE colnames=FALSE nrow=388 ncol=2 as.numeric=TRUE >
			1019	19
			1020	19
			1021	19
			1022	19
			1023	19
			1024	19
			1025	19
			1026	19
			1027	19
			1028	19
			1029	19
			1030	19
			1031	19
			1032	19
			1033	19
			1034	19
			1035	19
			1036	19
			1037	19
			1038	20
			1039	20
			1040	20
			1041	20
			1042	20
			1043	20
			1044	20
			1045	20
			1046	20
			1047	21
			1048	21
			1049	21
			1050	21
			1051	21
			1052	21
			1053	22
			1054	22
			1055	22
			1056	22
			1057	22
			1058	22
			1059	23
			1060	23
			1061	23
			1062	23
			1063	24
			1064	24
			1065	24
			1066	24
			1067	25
			1068	25
			1069	25
			1070	25
			1071	26
			1072	26
			1073	26
			1074	27
			1075	27
			1076	27
			1077	27
			1078	28
			1079	28
			1080	28
			1080	29
			1081	29
			1082	29
			1083	30
			1084	30
			1085	30
			1086	31
			1087	31
			1088	31
			1089	32
			1090	32
			1091	33
			1092	33
			1093	34
			1094	34
			1095	35
			1096	35
			1097	35
			1098	36
			1099	36
			1099	37
			1100	37
			1101	37
			1102	38
			1103	38
			1103	39
			1104	39
			1105	39
			1106	40
			1107	41
			1108	41
			1109	42
			1110	42
			1111	43
			1112	43
			1113	44
			1114	44
			1115	45
			1116	45
			1117	46
			1118	46
			1119	47
			1120	47
			1121	48
			1122	49
			1123	49
			1124	49
			1125	50
			1126	50
			1126	51
			1127	51
			1128	52
			1129	52
			1130	53
			1131	53
			1131	54
			1132	54
			1133	55
			1134	55
			1135	56
			1136	57
			1137	57
			1138	58
			1139	59
			1140	59
			1141	60
			1142	60
			1143	61
			1143	62
			1144	62
			1145	63
			1146	63
			1147	64
			1148	65
			1149	65
			1150	66
			1151	67
			1152	68
			1153	69
			1154	69
			1155	70
			1156	71
			1157	72
			1158	72
			1159	73
			1160	74
			1161	75
			1162	75
			1163	76
			1164	77
			1165	78
			1166	79
			1167	80
			1168	81
			1169	82
			1170	83
			1171	84
			1172	85
			1173	86
			1174	87
			1175	88
			1176	89
			1177	90
			1178	91
			1179	92
			1180	93
			1181	94
			1182	95
			1183	96
			1184	97
			1184	98
			1185	99
			1186	100
			1187	101
			1188	101
			1188	102
			1189	103
			1190	104
			1191	105
			1191	106
			1192	107
			1193	108
			1193	109
			1194	110
			1195	110
			1196	111
			1196	112
			1197	113
			1198	114
			1198	115
			1199	116
			1200	117
			1201	118
			1202	119
			1203	120
			1203	121
			1204	122
			1205	123
			1205	124
			1206	125
			1207	126
			1208	127
			1208	128
			1209	129
			1210	130
			1210	131
			1211	132
			1212	133
			1212	134
			1213	135
			1214	136
			1214	137
			1215	138
			1215	139
			1216	140
			1216	141
			1217	142
			1218	143
			1218	144
			1219	145
			1219	146
			1220	146
			1220	147
			1221	148
			1221	149
			1222	150
			1222	151
			1223	152
			1223	153
			1224	154
			1224	155
			1225	156
			1225	157
			1226	158
			1226	159
			1227	160
			1227	161
			1227	162
			1228	163
			1228	164
			1229	165
			1229	166
			1229	167
			1230	168
			1230	169
			1230	170
			1231	171
			1231	172
			1232	173
			1232	174
			1232	175
			1233	176
			1233	177
			1234	178
			1234	179
			1234	180
			1235	180
			1235	181
			1236	182
			1236	183
			1237	184
			1237	185
			1238	186
			1238	187
			1238	188
			1239	189
			1239	190
			1240	190
			1240	191
			1240	192
			1241	193
			1241	194
			1242	195
			1242	196
			1243	197
			1243	198
			1243	199
			1244	200
			1244	201
			1244	202
			1245	203
			1245	204
			1246	205
			1246	206
			1246	207
			1247	208
			1247	209
			1247	210
			1248	211
			1248	212
			1248	213
			1249	214
			1249	215
			1249	216
			1250	217
			1250	218
			1250	219
			1251	220
			1251	221
			1251	222
			1252	223
			1252	224
			1252	225
			1252	226
			1253	227
			1253	228
			1253	229
			1254	230
			1254	231
			1254	232
			1254	233
			1255	234
			1255	235
			1255	236
			1255	237
			1256	238
			1256	239
			1256	240
			1256	241
			1257	242
			1257	243
			1257	244
			1257	245
			1258	246
			1258	247
			1258	248
			1258	249
			1259	250
			1259	251
			1259	252
			1259	253
			1259	254
			1260	255
			1260	256
			1260	257
			1260	258
			1260	259
			1261	260
			1261	261
			1261	262
			1261	263
			1261	264
			1262	265
			1262	266
			1262	267
			1262	268
			1262	269
			1262	270
			1263	271
			1263	272
			1263	273
			1263	274
			1263	275
			1264	276
			1264	277
			1264	278
			1264	279
			1264	280
			1264	281
			1265	282
			1265	283
			1265	284
			1265	285
			1265	286
			1265	287
			1265	288
			1266	289
			1266	290
			1266	291
			1266	292
			1266	293
			1266	294
			1266	295
			1267	296
			1267	297
			1267	298
			1267	299
			1267	300
			1267	301
			1267	302
			1267	303
			1267	304
			1268	305
			1268	306
			1268	307
			1268	308
		</anterior>
		<posterior type=matrix rownames=FALSE colnames=FALSE nrow=252 ncol=2 as.numeric=TRUE >
			1022	339
			1023	339
			1024	339
			1025	339
			1026	339
			1027	339
			1028	339
			1029	339
			1030	339
			1031	339
			1032	339
			1033	339
			1034	339
			1035	339
			1036	339
			1037	339
			1038	339
			1039	339
			1040	339
			1041	339
			1042	338
			1043	338
			1044	338
			1045	338
			1046	338
			1047	338
			1048	338
			1049	338
			1050	338
			1051	338
			1052	338
			1053	338
			1054	338
			1055	337
			1056	337
			1057	337
			1058	337
			1059	337
			1060	337
			1061	337
			1062	337
			1063	337
			1064	336
			1065	336
			1066	336
			1067	336
			1068	336
			1069	336
			1070	336
			1071	335
			1072	335
			1073	335
			1074	335
			1075	335
			1076	335
			1077	334
			1078	334
			1079	334
			1080	334
			1081	334
			1082	334
			1083	333
			1084	333
			1085	333
			1086	333
			1087	332
			1088	332
			1089	332
			1090	332
			1091	331
			1092	331
			1093	331
			1094	331
			1095	331
			1095	330
			1096	330
			1097	330
			1098	329
			1099	329
			1100	329
			1101	328
			1102	328
			1103	328
			1104	327
			1105	327
			1106	326
			1107	326
			1108	325
			1109	325
			1110	324
			1111	324
			1112	323
			1113	323
			1113	322
			1114	321
			1115	321
			1116	320
			1117	319
			1118	318
			1119	317
			1120	316
			1121	316
			1122	316
			1123	316
			1124	316
			1125	317
			1126	317
			1127	317
			1128	317
			1129	317
			1130	317
			1131	317
			1132	318
			1133	318
			1134	318
			1135	318
			1136	318
			1137	318
			1138	318
			1139	319
			1140	319
			1141	319
			1142	319
			1143	319
			1144	319
			1145	320
			1146	320
			1147	320
			1148	320
			1149	321
			1150	321
			1151	321
			1152	321
			1153	321
			1154	322
			1155	322
			1156	322
			1157	322
			1158	322
			1159	322
			1160	322
			1161	322
			1162	322
			1163	322
			1164	322
			1164	323
			1165	323
			1166	323
			1167	323
			1168	323
			1169	323
			1170	323
			1171	323
			1172	324
			1173	324
			1174	324
			1175	324
			1176	324
			1177	324
			1178	325
			1179	325
			1180	325
			1181	325
			1182	325
			1183	325
			1184	325
			1185	326
			1186	326
			1187	326
			1188	326
			1189	326
			1190	326
			1191	326
			1192	326
			1193	326
			1194	326
			1195	326
			1196	327
			1197	327
			1198	327
			1199	327
			1200	327
			1201	327
			1202	327
			1203	327
			1204	327
			1205	327
			1206	327
			1207	326
			1208	326
			1209	326
			1210	326
			1211	326
			1212	326
			1213	325
			1214	325
			1215	325
			1216	325
			1217	325
			1218	324
			1219	324
			1220	324
			1221	324
			1222	324
			1223	323
			1224	323
			1225	323
			1226	323
			1227	323
			1228	323
			1228	322
			1229	322
			1230	322
			1231	322
			1232	322
			1233	321
			1234	321
			1235	321
			1236	321
			1237	321
			1238	321
			1238	320
			1239	320
			1240	320
			1241	320
			1242	320
			1243	319
			1244	319
			1245	319
			1246	319
			1247	319
			1248	318
			1249	318
			1250	318
			1251	318
			1252	318
			1253	317
			1254	317
			1255	317
			1256	316
			1257	316
			1258	316
			1259	315
			1260	315
			1261	314
			1262	314
			1263	313
			1264	312
			1265	311
			1266	310
			1267	309
			1268	308
		</posterior>
	</curves.pixel>
	<curves.scaled type=list>
		<glabella type=matrix rownames=FALSE colnames=FALSE nrow=334 ncol=2 as.numeric=TRUE >
			19.4740298870744	-0.764436894487708
			19.4931408094366	-0.764436894487708
			19.5122517317988	-0.764436894487708
			19.5313626541609	-0.764436894487708
			19.5504735765231	-0.764436894487708
			19.5695844988853	-0.764436894487708
			19.5886954212475	-0.764436894487708
			19.6078063436097	-0.764436894487708
			19.6269172659719	-0.764436894487708
			19.6460281883341	-0.764436894487708
			19.6651391106963	-0.764436894487708
			19.6842500330585	-0.764436894487708
			19.7033609554207	-0.764436894487708
			19.7224718777829	-0.764436894487708
			19.7415828001451	-0.783547816849901
			19.7606937225073	-0.783547816849901
			19.7798046448695	-0.783547816849901
			19.7989155672316	-0.783547816849901
			19.8180264895938	-0.783547816849901
			19.837137411956	-0.783547816849901
			19.8562483343182	-0.783547816849901
			19.8753592566804	-0.783547816849901
			19.8944701790426	-0.802658739212094
			19.9135811014048	-0.802658739212094
			19.932692023767	-0.802658739212094
			19.9518029461292	-0.802658739212094
			19.9709138684914	-0.802658739212094
			19.9900247908536	-0.821769661574286
			20.0091357132158	-0.821769661574286
			20.028246635578	-0.821769661574286
			20.0473575579402	-0.821769661574286
			20.0664684803023	-0.840880583936479
			20.0855794026645	-0.840880583936479
			20.1046903250267	-0.840880583936479
			20.1238012473889	-0.859991506298672
			20.1429121697511	-0.859991506298672
			20.1620230921133	-0.859991506298672
			20.1811340144755	-0.859991506298672
			20.1811340144755	-0.879102428660865
			20.2002449368377	-0.879102428660865
			20.2193558591999	-0.879102428660865
			20.2384667815621	-0.879102428660865
			20.2384667815621	-0.898213351023057
			20.2575777039243	-0.898213351023057
			20.2766886262865	-0.898213351023057
			20.2957995486487	-0.91732427338525
			20.3149104710109	-0.91732427338525
			20.334021393373	-0.936435195747443
			20.3531323157352	-0.936435195747443
			20.3722432380974	-0.936435195747443
			20.3913541604596	-0.955546118109635
			20.4104650828218	-0.974657040471828
			20.429576005184	-0.974657040471828
			20.4486869275462	-0.993767962834021
			20.4677978499084	-0.993767962834021
			20.4869087722706	-1.01287888519621
			20.5060196946328	-1.03198980755841
			20.525130616995	-1.03198980755841
			20.5442415393572	-1.0511007299206
			20.5633524617194	-1.0511007299206
			20.5824633840815	-1.07021165228279
			20.6015743064437	-1.08932257464498
			20.6206852288059	-1.08932257464498
			20.6397961511681	-1.10843349700718
			20.6589070735303	-1.12754441936937
			20.6780179958925	-1.14665534173156
			20.6971289182547	-1.14665534173156
			20.7162398406169	-1.16576626409376
			20.7353507629791	-1.18487718645595
			20.7544616853413	-1.20398810881814
			20.7735726077035	-1.20398810881814
			20.7926835300657	-1.22309903118033
			20.7926835300657	-1.24220995354253
			20.8117944524279	-1.26132087590472
			20.8309053747901	-1.28043179826691
			20.8500162971522	-1.28043179826691
			20.8691272195144	-1.2995427206291
			20.8882381418766	-1.3186536429913
			20.9073490642388	-1.33776456535349
			20.926459986601	-1.35687548771568
			20.926459986601	-1.37598641007787
			20.9455709089632	-1.39509733244007
			20.9646818313254	-1.41420825480226
			20.9837927536876	-1.43331917716445
			21.0029036760498	-1.45243009952665
			21.022014598412	-1.47154102188884
			21.022014598412	-1.49065194425103
			21.0411255207742	-1.50976286661322
			21.0602364431364	-1.52887378897542
			21.0793473654986	-1.54798471133761
			21.0984582878608	-1.5670956336998
			21.0984582878608	-1.58620655606199
			21.1175692102229	-1.60531747842419
			21.1366801325851	-1.62442840078638
			21.1557910549473	-1.64353932314857
			21.1557910549473	-1.66265024551077
			21.1749019773095	-1.68176116787296
			21.1940128996717	-1.70087209023515
			21.2131238220339	-1.71998301259734
			21.2131238220339	-1.73909393495954
			21.2322347443961	-1.75820485732173
			21.2322347443961	-1.77731577968392
			21.2513456667583	-1.79642670204611
			21.2704565891205	-1.81553762440831
			21.2704565891205	-1.8346485467705
			21.2895675114827	-1.85375946913269
			21.2895675114827	-1.87287039149489
			21.3086784338449	-1.89198131385708
			21.3086784338449	-1.91109223621927
			21.3277893562071	-1.93020315858146
			21.3277893562071	-1.94931408094366
			21.3469002785693	-1.96842500330585
			21.3469002785693	-1.98753592566804
			21.3660112009314	-1.98753592566804
			21.3660112009314	-2.00664684803023
			21.3851221232936	-2.02575777039243
			21.3851221232936	-2.04486869275462
			21.4042330456558	-2.06397961511681
			21.4042330456558	-2.08309053747901
			21.423343968018	-2.1022014598412
			21.423343968018	-2.12131238220339
			21.423343968018	-2.14042330456558
			21.4424548903802	-2.15953422692778
			21.4424548903802	-2.17864514928997
			21.4615658127424	-2.19775607165216
			21.4615658127424	-2.21686699401435
			21.4806767351046	-2.23597791637655
			21.4806767351046	-2.25508883873874
			21.4997876574668	-2.27419976110093
			21.4997876574668	-2.29331068346313
			21.4997876574668	-2.31242160582532
			21.518898579829	-2.33153252818751
			21.518898579829	-2.3506434505497
			21.518898579829	-2.3697543729119
			21.5380095021912	-2.3697543729119
			21.5380095021912	-2.38886529527409
			21.5380095021912	-2.40797621763628
			21.5571204245534	-2.42708713999847
			21.5571204245534	-2.44619806236067
			21.5571204245534	-2.46530898472286
			21.5762313469156	-2.48441990708505
			21.5762313469156	-2.50353082944724
			21.5953422692778	-2.52264175180944
			21.5953422692778	-2.54175267417163
			21.5953422692778	-2.56086359653382
			21.61445319164	-2.57997451889602
			21.61445319164	-2.59908544125821
			21.61445319164	-2.6181963636204
			21.6335641140021	-2.63730728598259
			21.6335641140021	-2.65641820834479
			21.6335641140021	-2.67552913070698
			21.6335641140021	-2.69464005306917
			21.6526750363643	-2.71375097543136
			21.6526750363643	-2.73286189779356
			21.6526750363643	-2.75197282015575
			21.6717859587265	-2.77108374251794
			21.6717859587265	-2.79019466488014
			21.6717859587265	-2.80930558724233
			21.6908968810887	-2.82841650960452
			21.6908968810887	-2.84752743196671
			21.6908968810887	-2.86663835432891
			21.6908968810887	-2.8857492766911
			21.7100078034509	-2.90486019905329
			21.7100078034509	-2.92397112141548
			21.7100078034509	-2.94308204377768
			21.7100078034509	-2.96219296613987
			21.7291187258131	-2.96219296613987
			21.7291187258131	-2.98130388850206
			21.7291187258131	-3.00041481086426
			21.7291187258131	-3.01952573322645
			21.7291187258131	-3.03863665558864
			21.7482296481753	-3.05774757795083
			21.7482296481753	-3.07685850031303
			21.7482296481753	-3.09596942267522
			21.7482296481753	-3.11508034503741
			21.7482296481753	-3.1341912673996
			21.7482296481753	-3.1533021897618
			21.7673405705375	-3.17241311212399
			21.7673405705375	-3.19152403448618
			21.7673405705375	-3.21063495684837
			21.7673405705375	-3.22974587921057
			21.7673405705375	-3.24885680157276
			21.7864514928997	-3.26796772393495
			21.7864514928997	-3.28707864629715
			21.7864514928997	-3.30618956865934
			21.7864514928997	-3.32530049102153
			21.7864514928997	-3.34441141338372
			21.7864514928997	-3.36352233574592
			21.7864514928997	-3.38263325810811
			21.8055624152619	-3.4017441804703
			21.8055624152619	-3.42085510283249
			21.8055624152619	-3.43996602519469
			21.8055624152619	-3.45907694755688
			21.8055624152619	-3.47818786991907
			21.8055624152619	-3.49729879228127
			21.8055624152619	-3.51640971464346
			21.8246733376241	-3.53552063700565
			21.8246733376241	-3.55463155936784
			21.8246733376241	-3.57374248173004
			21.8246733376241	-3.59285340409223
			21.8246733376241	-3.61196432645442
			21.8246733376241	-3.63107524881661
			21.8246733376241	-3.65018617117881
			21.8246733376241	-3.669297093541
			21.8246733376241	-3.68840801590319
			21.8437842599863	-3.70751893826539
			21.8437842599863	-3.72662986062758
			21.8437842599863	-3.74574078298977
			21.8437842599863	-3.76485170535196
			21.8437842599863	-3.78396262771416
			21.8437842599863	-3.80307355007635
			21.8437842599863	-3.82218447243854
			21.8437842599863	-3.84129539480073
			21.8437842599863	-3.86040631716293
			21.8437842599863	-3.87951723952512
			21.8437842599863	-3.89862816188731
			21.8437842599863	-3.91773908424951
			21.8437842599863	-3.9368500066117
			21.8437842599863	-3.95596092897389
			21.8437842599863	-3.97507185133608
			21.8437842599863	-3.99418277369828
			21.8437842599863	-4.01329369606047
			21.8628951823485	-4.03240461842266
			21.8628951823485	-4.05151554078485
			21.8628951823485	-4.07062646314705
			21.8628951823485	-4.08973738550924
			21.8628951823485	-4.10884830787143
			21.8628951823485	-4.12795923023362
			21.8628951823485	-4.14707015259582
			21.8628951823485	-4.16618107495801
			21.8628951823485	-4.1852919973202
			21.8437842599863	-4.2044029196824
			21.8437842599863	-4.22351384204459
			21.8437842599863	-4.24262476440678
			21.8437842599863	-4.26173568676897
			21.8437842599863	-4.28084660913117
			21.8437842599863	-4.29995753149336
			21.8437842599863	-4.31906845385555
			21.8437842599863	-4.33817937621775
			21.8437842599863	-4.35729029857994
			21.8437842599863	-4.37640122094213
			21.8437842599863	-4.39551214330432
			21.8437842599863	-4.41462306566652
			21.8437842599863	-4.43373398802871
			21.8437842599863	-4.4528449103909
			21.8437842599863	-4.47195583275309
			21.8246733376241	-4.49106675511529
			21.8246733376241	-4.51017767747748
			21.8246733376241	-4.52928859983967
			21.8246733376241	-4.54839952220186
			21.8246733376241	-4.56751044456406
			21.8246733376241	-4.58662136692625
			21.8246733376241	-4.60573228928844
			21.8246733376241	-4.62484321165064
			21.8055624152619	-4.62484321165064
			21.8055624152619	-4.64395413401283
			21.8055624152619	-4.66306505637502
			21.8055624152619	-4.68217597873721
			21.8055624152619	-4.70128690109941
			21.8055624152619	-4.7203978234616
			21.7864514928997	-4.7203978234616
			21.7864514928997	-4.73950874582379
			21.7864514928997	-4.75861966818598
			21.7864514928997	-4.77773059054818
			21.7864514928997	-4.79684151291037
			21.7673405705375	-4.79684151291037
			21.7673405705375	-4.81595243527256
			21.7673405705375	-4.83506335763476
			21.7673405705375	-4.85417427999695
			21.7482296481753	-4.87328520235914
			21.7482296481753	-4.89239612472133
			21.7482296481753	-4.91150704708353
			21.7291187258131	-4.93061796944572
			21.7291187258131	-4.94972889180791
			21.7291187258131	-4.9688398141701
			21.7100078034509	-4.9688398141701
			21.7100078034509	-4.9879507365323
			21.7100078034509	-5.00706165889449
			21.6908968810887	-5.02617258125668
			21.6717859587265	-5.04528350361888
			21.6717859587265	-5.06439442598107
			21.6526750363643	-5.08350534834326
			21.6526750363643	-5.10261627070545
			21.6335641140021	-5.12172719306765
			21.6335641140021	-5.14083811542984
			21.61445319164	-5.14083811542984
			21.5953422692778	-5.15994903779203
			21.5953422692778	-5.17905996015422
			21.5762313469156	-5.19817088251642
			21.5571204245534	-5.21728180487861
			21.5571204245534	-5.2363927272408
			21.5380095021912	-5.25550364960299
			21.518898579829	-5.27461457196519
			21.4997876574668	-5.27461457196519
			21.4997876574668	-5.29372549432738
			21.4806767351046	-5.31283641668957
			21.4615658127424	-5.33194733905177
			21.4424548903802	-5.35105826141396
			21.423343968018	-5.37016918377615
			21.4042330456558	-5.38928010613834
			21.423343968018	-5.40839102850054
			21.4424548903802	-5.42750195086273
			21.4615658127424	-5.44661287322492
			21.4806767351046	-5.46572379558711
			21.4806767351046	-5.48483471794931
			21.4997876574668	-5.5039456403115
			21.518898579829	-5.52305656267369
			21.518898579829	-5.54216748503589
			21.518898579829	-5.56127840739808
			21.5380095021912	-5.58038932976027
			21.5380095021912	-5.59950025212246
			21.5380095021912	-5.61861117448466
			21.5380095021912	-5.63772209684685
			21.5380095021912	-5.65683301920904
			21.5571204245534	-5.67594394157123
			21.5571204245534	-5.69505486393343
			21.5571204245534	-5.71416578629562
			21.5380095021912	-5.73327670865781
			21.5380095021912	-5.75238763102001
			21.5380095021912	-5.7714985533822
			21.5380095021912	-5.79060947574439
			21.5380095021912	-5.80972039810658
			21.5380095021912	-5.82883132046878
			21.518898579829	-5.84794224283097
			21.518898579829	-5.86705316519316
			21.4997876574668	-5.88616408755535
			21.4997876574668	-5.90527500991755
			21.4997876574668	-5.92438593227974
			21.4806767351046	-5.94349685464193
			21.4615658127424	-5.96260777700413
			21.4615658127424	-5.98171869936632
			21.4615658127424	-6.00082962172851
			21.4424548903802	-6.00082962172851
			21.4424548903802	-6.0199405440907
		</glabella>
		<suture type=matrix rownames=FALSE colnames=FALSE nrow=434 ncol=2 as.numeric=TRUE >
			19.4740298870744	-0.363107524881661
			19.4931408094366	-0.363107524881661
			19.5122517317988	-0.363107524881661
			19.5313626541609	-0.363107524881661
			19.5504735765231	-0.363107524881661
			19.5695844988853	-0.363107524881661
			19.5886954212475	-0.363107524881661
			19.6078063436097	-0.363107524881661
			19.6269172659719	-0.363107524881661
			19.6460281883341	-0.363107524881661
			19.6651391106963	-0.363107524881661
			19.6842500330585	-0.363107524881661
			19.7033609554207	-0.382218447243854
			19.7224718777829	-0.382218447243854
			19.7415828001451	-0.382218447243854
			19.7606937225073	-0.382218447243854
			19.7798046448695	-0.382218447243854
			19.7989155672316	-0.382218447243854
			19.8180264895938	-0.382218447243854
			19.837137411956	-0.382218447243854
			19.8562483343182	-0.382218447243854
			19.8753592566804	-0.382218447243854
			19.8944701790426	-0.382218447243854
			19.9135811014048	-0.401329369606047
			19.932692023767	-0.401329369606047
			19.9518029461292	-0.401329369606047
			19.9709138684914	-0.401329369606047
			19.9900247908536	-0.401329369606047
			20.0091357132158	-0.401329369606047
			20.028246635578	-0.401329369606047
			20.0473575579402	-0.401329369606047
			20.0664684803023	-0.42044029196824
			20.0855794026645	-0.42044029196824
			20.1046903250267	-0.42044029196824
			20.1238012473889	-0.42044029196824
			20.1429121697511	-0.42044029196824
			20.1620230921133	-0.42044029196824
			20.1811340144755	-0.439551214330432
			20.2002449368377	-0.439551214330432
			20.2193558591999	-0.439551214330432
			20.2384667815621	-0.439551214330432
			20.2575777039243	-0.439551214330432
			20.2766886262865	-0.458662136692625
			20.2957995486487	-0.458662136692625
			20.3149104710109	-0.458662136692625
			20.334021393373	-0.458662136692625
			20.3531323157352	-0.477773059054818
			20.3722432380974	-0.477773059054818
			20.3913541604596	-0.477773059054818
			20.4104650828218	-0.477773059054818
			20.429576005184	-0.477773059054818
			20.4486869275462	-0.49688398141701
			20.4677978499084	-0.49688398141701
			20.4869087722706	-0.49688398141701
			20.5060196946328	-0.49688398141701
			20.525130616995	-0.515994903779203
			20.5442415393572	-0.515994903779203
			20.5633524617194	-0.515994903779203
			20.5824633840815	-0.535105826141396
			20.6015743064437	-0.535105826141396
			20.6206852288059	-0.535105826141396
			20.6397961511681	-0.535105826141396
			20.6397961511681	-0.554216748503589
			20.6589070735303	-0.554216748503589
			20.6780179958925	-0.554216748503589
			20.6971289182547	-0.573327670865781
			20.7162398406169	-0.573327670865781
			20.7353507629791	-0.573327670865781
			20.7353507629791	-0.592438593227974
			20.7544616853413	-0.592438593227974
			20.7735726077035	-0.592438593227974
			20.7926835300657	-0.592438593227974
			20.8117944524279	-0.611549515590167
			20.8309053747901	-0.611549515590167
			20.8500162971522	-0.630660437952359
			20.8691272195144	-0.630660437952359
			20.8882381418766	-0.649771360314552
			20.9073490642388	-0.649771360314552
			20.926459986601	-0.668882282676745
			20.9455709089632	-0.668882282676745
			20.9646818313254	-0.668882282676745
			20.9837927536876	-0.687993205038937
			21.0029036760498	-0.687993205038937
			21.022014598412	-0.70710412740113
			21.0411255207742	-0.726215049763323
			21.0602364431364	-0.726215049763323
			21.0793473654986	-0.745325972125516
			21.0984582878608	-0.745325972125516
			21.1175692102229	-0.764436894487708
			21.1366801325851	-0.764436894487708
			21.1366801325851	-0.783547816849901
			21.1557910549473	-0.783547816849901
			21.1749019773095	-0.783547816849901
			21.1749019773095	-0.802658739212094
			21.1940128996717	-0.802658739212094
			21.2131238220339	-0.821769661574286
			21.2322347443961	-0.840880583936479
			21.2513456667583	-0.840880583936479
			21.2704565891205	-0.859991506298672
			21.2895675114827	-0.879102428660865
			21.3086784338449	-0.879102428660865
			21.3277893562071	-0.898213351023057
			21.3469002785693	-0.91732427338525
			21.3660112009314	-0.936435195747443
			21.3851221232936	-0.936435195747443
			21.4042330456558	-0.955546118109635
			21.423343968018	-0.955546118109635
			21.423343968018	-0.974657040471828
			21.4424548903802	-0.993767962834021
			21.4615658127424	-0.993767962834021
			21.4806767351046	-1.01287888519621
			21.4806767351046	-1.03198980755841
			21.4997876574668	-1.03198980755841
			21.518898579829	-1.0511007299206
			21.5380095021912	-1.07021165228279
			21.5571204245534	-1.08932257464498
			21.5762313469156	-1.10843349700718
			21.5953422692778	-1.12754441936937
			21.5953422692778	-1.14665534173156
			21.61445319164	-1.16576626409376
			21.6335641140021	-1.16576626409376
			21.6526750363643	-1.18487718645595
			21.6717859587265	-1.20398810881814
			21.6717859587265	-1.22309903118033
			21.6908968810887	-1.24220995354253
			21.7100078034509	-1.26132087590472
			21.7291187258131	-1.28043179826691
			21.7291187258131	-1.2995427206291
			21.7482296481753	-1.3186536429913
			21.7673405705375	-1.33776456535349
			21.7673405705375	-1.35687548771568
			21.7864514928997	-1.37598641007787
			21.7864514928997	-1.39509733244007
			21.7864514928997	-1.41420825480226
			21.7864514928997	-1.43331917716445
			21.7864514928997	-1.45243009952665
			21.8055624152619	-1.47154102188884
			21.8055624152619	-1.49065194425103
			21.8055624152619	-1.50976286661322
			21.8055624152619	-1.52887378897542
			21.8055624152619	-1.54798471133761
			21.8055624152619	-1.5670956336998
			21.8246733376241	-1.58620655606199
			21.8246733376241	-1.60531747842419
			21.8246733376241	-1.62442840078638
			21.8246733376241	-1.64353932314857
			21.8246733376241	-1.66265024551077
			21.8246733376241	-1.68176116787296
			21.8246733376241	-1.70087209023515
			21.8246733376241	-1.71998301259734
			21.8246733376241	-1.73909393495954
			21.8246733376241	-1.75820485732173
			21.8246733376241	-1.77731577968392
			21.8246733376241	-1.79642670204611
			21.8246733376241	-1.81553762440831
			21.8246733376241	-1.8346485467705
			21.8246733376241	-1.85375946913269
			21.8246733376241	-1.87287039149489
			21.8437842599863	-1.89198131385708
			21.8437842599863	-1.91109223621927
			21.8437842599863	-1.93020315858146
			21.8437842599863	-1.94931408094366
			21.8437842599863	-1.96842500330585
			21.8437842599863	-1.98753592566804
			21.8437842599863	-2.00664684803023
			21.8437842599863	-2.02575777039243
			21.8437842599863	-2.04486869275462
			21.8437842599863	-2.06397961511681
			21.8437842599863	-2.08309053747901
			21.8437842599863	-2.1022014598412
			21.8437842599863	-2.12131238220339
			21.8437842599863	-2.14042330456558
			21.8437842599863	-2.15953422692778
			21.8246733376241	-2.17864514928997
			21.8246733376241	-2.19775607165216
			21.8246733376241	-2.21686699401435
			21.8246733376241	-2.23597791637655
			21.8246733376241	-2.25508883873874
			21.8246733376241	-2.27419976110093
			21.8246733376241	-2.29331068346313
			21.8246733376241	-2.31242160582532
			21.8246733376241	-2.33153252818751
			21.8246733376241	-2.3506434505497
			21.8246733376241	-2.3697543729119
			21.8246733376241	-2.38886529527409
			21.8246733376241	-2.40797621763628
			21.8246733376241	-2.42708713999847
			21.8246733376241	-2.44619806236067
			21.8246733376241	-2.46530898472286
			21.8437842599863	-2.48441990708505
			21.8437842599863	-2.50353082944724
			21.8437842599863	-2.52264175180944
			21.8628951823485	-2.54175267417163
			21.8628951823485	-2.56086359653382
			21.8628951823485	-2.57997451889602
			21.8820061047107	-2.59908544125821
			21.8820061047107	-2.6181963636204
			21.8820061047107	-2.63730728598259
			21.9011170270728	-2.65641820834479
			21.9011170270728	-2.67552913070698
			21.9011170270728	-2.69464005306917
			21.920227949435	-2.71375097543136
			21.920227949435	-2.73286189779356
			21.9393388717972	-2.75197282015575
			21.9393388717972	-2.77108374251794
			21.9393388717972	-2.79019466488014
			21.9584497941594	-2.80930558724233
			21.9584497941594	-2.82841650960452
			21.9775607165216	-2.84752743196671
			21.9775607165216	-2.86663835432891
			21.9775607165216	-2.8857492766911
			21.9966716388838	-2.90486019905329
			21.9966716388838	-2.92397112141548
			22.015782561246	-2.94308204377768
			22.0348934836082	-2.96219296613987
			22.0348934836082	-2.98130388850206
			22.0540044059704	-3.00041481086426
			22.0540044059704	-3.01952573322645
			22.0540044059704	-3.03863665558864
			22.0731153283326	-3.05774757795083
			22.0922262506948	-3.07685850031303
			22.111337173057	-3.09596942267522
			22.111337173057	-3.11508034503741
			22.1304480954192	-3.1341912673996
			22.1495590177813	-3.1533021897618
			22.1686699401435	-3.17241311212399
			22.1877808625057	-3.19152403448618
			22.2068917848679	-3.19152403448618
			22.2260027072301	-3.21063495684837
			22.2451136295923	-3.22974587921057
			22.2642245519545	-3.24885680157276
			22.2833354743167	-3.26796772393495
			22.3024463966789	-3.28707864629715
			22.3215573190411	-3.30618956865934
			22.3215573190411	-3.32530049102153
			22.3406682414033	-3.34441141338372
			22.3406682414033	-3.36352233574592
			22.3597791637655	-3.38263325810811
			22.3788900861277	-3.4017441804703
			22.3788900861277	-3.42085510283249
			22.3980010084899	-3.43996602519469
			22.3980010084899	-3.45907694755688
			22.3980010084899	-3.47818786991907
			22.417111930852	-3.49729879228127
			22.417111930852	-3.51640971464346
			22.417111930852	-3.53552063700565
			22.4362228532142	-3.55463155936784
			22.4362228532142	-3.57374248173004
			22.4362228532142	-3.59285340409223
			22.4553337755764	-3.61196432645442
			22.4553337755764	-3.63107524881661
			22.4553337755764	-3.65018617117881
			22.4553337755764	-3.669297093541
			22.4553337755764	-3.68840801590319
			22.4553337755764	-3.70751893826539
			22.4553337755764	-3.72662986062758
			22.4553337755764	-3.74574078298977
			22.4553337755764	-3.76485170535196
			22.4553337755764	-3.78396262771416
			22.4553337755764	-3.80307355007635
			22.4553337755764	-3.82218447243854
			22.4553337755764	-3.84129539480073
			22.4553337755764	-3.86040631716293
			22.4553337755764	-3.87951723952512
			22.4553337755764	-3.89862816188731
			22.4362228532142	-3.91773908424951
			22.4362228532142	-3.9368500066117
			22.4362228532142	-3.95596092897389
			22.4362228532142	-3.97507185133608
			22.4362228532142	-3.99418277369828
			22.417111930852	-4.01329369606047
			22.417111930852	-4.03240461842266
			22.417111930852	-4.05151554078485
			22.417111930852	-4.07062646314705
			22.3980010084899	-4.08973738550924
			22.3980010084899	-4.10884830787143
			22.3980010084899	-4.12795923023362
			22.3980010084899	-4.14707015259582
			22.3788900861277	-4.16618107495801
			22.3788900861277	-4.1852919973202
			22.3788900861277	-4.2044029196824
			22.3597791637655	-4.22351384204459
			22.3597791637655	-4.24262476440678
			22.3597791637655	-4.26173568676897
			22.3406682414033	-4.28084660913117
			22.3406682414033	-4.29995753149336
			22.3215573190411	-4.31906845385555
			22.3215573190411	-4.33817937621775
			22.3215573190411	-4.35729029857994
			22.3024463966789	-4.37640122094213
			22.2833354743167	-4.39551214330432
			22.2833354743167	-4.41462306566652
			22.2642245519545	-4.43373398802871
			22.2642245519545	-4.4528449103909
			22.2451136295923	-4.47195583275309
			22.2451136295923	-4.49106675511529
			22.2260027072301	-4.49106675511529
			22.2260027072301	-4.51017767747748
			22.2068917848679	-4.52928859983967
			22.2068917848679	-4.54839952220186
			22.1877808625057	-4.54839952220186
			22.1877808625057	-4.56751044456406
			22.1686699401435	-4.58662136692625
			22.1495590177813	-4.60573228928844
			22.1495590177813	-4.62484321165064
			22.1304480954192	-4.64395413401283
			22.1304480954192	-4.66306505637502
			22.1304480954192	-4.68217597873721
			22.111337173057	-4.70128690109941
			22.111337173057	-4.7203978234616
			22.0922262506948	-4.73950874582379
			22.0922262506948	-4.75861966818598
			22.0922262506948	-4.77773059054818
			22.0731153283326	-4.79684151291037
			22.0731153283326	-4.81595243527256
			22.0540044059704	-4.83506335763476
			22.0540044059704	-4.85417427999695
			22.0348934836082	-4.87328520235914
			22.0348934836082	-4.89239612472133
			22.0348934836082	-4.91150704708353
			22.015782561246	-4.93061796944572
			22.015782561246	-4.94972889180791
			21.9966716388838	-4.9688398141701
			21.9966716388838	-4.9879507365323
			21.9966716388838	-5.00706165889449
			21.9775607165216	-5.00706165889449
			21.9775607165216	-5.02617258125668
			21.9775607165216	-5.04528350361888
			21.9584497941594	-5.06439442598107
			21.9584497941594	-5.08350534834326
			21.9584497941594	-5.10261627070545
			21.9393388717972	-5.10261627070545
			21.9393388717972	-5.12172719306765
			21.9393388717972	-5.14083811542984
			21.9393388717972	-5.15994903779203
			21.9393388717972	-5.17905996015422
			21.9393388717972	-5.19817088251642
			21.9584497941594	-5.21728180487861
			21.9584497941594	-5.2363927272408
			21.9584497941594	-5.25550364960299
			21.9584497941594	-5.27461457196519
			21.9775607165216	-5.29372549432738
			21.9775607165216	-5.31283641668957
			21.9775607165216	-5.33194733905177
			21.9966716388838	-5.35105826141396
			21.9966716388838	-5.37016918377615
			22.015782561246	-5.38928010613834
			22.0348934836082	-5.38928010613834
			22.0540044059704	-5.38928010613834
			22.0731153283326	-5.38928010613834
			22.0922262506948	-5.40839102850054
			22.111337173057	-5.40839102850054
			22.1304480954192	-5.40839102850054
			22.1495590177813	-5.40839102850054
			22.1686699401435	-5.40839102850054
			22.1877808625057	-5.40839102850054
			22.2068917848679	-5.42750195086273
			22.2260027072301	-5.42750195086273
			22.2451136295923	-5.42750195086273
			22.2642245519545	-5.42750195086273
			22.2833354743167	-5.42750195086273
			22.3024463966789	-5.44661287322492
			22.3215573190411	-5.44661287322492
			22.3406682414033	-5.44661287322492
			22.3597791637655	-5.44661287322492
			22.3788900861277	-5.46572379558711
			22.3980010084899	-5.46572379558711
			22.417111930852	-5.46572379558711
			22.4362228532142	-5.46572379558711
			22.4553337755764	-5.48483471794931
			22.4744446979386	-5.48483471794931
			22.4935556203008	-5.48483471794931
			22.512666542663	-5.5039456403115
			22.5317774650252	-5.5039456403115
			22.5508883873874	-5.5039456403115
			22.5699993097496	-5.52305656267369
			22.5891102321118	-5.52305656267369
			22.608221154474	-5.52305656267369
			22.608221154474	-5.54216748503589
			22.6273320768362	-5.54216748503589
			22.6464429991984	-5.54216748503589
			22.6655539215606	-5.56127840739808
			22.6846648439227	-5.56127840739808
			22.7037757662849	-5.58038932976027
			22.7228866886471	-5.58038932976027
			22.7419976110093	-5.59950025212246
			22.7611085333715	-5.59950025212246
			22.7802194557337	-5.61861117448466
			22.7993303780959	-5.63772209684685
			22.8184413004581	-5.63772209684685
			22.8375522228203	-5.65683301920904
			22.8566631451825	-5.65683301920904
			22.8757740675447	-5.67594394157123
			22.8948849899069	-5.67594394157123
			22.9139959122691	-5.69505486393343
			22.9331068346312	-5.71416578629562
			22.9522177569934	-5.71416578629562
			22.9713286793556	-5.73327670865781
			22.9904396017178	-5.73327670865781
			23.00955052408	-5.75238763102001
			23.0286614464422	-5.75238763102001
			23.0477723688044	-5.7714985533822
			23.0668832911666	-5.7714985533822
			23.0859942135288	-5.79060947574439
			23.105105135891	-5.79060947574439
			23.1242160582532	-5.80972039810658
			23.1433269806154	-5.80972039810658
			23.1433269806154	-5.82883132046878
			23.1624379029776	-5.82883132046878
			23.1815488253398	-5.84794224283097
			23.2006597477019	-5.84794224283097
			23.2197706700641	-5.84794224283097
			23.2197706700641	-5.86705316519316
			23.2388815924263	-5.86705316519316
			23.2579925147885	-5.88616408755535
			23.2771034371507	-5.88616408755535
			23.2771034371507	-5.90527500991755
			23.2962143595129	-5.90527500991755
			23.3153252818751	-5.92438593227974
			23.3344362042373	-5.94349685464193
			23.3535471265995	-5.94349685464193
			23.3726580489617	-5.96260777700413
			23.3917689713239	-5.98171869936632
			23.4108798936861	-5.98171869936632
			23.4108798936861	-6.00082962172851
			23.4299908160483	-6.00082962172851
			23.4299908160483	-6.0199405440907
			23.4491017384105	-6.0199405440907
			23.4682126607726	-6.0390514664529
			23.4873235831348	-6.05816238881509
			23.506434505497	-6.07727331117728
			23.5255454278592	-6.07727331117728
			23.5446563502214	-6.09638423353947
			23.5446563502214	-6.11549515590167
		</suture>
		<anterior type=matrix rownames=FALSE colnames=FALSE nrow=388 ncol=2 as.numeric=TRUE >
			19.4740298870744	-0.363107524881661
			19.4931408094366	-0.363107524881661
			19.5122517317988	-0.363107524881661
			19.5313626541609	-0.363107524881661
			19.5504735765231	-0.363107524881661
			19.5695844988853	-0.363107524881661
			19.5886954212475	-0.363107524881661
			19.6078063436097	-0.363107524881661
			19.6269172659719	-0.363107524881661
			19.6460281883341	-0.363107524881661
			19.6651391106963	-0.363107524881661
			19.6842500330585	-0.363107524881661
			19.7033609554207	-0.363107524881661
			19.7224718777829	-0.363107524881661
			19.7415828001451	-0.363107524881661
			19.7606937225073	-0.363107524881661
			19.7798046448695	-0.363107524881661
			19.7989155672316	-0.363107524881661
			19.8180264895938	-0.363107524881661
			19.837137411956	-0.382218447243854
			19.8562483343182	-0.382218447243854
			19.8753592566804	-0.382218447243854
			19.8944701790426	-0.382218447243854
			19.9135811014048	-0.382218447243854
			19.932692023767	-0.382218447243854
			19.9518029461292	-0.382218447243854
			19.9709138684914	-0.382218447243854
			19.9900247908536	-0.382218447243854
			20.0091357132158	-0.401329369606047
			20.028246635578	-0.401329369606047
			20.0473575579402	-0.401329369606047
			20.0664684803023	-0.401329369606047
			20.0855794026645	-0.401329369606047
			20.1046903250267	-0.401329369606047
			20.1238012473889	-0.42044029196824
			20.1429121697511	-0.42044029196824
			20.1620230921133	-0.42044029196824
			20.1811340144755	-0.42044029196824
			20.2002449368377	-0.42044029196824
			20.2193558591999	-0.42044029196824
			20.2384667815621	-0.439551214330432
			20.2575777039243	-0.439551214330432
			20.2766886262865	-0.439551214330432
			20.2957995486487	-0.439551214330432
			20.3149104710109	-0.458662136692625
			20.334021393373	-0.458662136692625
			20.3531323157352	-0.458662136692625
			20.3722432380974	-0.458662136692625
			20.3913541604596	-0.477773059054818
			20.4104650828218	-0.477773059054818
			20.429576005184	-0.477773059054818
			20.4486869275462	-0.477773059054818
			20.4677978499084	-0.49688398141701
			20.4869087722706	-0.49688398141701
			20.5060196946328	-0.49688398141701
			20.525130616995	-0.515994903779203
			20.5442415393572	-0.515994903779203
			20.5633524617194	-0.515994903779203
			20.5824633840815	-0.515994903779203
			20.6015743064437	-0.535105826141396
			20.6206852288059	-0.535105826141396
			20.6397961511681	-0.535105826141396
			20.6397961511681	-0.554216748503589
			20.6589070735303	-0.554216748503589
			20.6780179958925	-0.554216748503589
			20.6971289182547	-0.573327670865781
			20.7162398406169	-0.573327670865781
			20.7353507629791	-0.573327670865781
			20.7544616853413	-0.592438593227974
			20.7735726077035	-0.592438593227974
			20.7926835300657	-0.592438593227974
			20.8117944524279	-0.611549515590167
			20.8309053747901	-0.611549515590167
			20.8500162971522	-0.630660437952359
			20.8691272195144	-0.630660437952359
			20.8882381418766	-0.649771360314552
			20.9073490642388	-0.649771360314552
			20.926459986601	-0.668882282676745
			20.9455709089632	-0.668882282676745
			20.9646818313254	-0.668882282676745
			20.9837927536876	-0.687993205038937
			21.0029036760498	-0.687993205038937
			21.0029036760498	-0.70710412740113
			21.022014598412	-0.70710412740113
			21.0411255207742	-0.70710412740113
			21.0602364431364	-0.726215049763323
			21.0793473654986	-0.726215049763323
			21.0793473654986	-0.745325972125516
			21.0984582878608	-0.745325972125516
			21.1175692102229	-0.745325972125516
			21.1366801325851	-0.764436894487708
			21.1557910549473	-0.783547816849901
			21.1749019773095	-0.783547816849901
			21.1940128996717	-0.802658739212094
			21.2131238220339	-0.802658739212094
			21.2322347443961	-0.821769661574286
			21.2513456667583	-0.821769661574286
			21.2704565891205	-0.840880583936479
			21.2895675114827	-0.840880583936479
			21.3086784338449	-0.859991506298672
			21.3277893562071	-0.859991506298672
			21.3469002785693	-0.879102428660865
			21.3660112009314	-0.879102428660865
			21.3851221232936	-0.898213351023057
			21.4042330456558	-0.898213351023057
			21.423343968018	-0.91732427338525
			21.4424548903802	-0.936435195747443
			21.4615658127424	-0.936435195747443
			21.4806767351046	-0.936435195747443
			21.4997876574668	-0.955546118109635
			21.518898579829	-0.955546118109635
			21.518898579829	-0.974657040471828
			21.5380095021912	-0.974657040471828
			21.5571204245534	-0.993767962834021
			21.5762313469156	-0.993767962834021
			21.5953422692778	-1.01287888519621
			21.61445319164	-1.01287888519621
			21.61445319164	-1.03198980755841
			21.6335641140021	-1.03198980755841
			21.6526750363643	-1.0511007299206
			21.6717859587265	-1.0511007299206
			21.6908968810887	-1.07021165228279
			21.7100078034509	-1.08932257464498
			21.7291187258131	-1.08932257464498
			21.7482296481753	-1.10843349700718
			21.7673405705375	-1.12754441936937
			21.7864514928997	-1.12754441936937
			21.8055624152619	-1.14665534173156
			21.8246733376241	-1.14665534173156
			21.8437842599863	-1.16576626409376
			21.8437842599863	-1.18487718645595
			21.8628951823485	-1.18487718645595
			21.8820061047107	-1.20398810881814
			21.9011170270728	-1.20398810881814
			21.920227949435	-1.22309903118033
			21.9393388717972	-1.24220995354253
			21.9584497941594	-1.24220995354253
			21.9775607165216	-1.26132087590472
			21.9966716388838	-1.28043179826691
			22.015782561246	-1.2995427206291
			22.0348934836082	-1.3186536429913
			22.0540044059704	-1.3186536429913
			22.0731153283326	-1.33776456535349
			22.0922262506948	-1.35687548771568
			22.111337173057	-1.37598641007787
			22.1304480954192	-1.37598641007787
			22.1495590177813	-1.39509733244007
			22.1686699401435	-1.41420825480226
			22.1877808625057	-1.43331917716445
			22.2068917848679	-1.43331917716445
			22.2260027072301	-1.45243009952665
			22.2451136295923	-1.47154102188884
			22.2642245519545	-1.49065194425103
			22.2833354743167	-1.50976286661322
			22.3024463966789	-1.52887378897542
			22.3215573190411	-1.54798471133761
			22.3406682414033	-1.5670956336998
			22.3597791637655	-1.58620655606199
			22.3788900861277	-1.60531747842419
			22.3980010084899	-1.62442840078638
			22.417111930852	-1.64353932314857
			22.4362228532142	-1.66265024551077
			22.4553337755764	-1.68176116787296
			22.4744446979386	-1.70087209023515
			22.4935556203008	-1.71998301259734
			22.512666542663	-1.73909393495954
			22.5317774650252	-1.75820485732173
			22.5508883873874	-1.77731577968392
			22.5699993097496	-1.79642670204611
			22.5891102321118	-1.81553762440831
			22.608221154474	-1.8346485467705
			22.6273320768362	-1.85375946913269
			22.6273320768362	-1.87287039149489
			22.6464429991984	-1.89198131385708
			22.6655539215606	-1.91109223621927
			22.6846648439227	-1.93020315858146
			22.7037757662849	-1.93020315858146
			22.7037757662849	-1.94931408094366
			22.7228866886471	-1.96842500330585
			22.7419976110093	-1.98753592566804
			22.7611085333715	-2.00664684803023
			22.7611085333715	-2.02575777039243
			22.7802194557337	-2.04486869275462
			22.7993303780959	-2.06397961511681
			22.7993303780959	-2.08309053747901
			22.8184413004581	-2.1022014598412
			22.8375522228203	-2.1022014598412
			22.8566631451825	-2.12131238220339
			22.8566631451825	-2.14042330456558
			22.8757740675447	-2.15953422692778
			22.8948849899069	-2.17864514928997
			22.8948849899069	-2.19775607165216
			22.9139959122691	-2.21686699401435
			22.9331068346312	-2.23597791637655
			22.9522177569934	-2.25508883873874
			22.9713286793556	-2.27419976110093
			22.9904396017178	-2.29331068346313
			22.9904396017178	-2.31242160582532
			23.00955052408	-2.33153252818751
			23.0286614464422	-2.3506434505497
			23.0286614464422	-2.3697543729119
			23.0477723688044	-2.38886529527409
			23.0668832911666	-2.40797621763628
			23.0859942135288	-2.42708713999847
			23.0859942135288	-2.44619806236067
			23.105105135891	-2.46530898472286
			23.1242160582532	-2.48441990708505
			23.1242160582532	-2.50353082944724
			23.1433269806154	-2.52264175180944
			23.1624379029776	-2.54175267417163
			23.1624379029776	-2.56086359653382
			23.1815488253398	-2.57997451889602
			23.2006597477019	-2.59908544125821
			23.2006597477019	-2.6181963636204
			23.2197706700641	-2.63730728598259
			23.2197706700641	-2.65641820834479
			23.2388815924263	-2.67552913070698
			23.2388815924263	-2.69464005306917
			23.2579925147885	-2.71375097543136
			23.2771034371507	-2.73286189779356
			23.2771034371507	-2.75197282015575
			23.2962143595129	-2.77108374251794
			23.2962143595129	-2.79019466488014
			23.3153252818751	-2.79019466488014
			23.3153252818751	-2.80930558724233
			23.3344362042373	-2.82841650960452
			23.3344362042373	-2.84752743196671
			23.3535471265995	-2.86663835432891
			23.3535471265995	-2.8857492766911
			23.3726580489617	-2.90486019905329
			23.3726580489617	-2.92397112141548
			23.3917689713239	-2.94308204377768
			23.3917689713239	-2.96219296613987
			23.4108798936861	-2.98130388850206
			23.4108798936861	-3.00041481086426
			23.4299908160483	-3.01952573322645
			23.4299908160483	-3.03863665558864
			23.4491017384105	-3.05774757795083
			23.4491017384105	-3.07685850031303
			23.4491017384105	-3.09596942267522
			23.4682126607726	-3.11508034503741
			23.4682126607726	-3.1341912673996
			23.4873235831348	-3.1533021897618
			23.4873235831348	-3.17241311212399
			23.4873235831348	-3.19152403448618
			23.506434505497	-3.21063495684837
			23.506434505497	-3.22974587921057
			23.506434505497	-3.24885680157276
			23.5255454278592	-3.26796772393495
			23.5255454278592	-3.28707864629715
			23.5446563502214	-3.30618956865934
			23.5446563502214	-3.32530049102153
			23.5446563502214	-3.34441141338372
			23.5637672725836	-3.36352233574592
			23.5637672725836	-3.38263325810811
			23.5828781949458	-3.4017441804703
			23.5828781949458	-3.42085510283249
			23.5828781949458	-3.43996602519469
			23.601989117308	-3.43996602519469
			23.601989117308	-3.45907694755688
			23.6211000396702	-3.47818786991907
			23.6211000396702	-3.49729879228127
			23.6402109620324	-3.51640971464346
			23.6402109620324	-3.53552063700565
			23.6593218843946	-3.55463155936784
			23.6593218843946	-3.57374248173004
			23.6593218843946	-3.59285340409223
			23.6784328067568	-3.61196432645442
			23.6784328067568	-3.63107524881661
			23.697543729119	-3.63107524881661
			23.697543729119	-3.65018617117881
			23.697543729119	-3.669297093541
			23.7166546514812	-3.68840801590319
			23.7166546514812	-3.70751893826539
			23.7357655738433	-3.72662986062758
			23.7357655738433	-3.74574078298977
			23.7548764962055	-3.76485170535196
			23.7548764962055	-3.78396262771416
			23.7548764962055	-3.80307355007635
			23.7739874185677	-3.82218447243854
			23.7739874185677	-3.84129539480073
			23.7739874185677	-3.86040631716293
			23.7930983409299	-3.87951723952512
			23.7930983409299	-3.89862816188731
			23.8122092632921	-3.91773908424951
			23.8122092632921	-3.9368500066117
			23.8122092632921	-3.95596092897389
			23.8313201856543	-3.97507185133608
			23.8313201856543	-3.99418277369828
			23.8313201856543	-4.01329369606047
			23.8504311080165	-4.03240461842266
			23.8504311080165	-4.05151554078485
			23.8504311080165	-4.07062646314705
			23.8695420303787	-4.08973738550924
			23.8695420303787	-4.10884830787143
			23.8695420303787	-4.12795923023362
			23.8886529527409	-4.14707015259582
			23.8886529527409	-4.16618107495801
			23.8886529527409	-4.1852919973202
			23.9077638751031	-4.2044029196824
			23.9077638751031	-4.22351384204459
			23.9077638751031	-4.24262476440678
			23.9268747974653	-4.26173568676897
			23.9268747974653	-4.28084660913117
			23.9268747974653	-4.29995753149336
			23.9268747974653	-4.31906845385555
			23.9459857198275	-4.33817937621775
			23.9459857198275	-4.35729029857994
			23.9459857198275	-4.37640122094213
			23.9650966421897	-4.39551214330432
			23.9650966421897	-4.41462306566652
			23.9650966421897	-4.43373398802871
			23.9650966421897	-4.4528449103909
			23.9842075645518	-4.47195583275309
			23.9842075645518	-4.49106675511529
			23.9842075645518	-4.51017767747748
			23.9842075645518	-4.52928859983967
			24.003318486914	-4.54839952220186
			24.003318486914	-4.56751044456406
			24.003318486914	-4.58662136692625
			24.003318486914	-4.60573228928844
			24.0224294092762	-4.62484321165064
			24.0224294092762	-4.64395413401283
			24.0224294092762	-4.66306505637502
			24.0224294092762	-4.68217597873721
			24.0415403316384	-4.70128690109941
			24.0415403316384	-4.7203978234616
			24.0415403316384	-4.73950874582379
			24.0415403316384	-4.75861966818598
			24.0606512540006	-4.77773059054818
			24.0606512540006	-4.79684151291037
			24.0606512540006	-4.81595243527256
			24.0606512540006	-4.83506335763476
			24.0606512540006	-4.85417427999695
			24.0797621763628	-4.87328520235914
			24.0797621763628	-4.89239612472133
			24.0797621763628	-4.91150704708353
			24.0797621763628	-4.93061796944572
			24.0797621763628	-4.94972889180791
			24.098873098725	-4.9688398141701
			24.098873098725	-4.9879507365323
			24.098873098725	-5.00706165889449
			24.098873098725	-5.02617258125668
			24.098873098725	-5.04528350361888
			24.1179840210872	-5.06439442598107
			24.1179840210872	-5.08350534834326
			24.1179840210872	-5.10261627070545
			24.1179840210872	-5.12172719306765
			24.1179840210872	-5.14083811542984
			24.1179840210872	-5.15994903779203
			24.1370949434494	-5.17905996015422
			24.1370949434494	-5.19817088251642
			24.1370949434494	-5.21728180487861
			24.1370949434494	-5.2363927272408
			24.1370949434494	-5.25550364960299
			24.1562058658116	-5.27461457196519
			24.1562058658116	-5.29372549432738
			24.1562058658116	-5.31283641668957
			24.1562058658116	-5.33194733905177
			24.1562058658116	-5.35105826141396
			24.1562058658116	-5.37016918377615
			24.1753167881738	-5.38928010613834
			24.1753167881738	-5.40839102850054
			24.1753167881738	-5.42750195086273
			24.1753167881738	-5.44661287322492
			24.1753167881738	-5.46572379558711
			24.1753167881738	-5.48483471794931
			24.1753167881738	-5.5039456403115
			24.194427710536	-5.52305656267369
			24.194427710536	-5.54216748503589
			24.194427710536	-5.56127840739808
			24.194427710536	-5.58038932976027
			24.194427710536	-5.59950025212246
			24.194427710536	-5.61861117448466
			24.194427710536	-5.63772209684685
			24.2135386328982	-5.65683301920904
			24.2135386328982	-5.67594394157123
			24.2135386328982	-5.69505486393343
			24.2135386328982	-5.71416578629562
			24.2135386328982	-5.73327670865781
			24.2135386328982	-5.75238763102001
			24.2135386328982	-5.7714985533822
			24.2135386328982	-5.79060947574439
			24.2135386328982	-5.80972039810658
			24.2326495552604	-5.82883132046878
			24.2326495552604	-5.84794224283097
			24.2326495552604	-5.86705316519316
			24.2326495552604	-5.88616408755535
		</anterior>
		<posterior type=matrix rownames=FALSE colnames=FALSE nrow=252 ncol=2 as.numeric=TRUE >
			19.5313626541609	-6.47860268078333
			19.5504735765231	-6.47860268078333
			19.5695844988853	-6.47860268078333
			19.5886954212475	-6.47860268078333
			19.6078063436097	-6.47860268078333
			19.6269172659719	-6.47860268078333
			19.6460281883341	-6.47860268078333
			19.6651391106963	-6.47860268078333
			19.6842500330585	-6.47860268078333
			19.7033609554207	-6.47860268078333
			19.7224718777829	-6.47860268078333
			19.7415828001451	-6.47860268078333
			19.7606937225073	-6.47860268078333
			19.7798046448695	-6.47860268078333
			19.7989155672316	-6.47860268078333
			19.8180264895938	-6.47860268078333
			19.837137411956	-6.47860268078333
			19.8562483343182	-6.47860268078333
			19.8753592566804	-6.47860268078333
			19.8944701790426	-6.47860268078333
			19.9135811014048	-6.45949175842114
			19.932692023767	-6.45949175842114
			19.9518029461292	-6.45949175842114
			19.9709138684914	-6.45949175842114
			19.9900247908536	-6.45949175842114
			20.0091357132158	-6.45949175842114
			20.028246635578	-6.45949175842114
			20.0473575579402	-6.45949175842114
			20.0664684803023	-6.45949175842114
			20.0855794026645	-6.45949175842114
			20.1046903250267	-6.45949175842114
			20.1238012473889	-6.45949175842114
			20.1429121697511	-6.45949175842114
			20.1620230921133	-6.44038083605894
			20.1811340144755	-6.44038083605894
			20.2002449368377	-6.44038083605894
			20.2193558591999	-6.44038083605894
			20.2384667815621	-6.44038083605894
			20.2575777039243	-6.44038083605894
			20.2766886262865	-6.44038083605894
			20.2957995486487	-6.44038083605894
			20.3149104710109	-6.44038083605894
			20.334021393373	-6.42126991369675
			20.3531323157352	-6.42126991369675
			20.3722432380974	-6.42126991369675
			20.3913541604596	-6.42126991369675
			20.4104650828218	-6.42126991369675
			20.429576005184	-6.42126991369675
			20.4486869275462	-6.42126991369675
			20.4677978499084	-6.40215899133456
			20.4869087722706	-6.40215899133456
			20.5060196946328	-6.40215899133456
			20.525130616995	-6.40215899133456
			20.5442415393572	-6.40215899133456
			20.5633524617194	-6.40215899133456
			20.5824633840815	-6.38304806897236
			20.6015743064437	-6.38304806897236
			20.6206852288059	-6.38304806897236
			20.6397961511681	-6.38304806897236
			20.6589070735303	-6.38304806897236
			20.6780179958925	-6.38304806897236
			20.6971289182547	-6.36393714661017
			20.7162398406169	-6.36393714661017
			20.7353507629791	-6.36393714661017
			20.7544616853413	-6.36393714661017
			20.7735726077035	-6.34482622424798
			20.7926835300657	-6.34482622424798
			20.8117944524279	-6.34482622424798
			20.8309053747901	-6.34482622424798
			20.8500162971522	-6.32571530188579
			20.8691272195144	-6.32571530188579
			20.8882381418766	-6.32571530188579
			20.9073490642388	-6.32571530188579
			20.926459986601	-6.32571530188579
			20.926459986601	-6.30660437952359
			20.9455709089632	-6.30660437952359
			20.9646818313254	-6.30660437952359
			20.9837927536876	-6.2874934571614
			21.0029036760498	-6.2874934571614
			21.022014598412	-6.2874934571614
			21.0411255207742	-6.26838253479921
			21.0602364431364	-6.26838253479921
			21.0793473654986	-6.26838253479921
			21.0984582878608	-6.24927161243702
			21.1175692102229	-6.24927161243702
			21.1366801325851	-6.23016069007482
			21.1557910549473	-6.23016069007482
			21.1749019773095	-6.21104976771263
			21.1940128996717	-6.21104976771263
			21.2131238220339	-6.19193884535044
			21.2322347443961	-6.19193884535044
			21.2513456667583	-6.17282792298824
			21.2704565891205	-6.17282792298824
			21.2704565891205	-6.15371700062605
			21.2895675114827	-6.13460607826386
			21.3086784338449	-6.13460607826386
			21.3277893562071	-6.11549515590167
			21.3469002785693	-6.09638423353947
			21.3660112009314	-6.07727331117728
			21.3851221232936	-6.05816238881509
			21.4042330456558	-6.0390514664529
			21.423343968018	-6.0390514664529
			21.4424548903802	-6.0390514664529
			21.4615658127424	-6.0390514664529
			21.4806767351046	-6.0390514664529
			21.4997876574668	-6.05816238881509
			21.518898579829	-6.05816238881509
			21.5380095021912	-6.05816238881509
			21.5571204245534	-6.05816238881509
			21.5762313469156	-6.05816238881509
			21.5953422692778	-6.05816238881509
			21.61445319164	-6.05816238881509
			21.6335641140021	-6.07727331117728
			21.6526750363643	-6.07727331117728
			21.6717859587265	-6.07727331117728
			21.6908968810887	-6.07727331117728
			21.7100078034509	-6.07727331117728
			21.7291187258131	-6.07727331117728
			21.7482296481753	-6.07727331117728
			21.7673405705375	-6.09638423353947
			21.7864514928997	-6.09638423353947
			21.8055624152619	-6.09638423353947
			21.8246733376241	-6.09638423353947
			21.8437842599863	-6.09638423353947
			21.8628951823485	-6.09638423353947
			21.8820061047107	-6.11549515590167
			21.9011170270728	-6.11549515590167
			21.920227949435	-6.11549515590167
			21.9393388717972	-6.11549515590167
			21.9584497941594	-6.13460607826386
			21.9775607165216	-6.13460607826386
			21.9966716388838	-6.13460607826386
			22.015782561246	-6.13460607826386
			22.0348934836082	-6.13460607826386
			22.0540044059704	-6.15371700062605
			22.0731153283326	-6.15371700062605
			22.0922262506948	-6.15371700062605
			22.111337173057	-6.15371700062605
			22.1304480954192	-6.15371700062605
			22.1495590177813	-6.15371700062605
			22.1686699401435	-6.15371700062605
			22.1877808625057	-6.15371700062605
			22.2068917848679	-6.15371700062605
			22.2260027072301	-6.15371700062605
			22.2451136295923	-6.15371700062605
			22.2451136295923	-6.17282792298824
			22.2642245519545	-6.17282792298824
			22.2833354743167	-6.17282792298824
			22.3024463966789	-6.17282792298824
			22.3215573190411	-6.17282792298824
			22.3406682414033	-6.17282792298824
			22.3597791637655	-6.17282792298824
			22.3788900861277	-6.17282792298824
			22.3980010084899	-6.19193884535044
			22.417111930852	-6.19193884535044
			22.4362228532142	-6.19193884535044
			22.4553337755764	-6.19193884535044
			22.4744446979386	-6.19193884535044
			22.4935556203008	-6.19193884535044
			22.512666542663	-6.21104976771263
			22.5317774650252	-6.21104976771263
			22.5508883873874	-6.21104976771263
			22.5699993097496	-6.21104976771263
			22.5891102321118	-6.21104976771263
			22.608221154474	-6.21104976771263
			22.6273320768362	-6.21104976771263
			22.6464429991984	-6.23016069007482
			22.6655539215606	-6.23016069007482
			22.6846648439227	-6.23016069007482
			22.7037757662849	-6.23016069007482
			22.7228866886471	-6.23016069007482
			22.7419976110093	-6.23016069007482
			22.7611085333715	-6.23016069007482
			22.7802194557337	-6.23016069007482
			22.7993303780959	-6.23016069007482
			22.8184413004581	-6.23016069007482
			22.8375522228203	-6.23016069007482
			22.8566631451825	-6.24927161243702
			22.8757740675447	-6.24927161243702
			22.8948849899069	-6.24927161243702
			22.9139959122691	-6.24927161243702
			22.9331068346312	-6.24927161243702
			22.9522177569934	-6.24927161243702
			22.9713286793556	-6.24927161243702
			22.9904396017178	-6.24927161243702
			23.00955052408	-6.24927161243702
			23.0286614464422	-6.24927161243702
			23.0477723688044	-6.24927161243702
			23.0668832911666	-6.23016069007482
			23.0859942135288	-6.23016069007482
			23.105105135891	-6.23016069007482
			23.1242160582532	-6.23016069007482
			23.1433269806154	-6.23016069007482
			23.1624379029776	-6.23016069007482
			23.1815488253398	-6.21104976771263
			23.2006597477019	-6.21104976771263
			23.2197706700641	-6.21104976771263
			23.2388815924263	-6.21104976771263
			23.2579925147885	-6.21104976771263
			23.2771034371507	-6.19193884535044
			23.2962143595129	-6.19193884535044
			23.3153252818751	-6.19193884535044
			23.3344362042373	-6.19193884535044
			23.3535471265995	-6.19193884535044
			23.3726580489617	-6.17282792298824
			23.3917689713239	-6.17282792298824
			23.4108798936861	-6.17282792298824
			23.4299908160483	-6.17282792298824
			23.4491017384105	-6.17282792298824
			23.4682126607726	-6.17282792298824
			23.4682126607726	-6.15371700062605
			23.4873235831348	-6.15371700062605
			23.506434505497	-6.15371700062605
			23.5255454278592	-6.15371700062605
			23.5446563502214	-6.15371700062605
			23.5637672725836	-6.13460607826386
			23.5828781949458	-6.13460607826386
			23.601989117308	-6.13460607826386
			23.6211000396702	-6.13460607826386
			23.6402109620324	-6.13460607826386
			23.6593218843946	-6.13460607826386
			23.6593218843946	-6.11549515590167
			23.6784328067568	-6.11549515590167
			23.697543729119	-6.11549515590167
			23.7166546514812	-6.11549515590167
			23.7357655738433	-6.11549515590167
			23.7548764962055	-6.09638423353947
			23.7739874185677	-6.09638423353947
			23.7930983409299	-6.09638423353947
			23.8122092632921	-6.09638423353947
			23.8313201856543	-6.09638423353947
			23.8504311080165	-6.07727331117728
			23.8695420303787	-6.07727331117728
			23.8886529527409	-6.07727331117728
			23.9077638751031	-6.07727331117728
			23.9268747974653	-6.07727331117728
			23.9459857198275	-6.05816238881509
			23.9650966421897	-6.05816238881509
			23.9842075645518	-6.05816238881509
			24.003318486914	-6.0390514664529
			24.0224294092762	-6.0390514664529
			24.0415403316384	-6.0390514664529
			24.0606512540006	-6.0199405440907
			24.0797621763628	-6.0199405440907
			24.098873098725	-6.00082962172851
			24.1179840210872	-6.00082962172851
			24.1370949434494	-5.98171869936632
			24.1562058658116	-5.96260777700413
			24.1753167881738	-5.94349685464193
			24.194427710536	-5.92438593227974
			24.2135386328982	-5.90527500991755
			24.2326495552604	-5.88616408755535
		</posterior>
	</curves.scaled>
	<ruler.points type=matrix rownames=TRUE colnames=FALSE nrow=2 ncol=2 as.numeric=TRUE >
		Ruler point 1	636	348
		Ruler point 2	861	349
	</ruler.points>
</shapes>

