<shapes type=list>
	<ruler.pixel type=vector names=FALSE length=1 as.numeric=TRUE >79</ruler.pixel>
	<ruler.interval type=vector names=FALSE length=1 as.numeric=TRUE >2</ruler.interval>
	<scaling.units type=vector names=FALSE length=1 as.numeric=FALSE >mm</scaling.units>
	<scaling type=vector names=FALSE length=1 as.numeric=TRUE >0.0253164556962025</scaling>
	<landmarks.pixel type=matrix rownames=TRUE colnames=FALSE nrow=16 ncol=2 as.numeric=TRUE >
		LM1	228	14
		LM2	227	65
		LM3	223	204
		LM4	224	230
		LM5	289	187
		LM6	288	201
		LM7	287	214
		LM8	327	108
		LM9	323	161
		LM10	228	14
		LM11	372	204
		LM12	382	254
		LM13	228	13
		LM14	351	133
		LM15	417	230
		LM16	437	422
	</landmarks.pixel>
	<landmarks.scaled type=matrix rownames=TRUE colnames=FALSE nrow=16 ncol=2 as.numeric=TRUE >
		LM1	5.77215189873418	-0.354430379746835
		LM2	5.74683544303797	-1.64556962025316
		LM3	5.64556962025316	-5.16455696202532
		LM4	5.67088607594937	-5.82278481012658
		LM5	7.31645569620253	-4.73417721518987
		LM6	7.29113924050633	-5.08860759493671
		LM7	7.26582278481013	-5.41772151898734
		LM8	8.27848101265823	-2.73417721518987
		LM9	8.17721518987342	-4.07594936708861
		LM10	5.77215189873418	-0.354430379746835
		LM11	9.41772151898734	-5.16455696202532
		LM12	9.67088607594937	-6.43037974683544
		LM13	5.77215189873418	-0.329113924050633
		LM14	8.88607594936709	-3.36708860759494
		LM15	10.5569620253165	-5.82278481012658
		LM16	11.0632911392405	-10.6835443037975
	</landmarks.scaled>
	<curves.control type=list>
		<glabella type=matrix rownames=FALSE colnames=FALSE nrow=9 ncol=2 as.numeric=TRUE >
			227	65
			251	66
			268	80
			283	96
			280	137
			281	148
			287	164
			291	180
			287	214
		</glabella>
		<suture type=matrix rownames=FALSE colnames=FALSE nrow=19 ncol=2 as.numeric=TRUE >
			228	14
			305	13
			331	69
			315	108
			317	114
			346	112
			344	137
			341	151
			325	155
			314	163
			325	172
			337	177
			346	183
			358	188
			372	198
			382	207
			383	231
			387	247
			382	254
		</suture>
		<anterior type=matrix rownames=FALSE colnames=FALSE nrow=11 ncol=2 as.numeric=TRUE >
			228	13
			249	12
			285	23
			309	33
			338	54
			353	70
			368	90
			382	108
			392	130
			405	160
			417	230
		</anterior>
		<posterior type=matrix rownames=FALSE colnames=FALSE nrow=25 ncol=2 as.numeric=TRUE >
			224	230
			249	227
			262	224
			276	219
			285	214
			295	218
			308	217
			323	215
			333	217
			345	222
			359	231
			369	237
			377	245
			388	260
			401	299
			416	348
			422	370
			429	399
			436	423
			438	407
			437	390
			435	347
			429	299
			421	247
			417	230
		</posterior>
	</curves.control>
	<curves.pixel type=list>
		<glabella type=matrix rownames=FALSE colnames=FALSE nrow=177 ncol=2 as.numeric=TRUE >
			227	65
			228	65
			229	65
			230	65
			231	65
			232	65
			233	65
			234	66
			235	66
			236	66
			237	66
			238	66
			239	66
			240	67
			241	67
			242	67
			243	67
			244	68
			245	68
			246	68
			247	68
			248	69
			249	69
			250	70
			251	70
			252	71
			253	71
			254	71
			255	72
			256	72
			257	73
			258	73
			259	74
			260	74
			260	75
			261	75
			262	76
			263	76
			264	77
			265	78
			266	78
			267	79
			268	80
			269	81
			270	82
			271	83
			271	84
			272	85
			273	86
			273	87
			274	88
			274	89
			275	90
			275	91
			276	92
			276	93
			276	94
			277	95
			277	96
			277	97
			277	98
			278	99
			278	100
			278	101
			279	102
			279	103
			279	104
			279	105
			279	106
			279	107
			280	108
			280	109
			280	110
			280	111
			280	112
			280	113
			280	114
			280	115
			280	116
			280	117
			280	118
			280	119
			280	120
			280	121
			280	122
			280	123
			280	124
			280	125
			280	126
			280	127
			280	128
			280	129
			280	130
			280	131
			280	132
			280	133
			280	134
			280	135
			280	136
			280	137
			280	138
			280	139
			280	140
			280	141
			281	142
			281	143
			281	144
			281	145
			281	146
			282	147
			282	148
			282	149
			282	150
			283	151
			283	152
			283	153
			284	154
			284	155
			284	156
			285	157
			285	158
			285	159
			286	160
			286	161
			286	162
			287	163
			287	164
			287	165
			287	166
			288	167
			288	168
			288	169
			288	170
			288	171
			288	172
			288	173
			289	174
			289	175
			289	176
			289	177
			289	178
			289	179
			289	180
			289	181
			289	182
			289	183
			289	184
			289	185
			289	186
			289	187
			289	188
			289	189
			289	190
			289	191
			289	192
			289	193
			289	194
			289	195
			289	196
			289	197
			288	198
			288	199
			288	200
			288	201
			288	202
			288	203
			288	204
			288	205
			288	206
			288	207
			288	208
			288	209
			287	210
			287	211
			287	212
			287	213
			287	214
		</glabella>
		<suture type=matrix rownames=FALSE colnames=FALSE nrow=360 ncol=2 as.numeric=TRUE >
			228	14
			229	14
			230	14
			231	14
			232	14
			233	14
			234	14
			235	14
			236	14
			237	14
			238	14
			239	14
			240	14
			241	14
			242	14
			243	14
			244	14
			245	15
			246	15
			247	15
			248	15
			249	15
			250	15
			251	15
			252	15
			253	15
			254	16
			255	16
			256	16
			257	16
			258	16
			259	16
			260	16
			261	17
			262	17
			263	17
			264	17
			265	17
			266	18
			267	18
			268	18
			269	18
			270	19
			271	19
			272	19
			273	19
			274	20
			275	20
			276	20
			277	21
			278	21
			279	22
			280	22
			281	22
			282	22
			282	23
			283	23
			284	23
			285	24
			286	24
			287	25
			288	25
			289	26
			290	26
			291	26
			291	27
			292	27
			293	27
			293	28
			294	28
			295	29
			296	29
			297	30
			298	31
			299	31
			300	32
			301	33
			302	33
			303	34
			304	35
			305	35
			306	36
			306	37
			307	37
			308	38
			309	39
			310	40
			311	40
			311	41
			312	42
			313	43
			314	43
			314	44
			315	45
			316	46
			317	47
			318	48
			319	49
			320	50
			320	51
			321	52
			322	53
			323	54
			323	55
			324	56
			324	57
			325	58
			325	59
			326	59
			326	60
			327	61
			327	62
			328	63
			328	64
			329	65
			329	66
			330	67
			331	68
			331	69
			331	70
			330	71
			330	72
			329	73
			329	74
			329	75
			328	76
			328	77
			327	78
			327	79
			326	80
			326	81
			326	82
			325	83
			325	84
			325	85
			324	86
			324	87
			324	88
			323	88
			323	89
			323	90
			322	91
			322	92
			322	93
			321	94
			321	95
			321	96
			320	97
			320	98
			320	99
			319	100
			319	101
			319	102
			319	103
			318	104
			318	105
			318	106
			318	107
			317	108
			317	109
			317	110
			317	111
			317	112
			317	113
			317	114
			318	114
			319	114
			320	114
			321	114
			322	114
			323	114
			324	114
			325	114
			326	114
			327	114
			328	114
			329	115
			330	115
			331	115
			332	115
			333	116
			334	116
			335	117
			336	117
			337	118
			338	118
			338	119
			339	119
			339	120
			340	121
			341	122
			342	123
			342	124
			343	125
			343	126
			343	127
			343	128
			344	129
			344	130
			344	131
			344	132
			344	133
			344	134
			344	135
			344	136
			344	137
			344	138
			344	139
			343	140
			343	141
			342	142
			342	143
			341	144
			341	145
			340	146
			339	147
			338	148
			337	149
			336	150
			335	150
			334	151
			333	152
			332	152
			331	153
			330	153
			329	154
			328	154
			327	154
			326	155
			325	155
			324	156
			323	157
			322	158
			321	159
			321	160
			320	161
			320	162
			320	163
			320	164
			320	165
			320	166
			321	167
			321	168
			322	169
			323	170
			324	171
			324	172
			325	172
			326	172
			326	173
			327	173
			328	173
			329	174
			330	174
			331	175
			332	175
			333	175
			333	176
			334	176
			335	177
			336	177
			337	178
			338	178
			339	179
			340	179
			340	180
			341	180
			342	181
			343	181
			344	181
			344	182
			345	182
			346	183
			347	183
			348	184
			349	184
			350	185
			351	185
			352	186
			353	186
			354	187
			355	187
			356	188
			357	189
			358	189
			359	190
			360	190
			361	191
			362	191
			362	192
			363	192
			364	192
			364	193
			365	193
			366	194
			367	195
			368	196
			369	196
			370	197
			371	197
			372	198
			373	199
			374	200
			375	201
			376	202
			376	203
			377	204
			377	205
			378	206
			378	207
			379	208
			379	209
			380	210
			380	211
			380	212
			380	213
			381	213
			381	214
			381	215
			381	216
			381	217
			382	218
			382	219
			382	220
			382	221
			382	222
			382	223
			383	224
			383	225
			383	226
			383	227
			383	228
			383	229
			383	230
			383	231
			383	232
			383	233
			384	234
			384	235
			384	236
			384	237
			384	238
			385	239
			385	240
			385	241
			385	242
			385	243
			385	244
			385	245
			385	246
			385	247
			384	248
			384	249
			384	250
			384	251
			383	251
			383	252
			383	253
			382	253
			382	254
		</suture>
		<anterior type=matrix rownames=FALSE colnames=FALSE nrow=296 ncol=2 as.numeric=TRUE >
			228	13
			229	13
			230	13
			231	13
			232	13
			233	13
			234	13
			235	13
			236	13
			237	13
			238	13
			239	13
			240	13
			241	13
			242	14
			243	14
			244	14
			245	14
			246	14
			247	14
			248	14
			249	14
			250	15
			251	15
			252	15
			253	15
			254	15
			255	15
			256	16
			257	16
			258	16
			259	16
			260	16
			261	17
			262	17
			263	17
			264	17
			265	17
			265	18
			266	18
			267	18
			268	18
			269	19
			270	19
			271	19
			272	19
			273	19
			273	20
			274	20
			275	20
			276	20
			277	21
			278	21
			279	21
			280	22
			281	22
			282	22
			283	23
			284	23
			285	23
			286	23
			287	24
			288	24
			289	25
			290	25
			291	26
			292	26
			293	27
			294	27
			295	28
			296	28
			297	29
			298	29
			299	30
			300	30
			301	30
			301	31
			302	31
			303	32
			304	32
			305	33
			306	33
			307	34
			308	34
			309	35
			310	36
			311	36
			312	37
			313	37
			314	38
			315	38
			316	39
			317	40
			318	40
			319	41
			320	42
			321	42
			322	43
			323	44
			324	44
			325	45
			326	46
			327	46
			328	47
			329	48
			330	48
			331	49
			332	50
			333	50
			334	51
			335	52
			336	53
			337	53
			338	54
			339	55
			340	56
			341	57
			342	58
			343	59
			343	60
			344	61
			345	61
			345	62
			346	63
			347	64
			348	65
			349	66
			349	67
			350	68
			351	69
			352	70
			353	71
			353	72
			354	72
			355	73
			356	74
			357	75
			357	76
			358	77
			359	78
			360	79
			361	80
			361	81
			362	82
			363	83
			364	84
			364	85
			365	86
			366	87
			367	88
			367	89
			368	90
			369	91
			370	92
			370	93
			371	94
			372	95
			372	96
			373	96
			373	97
			374	98
			374	99
			375	99
			375	100
			376	101
			377	102
			377	103
			378	104
			378	105
			379	106
			380	107
			380	108
			381	108
			381	109
			382	110
			382	111
			383	112
			383	113
			384	114
			384	115
			385	116
			385	117
			386	118
			386	119
			387	120
			387	121
			388	122
			389	123
			389	124
			390	125
			390	126
			391	127
			391	128
			392	129
			392	130
			393	131
			393	132
			393	133
			394	134
			394	135
			394	136
			395	137
			395	138
			396	139
			396	140
			396	141
			397	142
			397	143
			397	144
			398	145
			398	146
			398	147
			399	148
			399	149
			399	150
			399	151
			400	152
			400	153
			401	154
			401	155
			401	156
			401	157
			402	158
			402	159
			402	160
			402	161
			403	162
			403	163
			403	164
			403	165
			404	165
			404	166
			404	167
			404	168
			404	169
			405	170
			405	171
			405	172
			406	173
			406	174
			406	175
			406	176
			407	177
			407	178
			407	179
			407	180
			407	181
			408	182
			408	183
			408	184
			408	185
			409	186
			409	187
			409	188
			409	189
			409	190
			410	191
			410	192
			410	193
			410	194
			410	195
			411	196
			411	197
			411	198
			411	199
			411	200
			412	201
			412	202
			412	203
			412	204
			412	205
			413	206
			413	207
			413	208
			413	209
			413	210
			414	211
			414	212
			414	213
			414	214
			414	215
			415	216
			415	217
			415	218
			415	219
			415	220
			415	221
			416	222
			416	223
			416	224
			416	225
			416	226
			417	227
			417	228
			417	229
			417	230
		</anterior>
		<posterior type=matrix rownames=FALSE colnames=FALSE nrow=541 ncol=2 as.numeric=TRUE >
			224	230
			225	230
			226	230
			227	230
			228	229
			229	229
			230	229
			231	229
			232	229
			233	229
			234	229
			235	229
			236	228
			237	228
			238	228
			239	228
			240	228
			241	228
			242	228
			243	227
			244	227
			245	227
			246	227
			247	227
			248	227
			249	226
			250	226
			251	226
			252	226
			253	226
			254	226
			255	226
			255	225
			256	225
			257	225
			258	225
			259	225
			260	224
			261	224
			262	224
			263	224
			264	223
			265	223
			266	222
			267	222
			268	222
			269	221
			270	221
			271	221
			272	220
			273	220
			274	219
			275	219
			276	219
			276	218
			277	218
			278	218
			279	217
			280	217
			280	216
			281	216
			282	216
			283	215
			284	214
			285	214
			286	214
			287	215
			288	215
			289	215
			290	216
			291	216
			292	216
			293	216
			294	216
			295	217
			296	217
			297	217
			298	217
			299	217
			300	217
			301	217
			302	217
			303	217
			304	217
			305	217
			306	217
			307	217
			308	217
			309	217
			310	217
			311	217
			312	217
			313	216
			314	216
			315	216
			316	216
			317	216
			318	216
			319	216
			320	216
			321	216
			322	216
			323	216
			324	216
			325	216
			326	216
			327	216
			328	216
			329	216
			330	216
			331	217
			332	217
			333	217
			334	218
			335	218
			336	218
			337	219
			338	219
			339	220
			340	220
			341	221
			342	221
			343	222
			344	222
			345	223
			346	223
			347	224
			348	224
			349	225
			350	226
			351	226
			352	227
			353	227
			354	228
			355	228
			356	229
			357	230
			358	230
			359	231
			360	231
			360	232
			361	232
			362	233
			363	234
			364	234
			365	235
			366	236
			367	236
			367	237
			368	237
			369	238
			370	238
			370	239
			371	240
			372	240
			373	241
			373	242
			374	242
			375	243
			376	244
			377	245
			378	246
			379	247
			379	248
			380	249
			380	250
			381	251
			381	252
			382	252
			382	253
			382	254
			383	254
			383	255
			384	256
			384	257
			385	258
			385	259
			386	260
			386	261
			387	262
			387	263
			388	264
			388	265
			388	266
			389	267
			389	268
			390	269
			390	270
			391	271
			391	272
			391	273
			392	274
			392	275
			393	276
			393	277
			393	278
			394	279
			394	280
			395	281
			395	282
			395	283
			396	284
			396	285
			396	286
			397	287
			397	288
			398	289
			398	290
			398	291
			399	292
			399	293
			399	294
			400	295
			400	296
			400	297
			401	298
			401	299
			401	300
			402	301
			402	302
			402	303
			403	304
			403	305
			403	306
			403	307
			404	308
			404	309
			404	310
			405	311
			405	312
			405	313
			406	314
			406	315
			406	316
			407	317
			407	318
			407	319
			408	320
			408	321
			408	322
			408	323
			409	324
			409	325
			409	326
			410	327
			410	328
			410	329
			410	330
			411	331
			411	332
			411	333
			412	334
			412	335
			412	336
			413	337
			413	338
			413	339
			414	340
			414	341
			414	342
			414	343
			415	344
			415	345
			415	346
			416	347
			416	348
			416	349
			416	350
			417	351
			417	352
			417	353
			417	354
			418	354
			418	355
			418	356
			418	357
			419	358
			419	359
			419	360
			419	361
			420	362
			420	363
			420	364
			420	365
			421	365
			421	366
			421	367
			421	368
			422	369
			422	370
			422	371
			422	372
			423	373
			423	374
			423	375
			423	376
			424	377
			424	378
			424	379
			425	380
			425	381
			425	382
			425	383
			426	384
			426	385
			426	386
			426	387
			426	388
			427	389
			427	390
			427	391
			427	392
			428	393
			428	394
			428	395
			428	396
			429	397
			429	398
			429	399
			430	400
			430	401
			430	402
			431	403
			431	404
			431	405
			431	406
			431	407
			432	407
			432	408
			432	409
			432	410
			433	411
			433	412
			433	413
			433	414
			434	415
			434	416
			434	417
			434	418
			435	418
			435	419
			435	420
			435	421
			436	422
			436	423
			436	422
			436	421
			436	420
			436	419
			437	418
			437	417
			437	416
			437	415
			437	414
			437	413
			437	412
			437	411
			437	410
			437	409
			437	408
			437	407
			437	406
			437	405
			437	404
			437	403
			437	402
			437	401
			437	400
			437	399
			437	398
			437	397
			437	396
			437	395
			437	394
			437	393
			437	392
			437	391
			437	390
			437	389
			437	388
			437	387
			437	386
			437	385
			437	384
			437	383
			437	382
			437	381
			436	380
			436	379
			436	378
			436	377
			436	376
			436	375
			436	374
			436	373
			436	372
			436	371
			436	370
			436	369
			436	368
			436	367
			436	366
			436	365
			435	364
			435	363
			435	362
			435	361
			435	360
			435	359
			435	358
			435	357
			435	356
			435	355
			435	354
			435	353
			435	352
			434	352
			434	351
			434	350
			434	349
			434	348
			434	347
			434	346
			434	345
			434	344
			434	343
			434	342
			434	341
			434	340
			433	340
			433	339
			433	338
			433	337
			433	336
			433	335
			433	334
			433	333
			433	332
			433	331
			433	330
			432	329
			432	328
			432	327
			432	326
			432	325
			432	324
			432	323
			432	322
			432	321
			431	320
			431	319
			431	318
			431	317
			431	316
			431	315
			431	314
			431	313
			431	312
			430	311
			430	310
			430	309
			430	308
			430	307
			430	306
			430	305
			430	304
			429	303
			429	302
			429	301
			429	300
			429	299
			429	298
			429	297
			429	296
			428	295
			428	294
			428	293
			428	292
			428	291
			428	290
			427	289
			427	288
			427	287
			427	286
			427	285
			427	284
			427	283
			426	282
			426	281
			426	280
			426	279
			426	278
			426	277
			425	276
			425	275
			425	274
			425	273
			425	272
			425	271
			424	270
			424	269
			424	268
			424	267
			424	266
			424	265
			423	264
			423	263
			423	262
			423	261
			423	260
			423	259
			422	258
			422	257
			422	256
			422	255
			422	254
			422	253
			421	252
			421	251
			421	250
			421	249
			421	248
			420	247
			420	246
			420	245
			420	244
			420	243
			420	242
			419	242
			419	241
			419	240
			419	239
			419	238
			418	237
			418	236
			418	235
			418	234
			418	233
			417	232
			417	231
			417	230
		</posterior>
	</curves.pixel>
	<curves.scaled type=list>
		<glabella type=matrix rownames=FALSE colnames=FALSE nrow=177 ncol=2 as.numeric=TRUE >
			5.74683544303797	-1.64556962025316
			5.77215189873418	-1.64556962025316
			5.79746835443038	-1.64556962025316
			5.82278481012658	-1.64556962025316
			5.84810126582278	-1.64556962025316
			5.87341772151899	-1.64556962025316
			5.89873417721519	-1.64556962025316
			5.92405063291139	-1.67088607594937
			5.94936708860759	-1.67088607594937
			5.9746835443038	-1.67088607594937
			6	-1.67088607594937
			6.0253164556962	-1.67088607594937
			6.05063291139241	-1.67088607594937
			6.07594936708861	-1.69620253164557
			6.10126582278481	-1.69620253164557
			6.12658227848101	-1.69620253164557
			6.15189873417722	-1.69620253164557
			6.17721518987342	-1.72151898734177
			6.20253164556962	-1.72151898734177
			6.22784810126582	-1.72151898734177
			6.25316455696202	-1.72151898734177
			6.27848101265823	-1.74683544303797
			6.30379746835443	-1.74683544303797
			6.32911392405063	-1.77215189873418
			6.35443037974684	-1.77215189873418
			6.37974683544304	-1.79746835443038
			6.40506329113924	-1.79746835443038
			6.43037974683544	-1.79746835443038
			6.45569620253165	-1.82278481012658
			6.48101265822785	-1.82278481012658
			6.50632911392405	-1.84810126582278
			6.53164556962025	-1.84810126582278
			6.55696202531646	-1.87341772151899
			6.58227848101266	-1.87341772151899
			6.58227848101266	-1.89873417721519
			6.60759493670886	-1.89873417721519
			6.63291139240506	-1.92405063291139
			6.65822784810127	-1.92405063291139
			6.68354430379747	-1.94936708860759
			6.70886075949367	-1.9746835443038
			6.73417721518987	-1.9746835443038
			6.75949367088608	-2
			6.78481012658228	-2.0253164556962
			6.81012658227848	-2.0506329113924
			6.83544303797468	-2.07594936708861
			6.86075949367089	-2.10126582278481
			6.86075949367089	-2.12658227848101
			6.88607594936709	-2.15189873417722
			6.91139240506329	-2.17721518987342
			6.91139240506329	-2.20253164556962
			6.93670886075949	-2.22784810126582
			6.93670886075949	-2.25316455696203
			6.9620253164557	-2.27848101265823
			6.9620253164557	-2.30379746835443
			6.9873417721519	-2.32911392405063
			6.9873417721519	-2.35443037974684
			6.9873417721519	-2.37974683544304
			7.0126582278481	-2.40506329113924
			7.0126582278481	-2.43037974683544
			7.0126582278481	-2.45569620253165
			7.0126582278481	-2.48101265822785
			7.0379746835443	-2.50632911392405
			7.0379746835443	-2.53164556962025
			7.0379746835443	-2.55696202531646
			7.06329113924051	-2.58227848101266
			7.06329113924051	-2.60759493670886
			7.06329113924051	-2.63291139240506
			7.06329113924051	-2.65822784810127
			7.06329113924051	-2.68354430379747
			7.06329113924051	-2.70886075949367
			7.08860759493671	-2.73417721518987
			7.08860759493671	-2.75949367088608
			7.08860759493671	-2.78481012658228
			7.08860759493671	-2.81012658227848
			7.08860759493671	-2.83544303797468
			7.08860759493671	-2.86075949367089
			7.08860759493671	-2.88607594936709
			7.08860759493671	-2.91139240506329
			7.08860759493671	-2.93670886075949
			7.08860759493671	-2.9620253164557
			7.08860759493671	-2.9873417721519
			7.08860759493671	-3.0126582278481
			7.08860759493671	-3.0379746835443
			7.08860759493671	-3.06329113924051
			7.08860759493671	-3.08860759493671
			7.08860759493671	-3.11392405063291
			7.08860759493671	-3.13924050632911
			7.08860759493671	-3.16455696202532
			7.08860759493671	-3.18987341772152
			7.08860759493671	-3.21518987341772
			7.08860759493671	-3.24050632911392
			7.08860759493671	-3.26582278481013
			7.08860759493671	-3.29113924050633
			7.08860759493671	-3.31645569620253
			7.08860759493671	-3.34177215189873
			7.08860759493671	-3.36708860759494
			7.08860759493671	-3.39240506329114
			7.08860759493671	-3.41772151898734
			7.08860759493671	-3.44303797468354
			7.08860759493671	-3.46835443037975
			7.08860759493671	-3.49367088607595
			7.08860759493671	-3.51898734177215
			7.08860759493671	-3.54430379746835
			7.08860759493671	-3.56962025316456
			7.11392405063291	-3.59493670886076
			7.11392405063291	-3.62025316455696
			7.11392405063291	-3.64556962025316
			7.11392405063291	-3.67088607594937
			7.11392405063291	-3.69620253164557
			7.13924050632911	-3.72151898734177
			7.13924050632911	-3.74683544303797
			7.13924050632911	-3.77215189873418
			7.13924050632911	-3.79746835443038
			7.16455696202532	-3.82278481012658
			7.16455696202532	-3.84810126582278
			7.16455696202532	-3.87341772151899
			7.18987341772152	-3.89873417721519
			7.18987341772152	-3.92405063291139
			7.18987341772152	-3.94936708860759
			7.21518987341772	-3.9746835443038
			7.21518987341772	-4
			7.21518987341772	-4.0253164556962
			7.24050632911392	-4.05063291139241
			7.24050632911392	-4.07594936708861
			7.24050632911392	-4.10126582278481
			7.26582278481013	-4.12658227848101
			7.26582278481013	-4.15189873417722
			7.26582278481013	-4.17721518987342
			7.26582278481013	-4.20253164556962
			7.29113924050633	-4.22784810126582
			7.29113924050633	-4.25316455696202
			7.29113924050633	-4.27848101265823
			7.29113924050633	-4.30379746835443
			7.29113924050633	-4.32911392405063
			7.29113924050633	-4.35443037974684
			7.29113924050633	-4.37974683544304
			7.31645569620253	-4.40506329113924
			7.31645569620253	-4.43037974683544
			7.31645569620253	-4.45569620253165
			7.31645569620253	-4.48101265822785
			7.31645569620253	-4.50632911392405
			7.31645569620253	-4.53164556962025
			7.31645569620253	-4.55696202531646
			7.31645569620253	-4.58227848101266
			7.31645569620253	-4.60759493670886
			7.31645569620253	-4.63291139240506
			7.31645569620253	-4.65822784810127
			7.31645569620253	-4.68354430379747
			7.31645569620253	-4.70886075949367
			7.31645569620253	-4.73417721518987
			7.31645569620253	-4.75949367088608
			7.31645569620253	-4.78481012658228
			7.31645569620253	-4.81012658227848
			7.31645569620253	-4.83544303797468
			7.31645569620253	-4.86075949367089
			7.31645569620253	-4.88607594936709
			7.31645569620253	-4.91139240506329
			7.31645569620253	-4.93670886075949
			7.31645569620253	-4.9620253164557
			7.31645569620253	-4.9873417721519
			7.29113924050633	-5.0126582278481
			7.29113924050633	-5.0379746835443
			7.29113924050633	-5.06329113924051
			7.29113924050633	-5.08860759493671
			7.29113924050633	-5.11392405063291
			7.29113924050633	-5.13924050632911
			7.29113924050633	-5.16455696202532
			7.29113924050633	-5.18987341772152
			7.29113924050633	-5.21518987341772
			7.29113924050633	-5.24050632911392
			7.29113924050633	-5.26582278481013
			7.29113924050633	-5.29113924050633
			7.26582278481013	-5.31645569620253
			7.26582278481013	-5.34177215189873
			7.26582278481013	-5.36708860759494
			7.26582278481013	-5.39240506329114
			7.26582278481013	-5.41772151898734
		</glabella>
		<suture type=matrix rownames=FALSE colnames=FALSE nrow=360 ncol=2 as.numeric=TRUE >
			5.77215189873418	-0.354430379746835
			5.79746835443038	-0.354430379746835
			5.82278481012658	-0.354430379746835
			5.84810126582278	-0.354430379746835
			5.87341772151899	-0.354430379746835
			5.89873417721519	-0.354430379746835
			5.92405063291139	-0.354430379746835
			5.94936708860759	-0.354430379746835
			5.9746835443038	-0.354430379746835
			6	-0.354430379746835
			6.0253164556962	-0.354430379746835
			6.05063291139241	-0.354430379746835
			6.07594936708861	-0.354430379746835
			6.10126582278481	-0.354430379746835
			6.12658227848101	-0.354430379746835
			6.15189873417722	-0.354430379746835
			6.17721518987342	-0.354430379746835
			6.20253164556962	-0.379746835443038
			6.22784810126582	-0.379746835443038
			6.25316455696202	-0.379746835443038
			6.27848101265823	-0.379746835443038
			6.30379746835443	-0.379746835443038
			6.32911392405063	-0.379746835443038
			6.35443037974684	-0.379746835443038
			6.37974683544304	-0.379746835443038
			6.40506329113924	-0.379746835443038
			6.43037974683544	-0.40506329113924
			6.45569620253165	-0.40506329113924
			6.48101265822785	-0.40506329113924
			6.50632911392405	-0.40506329113924
			6.53164556962025	-0.40506329113924
			6.55696202531646	-0.40506329113924
			6.58227848101266	-0.40506329113924
			6.60759493670886	-0.430379746835443
			6.63291139240506	-0.430379746835443
			6.65822784810127	-0.430379746835443
			6.68354430379747	-0.430379746835443
			6.70886075949367	-0.430379746835443
			6.73417721518987	-0.455696202531646
			6.75949367088608	-0.455696202531646
			6.78481012658228	-0.455696202531646
			6.81012658227848	-0.455696202531646
			6.83544303797468	-0.481012658227848
			6.86075949367089	-0.481012658227848
			6.88607594936709	-0.481012658227848
			6.91139240506329	-0.481012658227848
			6.93670886075949	-0.506329113924051
			6.9620253164557	-0.506329113924051
			6.9873417721519	-0.506329113924051
			7.0126582278481	-0.531645569620253
			7.0379746835443	-0.531645569620253
			7.06329113924051	-0.556962025316456
			7.08860759493671	-0.556962025316456
			7.11392405063291	-0.556962025316456
			7.13924050632911	-0.556962025316456
			7.13924050632911	-0.582278481012658
			7.16455696202532	-0.582278481012658
			7.18987341772152	-0.582278481012658
			7.21518987341772	-0.607594936708861
			7.24050632911392	-0.607594936708861
			7.26582278481013	-0.632911392405063
			7.29113924050633	-0.632911392405063
			7.31645569620253	-0.658227848101266
			7.34177215189873	-0.658227848101266
			7.36708860759494	-0.658227848101266
			7.36708860759494	-0.683544303797468
			7.39240506329114	-0.683544303797468
			7.41772151898734	-0.683544303797468
			7.41772151898734	-0.708860759493671
			7.44303797468354	-0.708860759493671
			7.46835443037975	-0.734177215189873
			7.49367088607595	-0.734177215189873
			7.51898734177215	-0.759493670886076
			7.54430379746835	-0.784810126582278
			7.56962025316456	-0.784810126582278
			7.59493670886076	-0.810126582278481
			7.62025316455696	-0.835443037974684
			7.64556962025316	-0.835443037974684
			7.67088607594937	-0.860759493670886
			7.69620253164557	-0.886075949367089
			7.72151898734177	-0.886075949367089
			7.74683544303797	-0.911392405063291
			7.74683544303797	-0.936708860759494
			7.77215189873418	-0.936708860759494
			7.79746835443038	-0.962025316455696
			7.82278481012658	-0.987341772151899
			7.84810126582278	-1.0126582278481
			7.87341772151899	-1.0126582278481
			7.87341772151899	-1.0379746835443
			7.89873417721519	-1.06329113924051
			7.92405063291139	-1.08860759493671
			7.94936708860759	-1.08860759493671
			7.94936708860759	-1.11392405063291
			7.9746835443038	-1.13924050632911
			8	-1.16455696202532
			8.0253164556962	-1.18987341772152
			8.05063291139241	-1.21518987341772
			8.07594936708861	-1.24050632911392
			8.10126582278481	-1.26582278481013
			8.10126582278481	-1.29113924050633
			8.12658227848101	-1.31645569620253
			8.15189873417721	-1.34177215189873
			8.17721518987342	-1.36708860759494
			8.17721518987342	-1.39240506329114
			8.20253164556962	-1.41772151898734
			8.20253164556962	-1.44303797468354
			8.22784810126582	-1.46835443037975
			8.22784810126582	-1.49367088607595
			8.25316455696202	-1.49367088607595
			8.25316455696202	-1.51898734177215
			8.27848101265823	-1.54430379746835
			8.27848101265823	-1.56962025316456
			8.30379746835443	-1.59493670886076
			8.30379746835443	-1.62025316455696
			8.32911392405063	-1.64556962025316
			8.32911392405063	-1.67088607594937
			8.35443037974684	-1.69620253164557
			8.37974683544304	-1.72151898734177
			8.37974683544304	-1.74683544303797
			8.37974683544304	-1.77215189873418
			8.35443037974684	-1.79746835443038
			8.35443037974684	-1.82278481012658
			8.32911392405063	-1.84810126582278
			8.32911392405063	-1.87341772151899
			8.32911392405063	-1.89873417721519
			8.30379746835443	-1.92405063291139
			8.30379746835443	-1.94936708860759
			8.27848101265823	-1.9746835443038
			8.27848101265823	-2
			8.25316455696202	-2.0253164556962
			8.25316455696202	-2.0506329113924
			8.25316455696202	-2.07594936708861
			8.22784810126582	-2.10126582278481
			8.22784810126582	-2.12658227848101
			8.22784810126582	-2.15189873417722
			8.20253164556962	-2.17721518987342
			8.20253164556962	-2.20253164556962
			8.20253164556962	-2.22784810126582
			8.17721518987342	-2.22784810126582
			8.17721518987342	-2.25316455696203
			8.17721518987342	-2.27848101265823
			8.15189873417721	-2.30379746835443
			8.15189873417721	-2.32911392405063
			8.15189873417721	-2.35443037974684
			8.12658227848101	-2.37974683544304
			8.12658227848101	-2.40506329113924
			8.12658227848101	-2.43037974683544
			8.10126582278481	-2.45569620253165
			8.10126582278481	-2.48101265822785
			8.10126582278481	-2.50632911392405
			8.07594936708861	-2.53164556962025
			8.07594936708861	-2.55696202531646
			8.07594936708861	-2.58227848101266
			8.07594936708861	-2.60759493670886
			8.05063291139241	-2.63291139240506
			8.05063291139241	-2.65822784810127
			8.05063291139241	-2.68354430379747
			8.05063291139241	-2.70886075949367
			8.0253164556962	-2.73417721518987
			8.0253164556962	-2.75949367088608
			8.0253164556962	-2.78481012658228
			8.0253164556962	-2.81012658227848
			8.0253164556962	-2.83544303797468
			8.0253164556962	-2.86075949367089
			8.0253164556962	-2.88607594936709
			8.05063291139241	-2.88607594936709
			8.07594936708861	-2.88607594936709
			8.10126582278481	-2.88607594936709
			8.12658227848101	-2.88607594936709
			8.15189873417721	-2.88607594936709
			8.17721518987342	-2.88607594936709
			8.20253164556962	-2.88607594936709
			8.22784810126582	-2.88607594936709
			8.25316455696202	-2.88607594936709
			8.27848101265823	-2.88607594936709
			8.30379746835443	-2.88607594936709
			8.32911392405063	-2.91139240506329
			8.35443037974684	-2.91139240506329
			8.37974683544304	-2.91139240506329
			8.40506329113924	-2.91139240506329
			8.43037974683544	-2.93670886075949
			8.45569620253165	-2.93670886075949
			8.48101265822785	-2.9620253164557
			8.50632911392405	-2.9620253164557
			8.53164556962025	-2.9873417721519
			8.55696202531646	-2.9873417721519
			8.55696202531646	-3.0126582278481
			8.58227848101266	-3.0126582278481
			8.58227848101266	-3.0379746835443
			8.60759493670886	-3.06329113924051
			8.63291139240506	-3.08860759493671
			8.65822784810127	-3.11392405063291
			8.65822784810127	-3.13924050632911
			8.68354430379747	-3.16455696202532
			8.68354430379747	-3.18987341772152
			8.68354430379747	-3.21518987341772
			8.68354430379747	-3.24050632911392
			8.70886075949367	-3.26582278481013
			8.70886075949367	-3.29113924050633
			8.70886075949367	-3.31645569620253
			8.70886075949367	-3.34177215189873
			8.70886075949367	-3.36708860759494
			8.70886075949367	-3.39240506329114
			8.70886075949367	-3.41772151898734
			8.70886075949367	-3.44303797468354
			8.70886075949367	-3.46835443037975
			8.70886075949367	-3.49367088607595
			8.70886075949367	-3.51898734177215
			8.68354430379747	-3.54430379746835
			8.68354430379747	-3.56962025316456
			8.65822784810127	-3.59493670886076
			8.65822784810127	-3.62025316455696
			8.63291139240506	-3.64556962025316
			8.63291139240506	-3.67088607594937
			8.60759493670886	-3.69620253164557
			8.58227848101266	-3.72151898734177
			8.55696202531646	-3.74683544303797
			8.53164556962025	-3.77215189873418
			8.50632911392405	-3.79746835443038
			8.48101265822785	-3.79746835443038
			8.45569620253165	-3.82278481012658
			8.43037974683544	-3.84810126582278
			8.40506329113924	-3.84810126582278
			8.37974683544304	-3.87341772151899
			8.35443037974684	-3.87341772151899
			8.32911392405063	-3.89873417721519
			8.30379746835443	-3.89873417721519
			8.27848101265823	-3.89873417721519
			8.25316455696202	-3.92405063291139
			8.22784810126582	-3.92405063291139
			8.20253164556962	-3.94936708860759
			8.17721518987342	-3.9746835443038
			8.15189873417721	-4
			8.12658227848101	-4.0253164556962
			8.12658227848101	-4.05063291139241
			8.10126582278481	-4.07594936708861
			8.10126582278481	-4.10126582278481
			8.10126582278481	-4.12658227848101
			8.10126582278481	-4.15189873417722
			8.10126582278481	-4.17721518987342
			8.10126582278481	-4.20253164556962
			8.12658227848101	-4.22784810126582
			8.12658227848101	-4.25316455696202
			8.15189873417721	-4.27848101265823
			8.17721518987342	-4.30379746835443
			8.20253164556962	-4.32911392405063
			8.20253164556962	-4.35443037974684
			8.22784810126582	-4.35443037974684
			8.25316455696202	-4.35443037974684
			8.25316455696202	-4.37974683544304
			8.27848101265823	-4.37974683544304
			8.30379746835443	-4.37974683544304
			8.32911392405063	-4.40506329113924
			8.35443037974684	-4.40506329113924
			8.37974683544304	-4.43037974683544
			8.40506329113924	-4.43037974683544
			8.43037974683544	-4.43037974683544
			8.43037974683544	-4.45569620253165
			8.45569620253165	-4.45569620253165
			8.48101265822785	-4.48101265822785
			8.50632911392405	-4.48101265822785
			8.53164556962025	-4.50632911392405
			8.55696202531646	-4.50632911392405
			8.58227848101266	-4.53164556962025
			8.60759493670886	-4.53164556962025
			8.60759493670886	-4.55696202531646
			8.63291139240506	-4.55696202531646
			8.65822784810127	-4.58227848101266
			8.68354430379747	-4.58227848101266
			8.70886075949367	-4.58227848101266
			8.70886075949367	-4.60759493670886
			8.73417721518987	-4.60759493670886
			8.75949367088608	-4.63291139240506
			8.78481012658228	-4.63291139240506
			8.81012658227848	-4.65822784810127
			8.83544303797468	-4.65822784810127
			8.86075949367089	-4.68354430379747
			8.88607594936709	-4.68354430379747
			8.91139240506329	-4.70886075949367
			8.93670886075949	-4.70886075949367
			8.9620253164557	-4.73417721518987
			8.9873417721519	-4.73417721518987
			9.0126582278481	-4.75949367088608
			9.0379746835443	-4.78481012658228
			9.06329113924051	-4.78481012658228
			9.08860759493671	-4.81012658227848
			9.11392405063291	-4.81012658227848
			9.13924050632911	-4.83544303797468
			9.16455696202532	-4.83544303797468
			9.16455696202532	-4.86075949367089
			9.18987341772152	-4.86075949367089
			9.21518987341772	-4.86075949367089
			9.21518987341772	-4.88607594936709
			9.24050632911392	-4.88607594936709
			9.26582278481013	-4.91139240506329
			9.29113924050633	-4.93670886075949
			9.31645569620253	-4.9620253164557
			9.34177215189873	-4.9620253164557
			9.36708860759494	-4.9873417721519
			9.39240506329114	-4.9873417721519
			9.41772151898734	-5.0126582278481
			9.44303797468354	-5.0379746835443
			9.46835443037975	-5.06329113924051
			9.49367088607595	-5.08860759493671
			9.51898734177215	-5.11392405063291
			9.51898734177215	-5.13924050632911
			9.54430379746835	-5.16455696202532
			9.54430379746835	-5.18987341772152
			9.56962025316456	-5.21518987341772
			9.56962025316456	-5.24050632911392
			9.59493670886076	-5.26582278481013
			9.59493670886076	-5.29113924050633
			9.62025316455696	-5.31645569620253
			9.62025316455696	-5.34177215189873
			9.62025316455696	-5.36708860759494
			9.62025316455696	-5.39240506329114
			9.64556962025316	-5.39240506329114
			9.64556962025316	-5.41772151898734
			9.64556962025316	-5.44303797468354
			9.64556962025316	-5.46835443037975
			9.64556962025316	-5.49367088607595
			9.67088607594937	-5.51898734177215
			9.67088607594937	-5.54430379746835
			9.67088607594937	-5.56962025316456
			9.67088607594937	-5.59493670886076
			9.67088607594937	-5.62025316455696
			9.67088607594937	-5.64556962025316
			9.69620253164557	-5.67088607594937
			9.69620253164557	-5.69620253164557
			9.69620253164557	-5.72151898734177
			9.69620253164557	-5.74683544303797
			9.69620253164557	-5.77215189873418
			9.69620253164557	-5.79746835443038
			9.69620253164557	-5.82278481012658
			9.69620253164557	-5.84810126582278
			9.69620253164557	-5.87341772151899
			9.69620253164557	-5.89873417721519
			9.72151898734177	-5.92405063291139
			9.72151898734177	-5.94936708860759
			9.72151898734177	-5.9746835443038
			9.72151898734177	-6
			9.72151898734177	-6.0253164556962
			9.74683544303798	-6.05063291139241
			9.74683544303798	-6.07594936708861
			9.74683544303798	-6.10126582278481
			9.74683544303798	-6.12658227848101
			9.74683544303798	-6.15189873417722
			9.74683544303798	-6.17721518987342
			9.74683544303798	-6.20253164556962
			9.74683544303798	-6.22784810126582
			9.74683544303798	-6.25316455696202
			9.72151898734177	-6.27848101265823
			9.72151898734177	-6.30379746835443
			9.72151898734177	-6.32911392405063
			9.72151898734177	-6.35443037974684
			9.69620253164557	-6.35443037974684
			9.69620253164557	-6.37974683544304
			9.69620253164557	-6.40506329113924
			9.67088607594937	-6.40506329113924
			9.67088607594937	-6.43037974683544
		</suture>
		<anterior type=matrix rownames=FALSE colnames=FALSE nrow=296 ncol=2 as.numeric=TRUE >
			5.77215189873418	-0.329113924050633
			5.79746835443038	-0.329113924050633
			5.82278481012658	-0.329113924050633
			5.84810126582278	-0.329113924050633
			5.87341772151899	-0.329113924050633
			5.89873417721519	-0.329113924050633
			5.92405063291139	-0.329113924050633
			5.94936708860759	-0.329113924050633
			5.9746835443038	-0.329113924050633
			6	-0.329113924050633
			6.0253164556962	-0.329113924050633
			6.05063291139241	-0.329113924050633
			6.07594936708861	-0.329113924050633
			6.10126582278481	-0.329113924050633
			6.12658227848101	-0.354430379746835
			6.15189873417722	-0.354430379746835
			6.17721518987342	-0.354430379746835
			6.20253164556962	-0.354430379746835
			6.22784810126582	-0.354430379746835
			6.25316455696202	-0.354430379746835
			6.27848101265823	-0.354430379746835
			6.30379746835443	-0.354430379746835
			6.32911392405063	-0.379746835443038
			6.35443037974684	-0.379746835443038
			6.37974683544304	-0.379746835443038
			6.40506329113924	-0.379746835443038
			6.43037974683544	-0.379746835443038
			6.45569620253165	-0.379746835443038
			6.48101265822785	-0.40506329113924
			6.50632911392405	-0.40506329113924
			6.53164556962025	-0.40506329113924
			6.55696202531646	-0.40506329113924
			6.58227848101266	-0.40506329113924
			6.60759493670886	-0.430379746835443
			6.63291139240506	-0.430379746835443
			6.65822784810127	-0.430379746835443
			6.68354430379747	-0.430379746835443
			6.70886075949367	-0.430379746835443
			6.70886075949367	-0.455696202531646
			6.73417721518987	-0.455696202531646
			6.75949367088608	-0.455696202531646
			6.78481012658228	-0.455696202531646
			6.81012658227848	-0.481012658227848
			6.83544303797468	-0.481012658227848
			6.86075949367089	-0.481012658227848
			6.88607594936709	-0.481012658227848
			6.91139240506329	-0.481012658227848
			6.91139240506329	-0.506329113924051
			6.93670886075949	-0.506329113924051
			6.9620253164557	-0.506329113924051
			6.9873417721519	-0.506329113924051
			7.0126582278481	-0.531645569620253
			7.0379746835443	-0.531645569620253
			7.06329113924051	-0.531645569620253
			7.08860759493671	-0.556962025316456
			7.11392405063291	-0.556962025316456
			7.13924050632911	-0.556962025316456
			7.16455696202532	-0.582278481012658
			7.18987341772152	-0.582278481012658
			7.21518987341772	-0.582278481012658
			7.24050632911392	-0.582278481012658
			7.26582278481013	-0.607594936708861
			7.29113924050633	-0.607594936708861
			7.31645569620253	-0.632911392405063
			7.34177215189873	-0.632911392405063
			7.36708860759494	-0.658227848101266
			7.39240506329114	-0.658227848101266
			7.41772151898734	-0.683544303797468
			7.44303797468354	-0.683544303797468
			7.46835443037975	-0.708860759493671
			7.49367088607595	-0.708860759493671
			7.51898734177215	-0.734177215189873
			7.54430379746835	-0.734177215189873
			7.56962025316456	-0.759493670886076
			7.59493670886076	-0.759493670886076
			7.62025316455696	-0.759493670886076
			7.62025316455696	-0.784810126582278
			7.64556962025316	-0.784810126582278
			7.67088607594937	-0.810126582278481
			7.69620253164557	-0.810126582278481
			7.72151898734177	-0.835443037974684
			7.74683544303797	-0.835443037974684
			7.77215189873418	-0.860759493670886
			7.79746835443038	-0.860759493670886
			7.82278481012658	-0.886075949367089
			7.84810126582278	-0.911392405063291
			7.87341772151899	-0.911392405063291
			7.89873417721519	-0.936708860759494
			7.92405063291139	-0.936708860759494
			7.94936708860759	-0.962025316455696
			7.9746835443038	-0.962025316455696
			8	-0.987341772151899
			8.0253164556962	-1.0126582278481
			8.05063291139241	-1.0126582278481
			8.07594936708861	-1.0379746835443
			8.10126582278481	-1.06329113924051
			8.12658227848101	-1.06329113924051
			8.15189873417721	-1.08860759493671
			8.17721518987342	-1.11392405063291
			8.20253164556962	-1.11392405063291
			8.22784810126582	-1.13924050632911
			8.25316455696202	-1.16455696202532
			8.27848101265823	-1.16455696202532
			8.30379746835443	-1.18987341772152
			8.32911392405063	-1.21518987341772
			8.35443037974684	-1.21518987341772
			8.37974683544304	-1.24050632911392
			8.40506329113924	-1.26582278481013
			8.43037974683544	-1.26582278481013
			8.45569620253165	-1.29113924050633
			8.48101265822785	-1.31645569620253
			8.50632911392405	-1.34177215189873
			8.53164556962025	-1.34177215189873
			8.55696202531646	-1.36708860759494
			8.58227848101266	-1.39240506329114
			8.60759493670886	-1.41772151898734
			8.63291139240506	-1.44303797468354
			8.65822784810127	-1.46835443037975
			8.68354430379747	-1.49367088607595
			8.68354430379747	-1.51898734177215
			8.70886075949367	-1.54430379746835
			8.73417721518987	-1.54430379746835
			8.73417721518987	-1.56962025316456
			8.75949367088608	-1.59493670886076
			8.78481012658228	-1.62025316455696
			8.81012658227848	-1.64556962025316
			8.83544303797468	-1.67088607594937
			8.83544303797468	-1.69620253164557
			8.86075949367089	-1.72151898734177
			8.88607594936709	-1.74683544303797
			8.91139240506329	-1.77215189873418
			8.93670886075949	-1.79746835443038
			8.93670886075949	-1.82278481012658
			8.9620253164557	-1.82278481012658
			8.9873417721519	-1.84810126582278
			9.0126582278481	-1.87341772151899
			9.0379746835443	-1.89873417721519
			9.0379746835443	-1.92405063291139
			9.06329113924051	-1.94936708860759
			9.08860759493671	-1.9746835443038
			9.11392405063291	-2
			9.13924050632911	-2.0253164556962
			9.13924050632911	-2.0506329113924
			9.16455696202532	-2.07594936708861
			9.18987341772152	-2.10126582278481
			9.21518987341772	-2.12658227848101
			9.21518987341772	-2.15189873417722
			9.24050632911392	-2.17721518987342
			9.26582278481013	-2.20253164556962
			9.29113924050633	-2.22784810126582
			9.29113924050633	-2.25316455696203
			9.31645569620253	-2.27848101265823
			9.34177215189873	-2.30379746835443
			9.36708860759494	-2.32911392405063
			9.36708860759494	-2.35443037974684
			9.39240506329114	-2.37974683544304
			9.41772151898734	-2.40506329113924
			9.41772151898734	-2.43037974683544
			9.44303797468354	-2.43037974683544
			9.44303797468354	-2.45569620253165
			9.46835443037975	-2.48101265822785
			9.46835443037975	-2.50632911392405
			9.49367088607595	-2.50632911392405
			9.49367088607595	-2.53164556962025
			9.51898734177215	-2.55696202531646
			9.54430379746835	-2.58227848101266
			9.54430379746835	-2.60759493670886
			9.56962025316456	-2.63291139240506
			9.56962025316456	-2.65822784810127
			9.59493670886076	-2.68354430379747
			9.62025316455696	-2.70886075949367
			9.62025316455696	-2.73417721518987
			9.64556962025316	-2.73417721518987
			9.64556962025316	-2.75949367088608
			9.67088607594937	-2.78481012658228
			9.67088607594937	-2.81012658227848
			9.69620253164557	-2.83544303797468
			9.69620253164557	-2.86075949367089
			9.72151898734177	-2.88607594936709
			9.72151898734177	-2.91139240506329
			9.74683544303798	-2.93670886075949
			9.74683544303798	-2.9620253164557
			9.77215189873418	-2.9873417721519
			9.77215189873418	-3.0126582278481
			9.79746835443038	-3.0379746835443
			9.79746835443038	-3.06329113924051
			9.82278481012658	-3.08860759493671
			9.84810126582278	-3.11392405063291
			9.84810126582278	-3.13924050632911
			9.87341772151899	-3.16455696202532
			9.87341772151899	-3.18987341772152
			9.89873417721519	-3.21518987341772
			9.89873417721519	-3.24050632911392
			9.92405063291139	-3.26582278481013
			9.92405063291139	-3.29113924050633
			9.94936708860759	-3.31645569620253
			9.94936708860759	-3.34177215189873
			9.94936708860759	-3.36708860759494
			9.9746835443038	-3.39240506329114
			9.9746835443038	-3.41772151898734
			9.9746835443038	-3.44303797468354
			10	-3.46835443037975
			10	-3.49367088607595
			10.0253164556962	-3.51898734177215
			10.0253164556962	-3.54430379746835
			10.0253164556962	-3.56962025316456
			10.0506329113924	-3.59493670886076
			10.0506329113924	-3.62025316455696
			10.0506329113924	-3.64556962025316
			10.0759493670886	-3.67088607594937
			10.0759493670886	-3.69620253164557
			10.0759493670886	-3.72151898734177
			10.1012658227848	-3.74683544303797
			10.1012658227848	-3.77215189873418
			10.1012658227848	-3.79746835443038
			10.1012658227848	-3.82278481012658
			10.126582278481	-3.84810126582278
			10.126582278481	-3.87341772151899
			10.1518987341772	-3.89873417721519
			10.1518987341772	-3.92405063291139
			10.1518987341772	-3.94936708860759
			10.1518987341772	-3.9746835443038
			10.1772151898734	-4
			10.1772151898734	-4.0253164556962
			10.1772151898734	-4.05063291139241
			10.1772151898734	-4.07594936708861
			10.2025316455696	-4.10126582278481
			10.2025316455696	-4.12658227848101
			10.2025316455696	-4.15189873417722
			10.2025316455696	-4.17721518987342
			10.2278481012658	-4.17721518987342
			10.2278481012658	-4.20253164556962
			10.2278481012658	-4.22784810126582
			10.2278481012658	-4.25316455696202
			10.2278481012658	-4.27848101265823
			10.253164556962	-4.30379746835443
			10.253164556962	-4.32911392405063
			10.253164556962	-4.35443037974684
			10.2784810126582	-4.37974683544304
			10.2784810126582	-4.40506329113924
			10.2784810126582	-4.43037974683544
			10.2784810126582	-4.45569620253165
			10.3037974683544	-4.48101265822785
			10.3037974683544	-4.50632911392405
			10.3037974683544	-4.53164556962025
			10.3037974683544	-4.55696202531646
			10.3037974683544	-4.58227848101266
			10.3291139240506	-4.60759493670886
			10.3291139240506	-4.63291139240506
			10.3291139240506	-4.65822784810127
			10.3291139240506	-4.68354430379747
			10.3544303797468	-4.70886075949367
			10.3544303797468	-4.73417721518987
			10.3544303797468	-4.75949367088608
			10.3544303797468	-4.78481012658228
			10.3544303797468	-4.81012658227848
			10.379746835443	-4.83544303797468
			10.379746835443	-4.86075949367089
			10.379746835443	-4.88607594936709
			10.379746835443	-4.91139240506329
			10.379746835443	-4.93670886075949
			10.4050632911392	-4.9620253164557
			10.4050632911392	-4.9873417721519
			10.4050632911392	-5.0126582278481
			10.4050632911392	-5.0379746835443
			10.4050632911392	-5.06329113924051
			10.4303797468354	-5.08860759493671
			10.4303797468354	-5.11392405063291
			10.4303797468354	-5.13924050632911
			10.4303797468354	-5.16455696202532
			10.4303797468354	-5.18987341772152
			10.4556962025316	-5.21518987341772
			10.4556962025316	-5.24050632911392
			10.4556962025316	-5.26582278481013
			10.4556962025316	-5.29113924050633
			10.4556962025316	-5.31645569620253
			10.4810126582278	-5.34177215189873
			10.4810126582278	-5.36708860759494
			10.4810126582278	-5.39240506329114
			10.4810126582278	-5.41772151898734
			10.4810126582278	-5.44303797468354
			10.506329113924	-5.46835443037975
			10.506329113924	-5.49367088607595
			10.506329113924	-5.51898734177215
			10.506329113924	-5.54430379746835
			10.506329113924	-5.56962025316456
			10.506329113924	-5.59493670886076
			10.5316455696203	-5.62025316455696
			10.5316455696203	-5.64556962025316
			10.5316455696203	-5.67088607594937
			10.5316455696203	-5.69620253164557
			10.5316455696203	-5.72151898734177
			10.5569620253165	-5.74683544303797
			10.5569620253165	-5.77215189873418
			10.5569620253165	-5.79746835443038
			10.5569620253165	-5.82278481012658
		</anterior>
		<posterior type=matrix rownames=FALSE colnames=FALSE nrow=541 ncol=2 as.numeric=TRUE >
			5.67088607594937	-5.82278481012658
			5.69620253164557	-5.82278481012658
			5.72151898734177	-5.82278481012658
			5.74683544303797	-5.82278481012658
			5.77215189873418	-5.79746835443038
			5.79746835443038	-5.79746835443038
			5.82278481012658	-5.79746835443038
			5.84810126582278	-5.79746835443038
			5.87341772151899	-5.79746835443038
			5.89873417721519	-5.79746835443038
			5.92405063291139	-5.79746835443038
			5.94936708860759	-5.79746835443038
			5.9746835443038	-5.77215189873418
			6	-5.77215189873418
			6.0253164556962	-5.77215189873418
			6.05063291139241	-5.77215189873418
			6.07594936708861	-5.77215189873418
			6.10126582278481	-5.77215189873418
			6.12658227848101	-5.77215189873418
			6.15189873417722	-5.74683544303797
			6.17721518987342	-5.74683544303797
			6.20253164556962	-5.74683544303797
			6.22784810126582	-5.74683544303797
			6.25316455696202	-5.74683544303797
			6.27848101265823	-5.74683544303797
			6.30379746835443	-5.72151898734177
			6.32911392405063	-5.72151898734177
			6.35443037974684	-5.72151898734177
			6.37974683544304	-5.72151898734177
			6.40506329113924	-5.72151898734177
			6.43037974683544	-5.72151898734177
			6.45569620253165	-5.72151898734177
			6.45569620253165	-5.69620253164557
			6.48101265822785	-5.69620253164557
			6.50632911392405	-5.69620253164557
			6.53164556962025	-5.69620253164557
			6.55696202531646	-5.69620253164557
			6.58227848101266	-5.67088607594937
			6.60759493670886	-5.67088607594937
			6.63291139240506	-5.67088607594937
			6.65822784810127	-5.67088607594937
			6.68354430379747	-5.64556962025316
			6.70886075949367	-5.64556962025316
			6.73417721518987	-5.62025316455696
			6.75949367088608	-5.62025316455696
			6.78481012658228	-5.62025316455696
			6.81012658227848	-5.59493670886076
			6.83544303797468	-5.59493670886076
			6.86075949367089	-5.59493670886076
			6.88607594936709	-5.56962025316456
			6.91139240506329	-5.56962025316456
			6.93670886075949	-5.54430379746835
			6.9620253164557	-5.54430379746835
			6.9873417721519	-5.54430379746835
			6.9873417721519	-5.51898734177215
			7.0126582278481	-5.51898734177215
			7.0379746835443	-5.51898734177215
			7.06329113924051	-5.49367088607595
			7.08860759493671	-5.49367088607595
			7.08860759493671	-5.46835443037975
			7.11392405063291	-5.46835443037975
			7.13924050632911	-5.46835443037975
			7.16455696202532	-5.44303797468354
			7.18987341772152	-5.41772151898734
			7.21518987341772	-5.41772151898734
			7.24050632911392	-5.41772151898734
			7.26582278481013	-5.44303797468354
			7.29113924050633	-5.44303797468354
			7.31645569620253	-5.44303797468354
			7.34177215189873	-5.46835443037975
			7.36708860759494	-5.46835443037975
			7.39240506329114	-5.46835443037975
			7.41772151898734	-5.46835443037975
			7.44303797468354	-5.46835443037975
			7.46835443037975	-5.49367088607595
			7.49367088607595	-5.49367088607595
			7.51898734177215	-5.49367088607595
			7.54430379746835	-5.49367088607595
			7.56962025316456	-5.49367088607595
			7.59493670886076	-5.49367088607595
			7.62025316455696	-5.49367088607595
			7.64556962025316	-5.49367088607595
			7.67088607594937	-5.49367088607595
			7.69620253164557	-5.49367088607595
			7.72151898734177	-5.49367088607595
			7.74683544303797	-5.49367088607595
			7.77215189873418	-5.49367088607595
			7.79746835443038	-5.49367088607595
			7.82278481012658	-5.49367088607595
			7.84810126582278	-5.49367088607595
			7.87341772151899	-5.49367088607595
			7.89873417721519	-5.49367088607595
			7.92405063291139	-5.46835443037975
			7.94936708860759	-5.46835443037975
			7.9746835443038	-5.46835443037975
			8	-5.46835443037975
			8.0253164556962	-5.46835443037975
			8.05063291139241	-5.46835443037975
			8.07594936708861	-5.46835443037975
			8.10126582278481	-5.46835443037975
			8.12658227848101	-5.46835443037975
			8.15189873417721	-5.46835443037975
			8.17721518987342	-5.46835443037975
			8.20253164556962	-5.46835443037975
			8.22784810126582	-5.46835443037975
			8.25316455696202	-5.46835443037975
			8.27848101265823	-5.46835443037975
			8.30379746835443	-5.46835443037975
			8.32911392405063	-5.46835443037975
			8.35443037974684	-5.46835443037975
			8.37974683544304	-5.49367088607595
			8.40506329113924	-5.49367088607595
			8.43037974683544	-5.49367088607595
			8.45569620253165	-5.51898734177215
			8.48101265822785	-5.51898734177215
			8.50632911392405	-5.51898734177215
			8.53164556962025	-5.54430379746835
			8.55696202531646	-5.54430379746835
			8.58227848101266	-5.56962025316456
			8.60759493670886	-5.56962025316456
			8.63291139240506	-5.59493670886076
			8.65822784810127	-5.59493670886076
			8.68354430379747	-5.62025316455696
			8.70886075949367	-5.62025316455696
			8.73417721518987	-5.64556962025316
			8.75949367088608	-5.64556962025316
			8.78481012658228	-5.67088607594937
			8.81012658227848	-5.67088607594937
			8.83544303797468	-5.69620253164557
			8.86075949367089	-5.72151898734177
			8.88607594936709	-5.72151898734177
			8.91139240506329	-5.74683544303797
			8.93670886075949	-5.74683544303797
			8.9620253164557	-5.77215189873418
			8.9873417721519	-5.77215189873418
			9.0126582278481	-5.79746835443038
			9.0379746835443	-5.82278481012658
			9.06329113924051	-5.82278481012658
			9.08860759493671	-5.84810126582278
			9.11392405063291	-5.84810126582278
			9.11392405063291	-5.87341772151899
			9.13924050632911	-5.87341772151899
			9.16455696202532	-5.89873417721519
			9.18987341772152	-5.92405063291139
			9.21518987341772	-5.92405063291139
			9.24050632911392	-5.94936708860759
			9.26582278481013	-5.9746835443038
			9.29113924050633	-5.9746835443038
			9.29113924050633	-6
			9.31645569620253	-6
			9.34177215189873	-6.0253164556962
			9.36708860759494	-6.0253164556962
			9.36708860759494	-6.05063291139241
			9.39240506329114	-6.07594936708861
			9.41772151898734	-6.07594936708861
			9.44303797468354	-6.10126582278481
			9.44303797468354	-6.12658227848101
			9.46835443037975	-6.12658227848101
			9.49367088607595	-6.15189873417722
			9.51898734177215	-6.17721518987342
			9.54430379746835	-6.20253164556962
			9.56962025316456	-6.22784810126582
			9.59493670886076	-6.25316455696202
			9.59493670886076	-6.27848101265823
			9.62025316455696	-6.30379746835443
			9.62025316455696	-6.32911392405063
			9.64556962025316	-6.35443037974684
			9.64556962025316	-6.37974683544304
			9.67088607594937	-6.37974683544304
			9.67088607594937	-6.40506329113924
			9.67088607594937	-6.43037974683544
			9.69620253164557	-6.43037974683544
			9.69620253164557	-6.45569620253165
			9.72151898734177	-6.48101265822785
			9.72151898734177	-6.50632911392405
			9.74683544303798	-6.53164556962025
			9.74683544303798	-6.55696202531646
			9.77215189873418	-6.58227848101266
			9.77215189873418	-6.60759493670886
			9.79746835443038	-6.63291139240506
			9.79746835443038	-6.65822784810127
			9.82278481012658	-6.68354430379747
			9.82278481012658	-6.70886075949367
			9.82278481012658	-6.73417721518987
			9.84810126582278	-6.75949367088608
			9.84810126582278	-6.78481012658228
			9.87341772151899	-6.81012658227848
			9.87341772151899	-6.83544303797468
			9.89873417721519	-6.86075949367089
			9.89873417721519	-6.88607594936709
			9.89873417721519	-6.91139240506329
			9.92405063291139	-6.93670886075949
			9.92405063291139	-6.9620253164557
			9.94936708860759	-6.9873417721519
			9.94936708860759	-7.0126582278481
			9.94936708860759	-7.0379746835443
			9.9746835443038	-7.06329113924051
			9.9746835443038	-7.08860759493671
			10	-7.11392405063291
			10	-7.13924050632911
			10	-7.16455696202532
			10.0253164556962	-7.18987341772152
			10.0253164556962	-7.21518987341772
			10.0253164556962	-7.24050632911392
			10.0506329113924	-7.26582278481013
			10.0506329113924	-7.29113924050633
			10.0759493670886	-7.31645569620253
			10.0759493670886	-7.34177215189873
			10.0759493670886	-7.36708860759494
			10.1012658227848	-7.39240506329114
			10.1012658227848	-7.41772151898734
			10.1012658227848	-7.44303797468354
			10.126582278481	-7.46835443037975
			10.126582278481	-7.49367088607595
			10.126582278481	-7.51898734177215
			10.1518987341772	-7.54430379746835
			10.1518987341772	-7.56962025316456
			10.1518987341772	-7.59493670886076
			10.1772151898734	-7.62025316455696
			10.1772151898734	-7.64556962025316
			10.1772151898734	-7.67088607594937
			10.2025316455696	-7.69620253164557
			10.2025316455696	-7.72151898734177
			10.2025316455696	-7.74683544303797
			10.2025316455696	-7.77215189873418
			10.2278481012658	-7.79746835443038
			10.2278481012658	-7.82278481012658
			10.2278481012658	-7.84810126582278
			10.253164556962	-7.87341772151899
			10.253164556962	-7.89873417721519
			10.253164556962	-7.92405063291139
			10.2784810126582	-7.94936708860759
			10.2784810126582	-7.9746835443038
			10.2784810126582	-8
			10.3037974683544	-8.0253164556962
			10.3037974683544	-8.05063291139241
			10.3037974683544	-8.07594936708861
			10.3291139240506	-8.10126582278481
			10.3291139240506	-8.12658227848101
			10.3291139240506	-8.15189873417721
			10.3291139240506	-8.17721518987342
			10.3544303797468	-8.20253164556962
			10.3544303797468	-8.22784810126582
			10.3544303797468	-8.25316455696202
			10.379746835443	-8.27848101265823
			10.379746835443	-8.30379746835443
			10.379746835443	-8.32911392405063
			10.379746835443	-8.35443037974684
			10.4050632911392	-8.37974683544304
			10.4050632911392	-8.40506329113924
			10.4050632911392	-8.43037974683544
			10.4303797468354	-8.45569620253165
			10.4303797468354	-8.48101265822785
			10.4303797468354	-8.50632911392405
			10.4556962025316	-8.53164556962025
			10.4556962025316	-8.55696202531646
			10.4556962025316	-8.58227848101266
			10.4810126582278	-8.60759493670886
			10.4810126582278	-8.63291139240506
			10.4810126582278	-8.65822784810127
			10.4810126582278	-8.68354430379747
			10.506329113924	-8.70886075949367
			10.506329113924	-8.73417721518987
			10.506329113924	-8.75949367088608
			10.5316455696203	-8.78481012658228
			10.5316455696203	-8.81012658227848
			10.5316455696203	-8.83544303797468
			10.5316455696203	-8.86075949367089
			10.5569620253165	-8.88607594936709
			10.5569620253165	-8.91139240506329
			10.5569620253165	-8.93670886075949
			10.5569620253165	-8.9620253164557
			10.5822784810127	-8.9620253164557
			10.5822784810127	-8.9873417721519
			10.5822784810127	-9.0126582278481
			10.5822784810127	-9.0379746835443
			10.6075949367089	-9.06329113924051
			10.6075949367089	-9.08860759493671
			10.6075949367089	-9.11392405063291
			10.6075949367089	-9.13924050632911
			10.6329113924051	-9.16455696202532
			10.6329113924051	-9.18987341772152
			10.6329113924051	-9.21518987341772
			10.6329113924051	-9.24050632911392
			10.6582278481013	-9.24050632911392
			10.6582278481013	-9.26582278481013
			10.6582278481013	-9.29113924050633
			10.6582278481013	-9.31645569620253
			10.6835443037975	-9.34177215189873
			10.6835443037975	-9.36708860759494
			10.6835443037975	-9.39240506329114
			10.6835443037975	-9.41772151898734
			10.7088607594937	-9.44303797468354
			10.7088607594937	-9.46835443037975
			10.7088607594937	-9.49367088607595
			10.7088607594937	-9.51898734177215
			10.7341772151899	-9.54430379746835
			10.7341772151899	-9.56962025316456
			10.7341772151899	-9.59493670886076
			10.7594936708861	-9.62025316455696
			10.7594936708861	-9.64556962025316
			10.7594936708861	-9.67088607594937
			10.7594936708861	-9.69620253164557
			10.7848101265823	-9.72151898734177
			10.7848101265823	-9.74683544303798
			10.7848101265823	-9.77215189873418
			10.7848101265823	-9.79746835443038
			10.7848101265823	-9.82278481012658
			10.8101265822785	-9.84810126582278
			10.8101265822785	-9.87341772151899
			10.8101265822785	-9.89873417721519
			10.8101265822785	-9.92405063291139
			10.8354430379747	-9.94936708860759
			10.8354430379747	-9.9746835443038
			10.8354430379747	-10
			10.8354430379747	-10.0253164556962
			10.8607594936709	-10.0506329113924
			10.8607594936709	-10.0759493670886
			10.8607594936709	-10.1012658227848
			10.8860759493671	-10.126582278481
			10.8860759493671	-10.1518987341772
			10.8860759493671	-10.1772151898734
			10.9113924050633	-10.2025316455696
			10.9113924050633	-10.2278481012658
			10.9113924050633	-10.253164556962
			10.9113924050633	-10.2784810126582
			10.9113924050633	-10.3037974683544
			10.9367088607595	-10.3037974683544
			10.9367088607595	-10.3291139240506
			10.9367088607595	-10.3544303797468
			10.9367088607595	-10.379746835443
			10.9620253164557	-10.4050632911392
			10.9620253164557	-10.4303797468354
			10.9620253164557	-10.4556962025316
			10.9620253164557	-10.4810126582278
			10.9873417721519	-10.506329113924
			10.9873417721519	-10.5316455696203
			10.9873417721519	-10.5569620253165
			10.9873417721519	-10.5822784810127
			11.0126582278481	-10.5822784810127
			11.0126582278481	-10.6075949367089
			11.0126582278481	-10.6329113924051
			11.0126582278481	-10.6582278481013
			11.0379746835443	-10.6835443037975
			11.0379746835443	-10.7088607594937
			11.0379746835443	-10.6835443037975
			11.0379746835443	-10.6582278481013
			11.0379746835443	-10.6329113924051
			11.0379746835443	-10.6075949367089
			11.0632911392405	-10.5822784810127
			11.0632911392405	-10.5569620253165
			11.0632911392405	-10.5316455696203
			11.0632911392405	-10.506329113924
			11.0632911392405	-10.4810126582278
			11.0632911392405	-10.4556962025316
			11.0632911392405	-10.4303797468354
			11.0632911392405	-10.4050632911392
			11.0632911392405	-10.379746835443
			11.0632911392405	-10.3544303797468
			11.0632911392405	-10.3291139240506
			11.0632911392405	-10.3037974683544
			11.0632911392405	-10.2784810126582
			11.0632911392405	-10.253164556962
			11.0632911392405	-10.2278481012658
			11.0632911392405	-10.2025316455696
			11.0632911392405	-10.1772151898734
			11.0632911392405	-10.1518987341772
			11.0632911392405	-10.126582278481
			11.0632911392405	-10.1012658227848
			11.0632911392405	-10.0759493670886
			11.0632911392405	-10.0506329113924
			11.0632911392405	-10.0253164556962
			11.0632911392405	-10
			11.0632911392405	-9.9746835443038
			11.0632911392405	-9.94936708860759
			11.0632911392405	-9.92405063291139
			11.0632911392405	-9.89873417721519
			11.0632911392405	-9.87341772151899
			11.0632911392405	-9.84810126582278
			11.0632911392405	-9.82278481012658
			11.0632911392405	-9.79746835443038
			11.0632911392405	-9.77215189873418
			11.0632911392405	-9.74683544303798
			11.0632911392405	-9.72151898734177
			11.0632911392405	-9.69620253164557
			11.0632911392405	-9.67088607594937
			11.0632911392405	-9.64556962025316
			11.0379746835443	-9.62025316455696
			11.0379746835443	-9.59493670886076
			11.0379746835443	-9.56962025316456
			11.0379746835443	-9.54430379746835
			11.0379746835443	-9.51898734177215
			11.0379746835443	-9.49367088607595
			11.0379746835443	-9.46835443037975
			11.0379746835443	-9.44303797468354
			11.0379746835443	-9.41772151898734
			11.0379746835443	-9.39240506329114
			11.0379746835443	-9.36708860759494
			11.0379746835443	-9.34177215189873
			11.0379746835443	-9.31645569620253
			11.0379746835443	-9.29113924050633
			11.0379746835443	-9.26582278481013
			11.0379746835443	-9.24050632911392
			11.0126582278481	-9.21518987341772
			11.0126582278481	-9.18987341772152
			11.0126582278481	-9.16455696202532
			11.0126582278481	-9.13924050632911
			11.0126582278481	-9.11392405063291
			11.0126582278481	-9.08860759493671
			11.0126582278481	-9.06329113924051
			11.0126582278481	-9.0379746835443
			11.0126582278481	-9.0126582278481
			11.0126582278481	-8.9873417721519
			11.0126582278481	-8.9620253164557
			11.0126582278481	-8.93670886075949
			11.0126582278481	-8.91139240506329
			10.9873417721519	-8.91139240506329
			10.9873417721519	-8.88607594936709
			10.9873417721519	-8.86075949367089
			10.9873417721519	-8.83544303797468
			10.9873417721519	-8.81012658227848
			10.9873417721519	-8.78481012658228
			10.9873417721519	-8.75949367088608
			10.9873417721519	-8.73417721518987
			10.9873417721519	-8.70886075949367
			10.9873417721519	-8.68354430379747
			10.9873417721519	-8.65822784810127
			10.9873417721519	-8.63291139240506
			10.9873417721519	-8.60759493670886
			10.9620253164557	-8.60759493670886
			10.9620253164557	-8.58227848101266
			10.9620253164557	-8.55696202531646
			10.9620253164557	-8.53164556962025
			10.9620253164557	-8.50632911392405
			10.9620253164557	-8.48101265822785
			10.9620253164557	-8.45569620253165
			10.9620253164557	-8.43037974683544
			10.9620253164557	-8.40506329113924
			10.9620253164557	-8.37974683544304
			10.9620253164557	-8.35443037974684
			10.9367088607595	-8.32911392405063
			10.9367088607595	-8.30379746835443
			10.9367088607595	-8.27848101265823
			10.9367088607595	-8.25316455696202
			10.9367088607595	-8.22784810126582
			10.9367088607595	-8.20253164556962
			10.9367088607595	-8.17721518987342
			10.9367088607595	-8.15189873417721
			10.9367088607595	-8.12658227848101
			10.9113924050633	-8.10126582278481
			10.9113924050633	-8.07594936708861
			10.9113924050633	-8.05063291139241
			10.9113924050633	-8.0253164556962
			10.9113924050633	-8
			10.9113924050633	-7.9746835443038
			10.9113924050633	-7.94936708860759
			10.9113924050633	-7.92405063291139
			10.9113924050633	-7.89873417721519
			10.8860759493671	-7.87341772151899
			10.8860759493671	-7.84810126582278
			10.8860759493671	-7.82278481012658
			10.8860759493671	-7.79746835443038
			10.8860759493671	-7.77215189873418
			10.8860759493671	-7.74683544303797
			10.8860759493671	-7.72151898734177
			10.8860759493671	-7.69620253164557
			10.8607594936709	-7.67088607594937
			10.8607594936709	-7.64556962025316
			10.8607594936709	-7.62025316455696
			10.8607594936709	-7.59493670886076
			10.8607594936709	-7.56962025316456
			10.8607594936709	-7.54430379746835
			10.8607594936709	-7.51898734177215
			10.8607594936709	-7.49367088607595
			10.8354430379747	-7.46835443037975
			10.8354430379747	-7.44303797468354
			10.8354430379747	-7.41772151898734
			10.8354430379747	-7.39240506329114
			10.8354430379747	-7.36708860759494
			10.8354430379747	-7.34177215189873
			10.8101265822785	-7.31645569620253
			10.8101265822785	-7.29113924050633
			10.8101265822785	-7.26582278481013
			10.8101265822785	-7.24050632911392
			10.8101265822785	-7.21518987341772
			10.8101265822785	-7.18987341772152
			10.8101265822785	-7.16455696202532
			10.7848101265823	-7.13924050632911
			10.7848101265823	-7.11392405063291
			10.7848101265823	-7.08860759493671
			10.7848101265823	-7.06329113924051
			10.7848101265823	-7.0379746835443
			10.7848101265823	-7.0126582278481
			10.7594936708861	-6.9873417721519
			10.7594936708861	-6.9620253164557
			10.7594936708861	-6.93670886075949
			10.7594936708861	-6.91139240506329
			10.7594936708861	-6.88607594936709
			10.7594936708861	-6.86075949367089
			10.7341772151899	-6.83544303797468
			10.7341772151899	-6.81012658227848
			10.7341772151899	-6.78481012658228
			10.7341772151899	-6.75949367088608
			10.7341772151899	-6.73417721518987
			10.7341772151899	-6.70886075949367
			10.7088607594937	-6.68354430379747
			10.7088607594937	-6.65822784810127
			10.7088607594937	-6.63291139240506
			10.7088607594937	-6.60759493670886
			10.7088607594937	-6.58227848101266
			10.7088607594937	-6.55696202531646
			10.6835443037975	-6.53164556962025
			10.6835443037975	-6.50632911392405
			10.6835443037975	-6.48101265822785
			10.6835443037975	-6.45569620253165
			10.6835443037975	-6.43037974683544
			10.6835443037975	-6.40506329113924
			10.6582278481013	-6.37974683544304
			10.6582278481013	-6.35443037974684
			10.6582278481013	-6.32911392405063
			10.6582278481013	-6.30379746835443
			10.6582278481013	-6.27848101265823
			10.6329113924051	-6.25316455696202
			10.6329113924051	-6.22784810126582
			10.6329113924051	-6.20253164556962
			10.6329113924051	-6.17721518987342
			10.6329113924051	-6.15189873417722
			10.6329113924051	-6.12658227848101
			10.6075949367089	-6.12658227848101
			10.6075949367089	-6.10126582278481
			10.6075949367089	-6.07594936708861
			10.6075949367089	-6.05063291139241
			10.6075949367089	-6.0253164556962
			10.5822784810127	-6
			10.5822784810127	-5.9746835443038
			10.5822784810127	-5.94936708860759
			10.5822784810127	-5.92405063291139
			10.5822784810127	-5.89873417721519
			10.5569620253165	-5.87341772151899
			10.5569620253165	-5.84810126582278
			10.5569620253165	-5.82278481012658
		</posterior>
	</curves.scaled>
	<ruler.points type=matrix rownames=TRUE colnames=FALSE nrow=2 ncol=2 as.numeric=TRUE >
		Ruler point 1	401	439
		Ruler point 2	401	518
	</ruler.points>
</shapes>

