<shapes type=list>
	<ruler.pixel type=vector names=FALSE length=1 as.numeric=TRUE >184</ruler.pixel>
	<ruler.interval type=vector names=FALSE length=1 as.numeric=TRUE >9</ruler.interval>
	<scaling.units type=vector names=FALSE length=1 as.numeric=FALSE >mm</scaling.units>
	<scaling type=vector names=FALSE length=1 as.numeric=TRUE >0.0489130434782609</scaling>
	<landmarks.pixel type=matrix rownames=TRUE colnames=FALSE nrow=16 ncol=2 as.numeric=TRUE >
		LM1	190	27
		LM2	190	27
		LM3	190	186
		LM4	190	211
		LM5	281	91
		LM6	238	192
		LM7	240	206
		LM8	273	116
		LM9	269	182
		LM10	190	27
		LM11	319	175
		LM12	342	186
		LM13	190	27
		LM14	318	157
		LM15	346	211
		LM16	335	233
	</landmarks.pixel>
	<landmarks.scaled type=matrix rownames=TRUE colnames=FALSE nrow=16 ncol=2 as.numeric=TRUE >
		LM1	9.29347826086957	-1.32065217391304
		LM2	9.29347826086957	-1.32065217391304
		LM3	9.29347826086957	-9.09782608695652
		LM4	9.29347826086957	-10.320652173913
		LM5	13.7445652173913	-4.45108695652174
		LM6	11.6413043478261	-9.39130434782609
		LM7	11.7391304347826	-10.0760869565217
		LM8	13.3532608695652	-5.67391304347826
		LM9	13.1576086956522	-8.90217391304348
		LM10	9.29347826086957	-1.32065217391304
		LM11	15.6032608695652	-8.55978260869565
		LM12	16.7282608695652	-9.09782608695652
		LM13	9.29347826086957	-1.32065217391304
		LM14	15.554347826087	-7.67934782608696
		LM15	16.9239130434783	-10.320652173913
		LM16	16.3858695652174	-11.3967391304348
	</landmarks.scaled>
	<curves.control type=list>
		<glabella type=matrix rownames=FALSE colnames=FALSE nrow=9 ncol=2 as.numeric=TRUE >
			190	27
			233	25
			280	68
			293	98
			232	169
			237	174
			232	187
			242	191
			240	206
		</glabella>
		<suture type=matrix rownames=FALSE colnames=FALSE nrow=21 ncol=2 as.numeric=TRUE >
			190	27
			233	25
			280	68
			285	79
			280	105
			280	109
			276	109
			274	110
			272	116
			277	117
			284	122
			307	141
			292	170
			284	180
			269	182
			261	183
			273	190
			298	196
			319	175
			326	173
			342	186
		</suture>
		<anterior type=matrix rownames=FALSE colnames=FALSE nrow=9 ncol=2 as.numeric=TRUE >
			190	27
			233	25
			280	68
			303	84
			331	154
			335	166
			343	187
			346	203
			346	211
		</anterior>
		<posterior type=matrix rownames=FALSE colnames=FALSE nrow=15 ncol=2 as.numeric=TRUE >
			190	211
			206	212
			222	214
			226	214
			232	210
			237	206
			252	207
			276	209
			304	220
			316	227
			330	234
			338	235
			343	227
			347	219
			346	211
		</posterior>
	</curves.control>
	<curves.pixel type=list>
		<glabella type=matrix rownames=FALSE colnames=FALSE nrow=240 ncol=2 as.numeric=TRUE >
			190	27
			191	27
			192	27
			193	27
			194	27
			195	27
			196	27
			197	27
			198	27
			199	27
			200	27
			201	27
			202	27
			203	27
			204	28
			205	28
			206	28
			207	28
			208	28
			209	28
			210	28
			211	29
			212	29
			213	29
			214	29
			215	29
			216	30
			217	30
			218	30
			219	30
			220	31
			221	31
			222	32
			223	32
			224	32
			225	33
			226	33
			227	33
			228	34
			229	34
			230	34
			231	35
			232	35
			233	36
			234	36
			235	37
			236	37
			237	38
			238	38
			239	39
			240	39
			241	40
			242	40
			243	41
			244	41
			245	42
			246	42
			247	43
			248	44
			249	44
			250	45
			251	45
			252	46
			253	47
			254	48
			255	48
			256	49
			257	50
			258	50
			259	51
			260	52
			261	52
			262	53
			263	54
			264	55
			265	55
			266	56
			267	57
			268	58
			269	58
			270	59
			271	60
			272	61
			273	62
			274	62
			275	63
			276	64
			277	65
			278	66
			279	67
			279	68
			280	68
			280	69
			281	70
			281	71
			281	72
			282	73
			282	74
			282	75
			282	76
			282	77
			282	78
			282	79
			282	80
			282	81
			282	82
			282	83
			282	84
			282	85
			282	86
			282	87
			281	88
			281	89
			281	90
			281	91
			281	92
			280	92
			280	93
			280	94
			280	95
			279	96
			279	97
			279	98
			278	99
			278	100
			278	101
			277	102
			277	103
			276	104
			276	105
			276	106
			275	107
			275	108
			274	109
			274	110
			273	111
			273	112
			272	113
			272	114
			271	114
			271	115
			270	116
			270	117
			269	118
			269	119
			268	120
			267	121
			267	122
			266	123
			266	124
			265	125
			265	126
			264	127
			263	128
			263	129
			262	130
			262	131
			261	131
			260	132
			260	133
			259	134
			259	135
			258	136
			257	137
			256	138
			256	139
			255	140
			254	141
			253	142
			253	143
			252	144
			252	145
			251	145
			251	146
			250	147
			249	148
			248	149
			248	150
			247	151
			246	152
			245	153
			244	154
			244	155
			243	156
			242	157
			241	158
			240	159
			240	160
			239	161
			238	162
			237	163
			236	164
			236	165
			235	166
			234	167
			233	168
			232	169
			233	170
			233	171
			234	172
			234	173
			234	174
			234	175
			234	176
			234	177
			234	178
			234	179
			234	180
			234	181
			234	182
			233	183
			233	184
			233	185
			232	186
			232	187
			233	187
			233	188
			234	188
			235	188
			235	189
			236	189
			236	190
			237	190
			237	191
			238	191
			238	192
			239	193
			239	194
			240	195
			240	196
			240	197
			240	198
			240	199
			240	200
			240	201
			240	202
			240	203
			240	204
			240	205
			240	206
		</glabella>
		<suture type=matrix rownames=FALSE colnames=FALSE nrow=309 ncol=2 as.numeric=TRUE >
			190	27
			191	27
			192	27
			193	27
			194	27
			195	27
			196	27
			197	27
			198	27
			199	27
			200	27
			201	27
			202	27
			203	27
			204	28
			205	28
			206	28
			207	28
			208	28
			209	28
			210	29
			211	29
			212	29
			213	29
			214	29
			215	30
			216	30
			217	30
			218	30
			219	31
			220	31
			221	31
			222	32
			223	32
			224	32
			225	33
			226	33
			227	33
			228	34
			229	34
			230	34
			231	35
			232	35
			233	36
			234	36
			235	37
			236	37
			237	38
			238	38
			239	39
			240	39
			241	40
			242	40
			243	41
			244	41
			245	42
			246	42
			247	43
			248	44
			249	44
			250	45
			251	45
			252	46
			253	47
			254	47
			255	48
			256	49
			257	49
			258	50
			259	51
			260	52
			261	52
			262	53
			263	54
			264	55
			265	55
			266	56
			267	57
			268	58
			269	59
			270	59
			271	60
			272	61
			273	62
			274	63
			275	64
			276	65
			277	66
			278	67
			279	68
			280	68
			280	69
			281	70
			281	71
			281	72
			282	73
			282	74
			282	75
			282	76
			282	77
			282	78
			282	79
			282	80
			282	81
			282	82
			282	83
			282	84
			282	85
			282	86
			282	87
			282	88
			282	89
			282	90
			282	91
			282	92
			282	93
			282	94
			282	95
			282	96
			281	97
			281	98
			281	99
			281	100
			281	101
			281	102
			280	103
			280	104
			280	105
			280	106
			280	107
			279	108
			278	109
			277	109
			276	109
			275	110
			274	111
			273	112
			273	113
			273	114
			272	115
			273	116
			274	117
			275	117
			276	117
			277	118
			278	118
			279	119
			280	119
			281	120
			282	121
			283	121
			284	122
			285	123
			286	124
			287	125
			288	126
			289	126
			289	127
			290	128
			291	129
			292	130
			292	131
			293	132
			294	133
			294	134
			295	135
			295	136
			295	137
			296	138
			296	139
			297	140
			297	141
			297	142
			297	143
			298	144
			298	145
			298	146
			298	147
			298	148
			298	149
			298	150
			298	151
			298	152
			298	153
			297	154
			297	155
			297	156
			297	157
			297	158
			297	159
			296	159
			296	160
			296	161
			295	162
			295	163
			295	164
			294	165
			294	166
			294	167
			293	168
			293	169
			292	169
			292	170
			291	171
			290	172
			289	173
			288	174
			287	175
			286	176
			285	176
			284	177
			283	177
			282	178
			281	179
			280	179
			279	180
			278	180
			277	180
			276	181
			275	181
			274	181
			273	181
			272	181
			271	182
			270	182
			269	182
			268	182
			267	182
			267	183
			266	183
			266	184
			266	185
			267	186
			268	187
			269	188
			270	188
			271	189
			272	190
			273	190
			274	190
			275	191
			276	191
			277	191
			278	191
			279	191
			280	191
			281	191
			282	191
			283	191
			284	191
			285	191
			286	191
			287	191
			288	191
			289	191
			290	191
			291	191
			292	191
			293	190
			294	190
			295	190
			296	189
			297	189
			298	189
			299	189
			300	188
			301	188
			302	187
			303	187
			304	186
			305	186
			306	185
			307	185
			308	184
			309	183
			310	183
			311	182
			312	181
			313	180
			314	179
			315	178
			316	178
			317	177
			318	176
			319	175
			320	175
			321	175
			322	175
			323	175
			324	175
			325	175
			326	176
			327	176
			328	177
			329	177
			330	177
			331	178
			332	179
			333	180
			334	180
			335	181
			336	181
			336	182
			337	182
			338	183
			339	184
			340	185
			341	185
			342	186
		</suture>
		<anterior type=matrix rownames=FALSE colnames=FALSE nrow=249 ncol=2 as.numeric=TRUE >
			190	27
			191	27
			192	27
			193	27
			194	27
			195	27
			196	27
			197	27
			198	27
			199	27
			200	27
			201	27
			202	27
			203	27
			204	28
			205	28
			206	28
			207	28
			208	28
			209	28
			210	28
			211	29
			212	29
			213	29
			214	29
			215	30
			216	30
			217	30
			218	30
			219	31
			220	31
			221	31
			222	32
			223	32
			224	32
			225	32
			225	33
			226	33
			227	33
			228	34
			229	34
			230	34
			231	35
			232	35
			233	36
			234	36
			235	37
			236	37
			237	38
			238	38
			239	39
			240	39
			241	40
			242	40
			243	41
			244	41
			245	42
			246	43
			247	43
			248	43
			248	44
			249	44
			250	45
			251	45
			251	46
			252	46
			253	47
			254	47
			254	48
			255	48
			256	49
			257	49
			257	50
			258	50
			259	51
			260	51
			261	52
			261	53
			262	53
			263	54
			264	54
			264	55
			265	55
			266	56
			267	57
			268	58
			269	59
			270	59
			271	60
			272	61
			273	62
			274	62
			275	63
			275	64
			276	65
			277	66
			278	66
			279	67
			280	68
			281	69
			282	69
			283	70
			284	71
			285	72
			286	73
			287	74
			288	75
			289	76
			289	77
			290	77
			291	78
			292	79
			292	80
			293	81
			294	82
			295	83
			295	84
			296	85
			297	86
			298	87
			298	88
			299	89
			299	90
			300	91
			301	92
			301	93
			302	94
			303	95
			303	96
			304	97
			304	98
			305	99
			306	100
			306	101
			307	102
			308	103
			308	104
			309	105
			309	106
			310	107
			310	108
			311	109
			311	110
			312	111
			312	112
			313	113
			313	114
			314	115
			314	116
			315	117
			315	118
			316	119
			316	120
			317	121
			317	122
			317	123
			318	123
			318	124
			319	125
			319	126
			319	127
			320	128
			320	129
			321	130
			321	131
			322	132
			322	133
			322	134
			323	134
			323	135
			323	136
			324	136
			324	137
			324	138
			325	139
			325	140
			326	141
			326	142
			327	143
			327	144
			327	145
			328	146
			328	147
			329	148
			329	149
			329	150
			330	151
			330	152
			331	153
			331	154
			331	155
			332	156
			332	157
			332	158
			333	159
			333	160
			333	161
			334	162
			334	163
			335	164
			335	165
			335	166
			336	167
			336	168
			336	169
			337	170
			337	171
			337	172
			338	173
			338	174
			338	175
			339	176
			339	177
			340	178
			340	179
			340	180
			341	181
			341	182
			341	183
			342	184
			342	185
			343	186
			343	187
			343	188
			343	189
			343	190
			344	190
			344	191
			344	192
			344	193
			344	194
			344	195
			344	196
			345	196
			345	197
			345	198
			345	199
			345	200
			345	201
			345	202
			346	203
			346	204
			346	205
			346	206
			346	207
			346	208
			346	209
			346	210
			346	211
		</anterior>
		<posterior type=matrix rownames=FALSE colnames=FALSE nrow=175 ncol=2 as.numeric=TRUE >
			190	211
			191	211
			192	211
			193	211
			194	211
			195	211
			196	211
			197	211
			198	212
			199	212
			200	212
			201	212
			202	212
			203	212
			204	212
			205	212
			206	212
			207	212
			208	212
			209	213
			210	213
			211	213
			212	213
			213	213
			214	213
			215	213
			216	213
			217	213
			218	214
			219	214
			220	214
			221	214
			222	214
			223	214
			224	214
			225	214
			226	213
			227	213
			228	212
			229	212
			230	211
			231	211
			232	210
			233	209
			234	209
			235	208
			236	208
			237	208
			238	207
			239	207
			240	207
			241	207
			242	207
			243	207
			244	207
			245	207
			246	207
			247	207
			248	207
			249	207
			250	207
			251	207
			252	207
			253	207
			254	207
			255	207
			256	207
			257	208
			258	208
			259	208
			260	208
			261	208
			262	208
			263	208
			264	208
			264	209
			265	209
			266	209
			267	209
			268	209
			269	209
			270	210
			271	210
			272	210
			273	210
			274	211
			275	211
			276	211
			277	211
			278	211
			279	212
			280	212
			281	212
			282	213
			283	213
			284	213
			285	213
			286	214
			287	214
			288	214
			289	215
			290	215
			291	215
			292	216
			293	216
			294	216
			295	217
			296	217
			297	217
			298	218
			299	218
			300	219
			301	219
			302	219
			303	220
			304	220
			305	220
			305	221
			306	221
			307	222
			308	223
			309	223
			310	223
			310	224
			311	224
			312	224
			313	225
			314	226
			315	226
			316	227
			317	227
			318	228
			319	228
			320	229
			321	230
			322	230
			323	231
			324	231
			325	232
			326	232
			327	232
			328	233
			329	234
			330	234
			331	234
			332	234
			333	234
			334	234
			335	234
			336	233
			337	233
			338	232
			339	232
			339	231
			340	230
			341	230
			342	229
			342	228
			343	227
			344	226
			344	225
			344	224
			345	223
			345	222
			345	221
			346	220
			346	219
			346	218
			346	217
			346	216
			346	215
			346	214
			346	213
			346	212
			346	211
		</posterior>
	</curves.pixel>
	<curves.scaled type=list>
		<glabella type=matrix rownames=FALSE colnames=FALSE nrow=240 ncol=2 as.numeric=TRUE >
			9.29347826086957	-1.32065217391304
			9.34239130434783	-1.32065217391304
			9.39130434782609	-1.32065217391304
			9.44021739130435	-1.32065217391304
			9.48913043478261	-1.32065217391304
			9.53804347826087	-1.32065217391304
			9.58695652173913	-1.32065217391304
			9.63586956521739	-1.32065217391304
			9.68478260869565	-1.32065217391304
			9.73369565217391	-1.32065217391304
			9.78260869565217	-1.32065217391304
			9.83152173913044	-1.32065217391304
			9.8804347826087	-1.32065217391304
			9.92934782608696	-1.32065217391304
			9.97826086956522	-1.3695652173913
			10.0271739130435	-1.3695652173913
			10.0760869565217	-1.3695652173913
			10.125	-1.3695652173913
			10.1739130434783	-1.3695652173913
			10.2228260869565	-1.3695652173913
			10.2717391304348	-1.3695652173913
			10.320652173913	-1.41847826086957
			10.3695652173913	-1.41847826086957
			10.4184782608696	-1.41847826086957
			10.4673913043478	-1.41847826086957
			10.5163043478261	-1.41847826086957
			10.5652173913043	-1.46739130434783
			10.6141304347826	-1.46739130434783
			10.6630434782609	-1.46739130434783
			10.7119565217391	-1.46739130434783
			10.7608695652174	-1.51630434782609
			10.8097826086957	-1.51630434782609
			10.8586956521739	-1.56521739130435
			10.9076086956522	-1.56521739130435
			10.9565217391304	-1.56521739130435
			11.0054347826087	-1.61413043478261
			11.054347826087	-1.61413043478261
			11.1032608695652	-1.61413043478261
			11.1521739130435	-1.66304347826087
			11.2010869565217	-1.66304347826087
			11.25	-1.66304347826087
			11.2989130434783	-1.71195652173913
			11.3478260869565	-1.71195652173913
			11.3967391304348	-1.76086956521739
			11.445652173913	-1.76086956521739
			11.4945652173913	-1.80978260869565
			11.5434782608696	-1.80978260869565
			11.5923913043478	-1.85869565217391
			11.6413043478261	-1.85869565217391
			11.6902173913043	-1.90760869565217
			11.7391304347826	-1.90760869565217
			11.7880434782609	-1.95652173913043
			11.8369565217391	-1.95652173913043
			11.8858695652174	-2.0054347826087
			11.9347826086957	-2.0054347826087
			11.9836956521739	-2.05434782608696
			12.0326086956522	-2.05434782608696
			12.0815217391304	-2.10326086956522
			12.1304347826087	-2.15217391304348
			12.179347826087	-2.15217391304348
			12.2282608695652	-2.20108695652174
			12.2771739130435	-2.20108695652174
			12.3260869565217	-2.25
			12.375	-2.29891304347826
			12.4239130434783	-2.34782608695652
			12.4728260869565	-2.34782608695652
			12.5217391304348	-2.39673913043478
			12.570652173913	-2.44565217391304
			12.6195652173913	-2.44565217391304
			12.6684782608696	-2.4945652173913
			12.7173913043478	-2.54347826086957
			12.7663043478261	-2.54347826086957
			12.8152173913043	-2.59239130434783
			12.8641304347826	-2.64130434782609
			12.9130434782609	-2.69021739130435
			12.9619565217391	-2.69021739130435
			13.0108695652174	-2.73913043478261
			13.0597826086957	-2.78804347826087
			13.1086956521739	-2.83695652173913
			13.1576086956522	-2.83695652173913
			13.2065217391304	-2.88586956521739
			13.2554347826087	-2.93478260869565
			13.304347826087	-2.98369565217391
			13.3532608695652	-3.03260869565217
			13.4021739130435	-3.03260869565217
			13.4510869565217	-3.08152173913044
			13.5	-3.1304347826087
			13.5489130434783	-3.17934782608696
			13.5978260869565	-3.22826086956522
			13.6467391304348	-3.27717391304348
			13.6467391304348	-3.32608695652174
			13.695652173913	-3.32608695652174
			13.695652173913	-3.375
			13.7445652173913	-3.42391304347826
			13.7445652173913	-3.47282608695652
			13.7445652173913	-3.52173913043478
			13.7934782608696	-3.57065217391304
			13.7934782608696	-3.6195652173913
			13.7934782608696	-3.66847826086957
			13.7934782608696	-3.71739130434783
			13.7934782608696	-3.76630434782609
			13.7934782608696	-3.81521739130435
			13.7934782608696	-3.86413043478261
			13.7934782608696	-3.91304347826087
			13.7934782608696	-3.96195652173913
			13.7934782608696	-4.01086956521739
			13.7934782608696	-4.05978260869565
			13.7934782608696	-4.10869565217391
			13.7934782608696	-4.15760869565217
			13.7934782608696	-4.20652173913043
			13.7934782608696	-4.2554347826087
			13.7445652173913	-4.30434782608696
			13.7445652173913	-4.35326086956522
			13.7445652173913	-4.40217391304348
			13.7445652173913	-4.45108695652174
			13.7445652173913	-4.5
			13.695652173913	-4.5
			13.695652173913	-4.54891304347826
			13.695652173913	-4.59782608695652
			13.695652173913	-4.64673913043478
			13.6467391304348	-4.69565217391304
			13.6467391304348	-4.7445652173913
			13.6467391304348	-4.79347826086957
			13.5978260869565	-4.84239130434783
			13.5978260869565	-4.89130434782609
			13.5978260869565	-4.94021739130435
			13.5489130434783	-4.98913043478261
			13.5489130434783	-5.03804347826087
			13.5	-5.08695652173913
			13.5	-5.13586956521739
			13.5	-5.18478260869565
			13.4510869565217	-5.23369565217391
			13.4510869565217	-5.28260869565217
			13.4021739130435	-5.33152173913043
			13.4021739130435	-5.3804347826087
			13.3532608695652	-5.42934782608696
			13.3532608695652	-5.47826086956522
			13.304347826087	-5.52717391304348
			13.304347826087	-5.57608695652174
			13.2554347826087	-5.57608695652174
			13.2554347826087	-5.625
			13.2065217391304	-5.67391304347826
			13.2065217391304	-5.72282608695652
			13.1576086956522	-5.77173913043478
			13.1576086956522	-5.82065217391304
			13.1086956521739	-5.8695652173913
			13.0597826086957	-5.91847826086957
			13.0597826086957	-5.96739130434783
			13.0108695652174	-6.01630434782609
			13.0108695652174	-6.06521739130435
			12.9619565217391	-6.11413043478261
			12.9619565217391	-6.16304347826087
			12.9130434782609	-6.21195652173913
			12.8641304347826	-6.26086956521739
			12.8641304347826	-6.30978260869565
			12.8152173913043	-6.35869565217391
			12.8152173913043	-6.40760869565217
			12.7663043478261	-6.40760869565217
			12.7173913043478	-6.45652173913044
			12.7173913043478	-6.5054347826087
			12.6684782608696	-6.55434782608696
			12.6684782608696	-6.60326086956522
			12.6195652173913	-6.65217391304348
			12.570652173913	-6.70108695652174
			12.5217391304348	-6.75
			12.5217391304348	-6.79891304347826
			12.4728260869565	-6.84782608695652
			12.4239130434783	-6.89673913043478
			12.375	-6.94565217391304
			12.375	-6.9945652173913
			12.3260869565217	-7.04347826086957
			12.3260869565217	-7.09239130434783
			12.2771739130435	-7.09239130434783
			12.2771739130435	-7.14130434782609
			12.2282608695652	-7.19021739130435
			12.179347826087	-7.23913043478261
			12.1304347826087	-7.28804347826087
			12.1304347826087	-7.33695652173913
			12.0815217391304	-7.38586956521739
			12.0326086956522	-7.43478260869565
			11.9836956521739	-7.48369565217391
			11.9347826086957	-7.53260869565217
			11.9347826086957	-7.58152173913044
			11.8858695652174	-7.6304347826087
			11.8369565217391	-7.67934782608696
			11.7880434782609	-7.72826086956522
			11.7391304347826	-7.77717391304348
			11.7391304347826	-7.82608695652174
			11.6902173913043	-7.875
			11.6413043478261	-7.92391304347826
			11.5923913043478	-7.97282608695652
			11.5434782608696	-8.02173913043478
			11.5434782608696	-8.07065217391304
			11.4945652173913	-8.1195652173913
			11.445652173913	-8.16847826086957
			11.3967391304348	-8.21739130434783
			11.3478260869565	-8.26630434782609
			11.3967391304348	-8.31521739130435
			11.3967391304348	-8.36413043478261
			11.445652173913	-8.41304347826087
			11.445652173913	-8.46195652173913
			11.445652173913	-8.51086956521739
			11.445652173913	-8.55978260869565
			11.445652173913	-8.60869565217391
			11.445652173913	-8.65760869565217
			11.445652173913	-8.70652173913044
			11.445652173913	-8.7554347826087
			11.445652173913	-8.80434782608696
			11.445652173913	-8.85326086956522
			11.445652173913	-8.90217391304348
			11.3967391304348	-8.95108695652174
			11.3967391304348	-9
			11.3967391304348	-9.04891304347826
			11.3478260869565	-9.09782608695652
			11.3478260869565	-9.14673913043478
			11.3967391304348	-9.14673913043478
			11.3967391304348	-9.19565217391304
			11.445652173913	-9.19565217391304
			11.4945652173913	-9.19565217391304
			11.4945652173913	-9.2445652173913
			11.5434782608696	-9.2445652173913
			11.5434782608696	-9.29347826086957
			11.5923913043478	-9.29347826086957
			11.5923913043478	-9.34239130434783
			11.6413043478261	-9.34239130434783
			11.6413043478261	-9.39130434782609
			11.6902173913043	-9.44021739130435
			11.6902173913043	-9.48913043478261
			11.7391304347826	-9.53804347826087
			11.7391304347826	-9.58695652173913
			11.7391304347826	-9.63586956521739
			11.7391304347826	-9.68478260869565
			11.7391304347826	-9.73369565217391
			11.7391304347826	-9.78260869565217
			11.7391304347826	-9.83152173913044
			11.7391304347826	-9.8804347826087
			11.7391304347826	-9.92934782608696
			11.7391304347826	-9.97826086956522
			11.7391304347826	-10.0271739130435
			11.7391304347826	-10.0760869565217
		</glabella>
		<suture type=matrix rownames=FALSE colnames=FALSE nrow=309 ncol=2 as.numeric=TRUE >
			9.29347826086957	-1.32065217391304
			9.34239130434783	-1.32065217391304
			9.39130434782609	-1.32065217391304
			9.44021739130435	-1.32065217391304
			9.48913043478261	-1.32065217391304
			9.53804347826087	-1.32065217391304
			9.58695652173913	-1.32065217391304
			9.63586956521739	-1.32065217391304
			9.68478260869565	-1.32065217391304
			9.73369565217391	-1.32065217391304
			9.78260869565217	-1.32065217391304
			9.83152173913044	-1.32065217391304
			9.8804347826087	-1.32065217391304
			9.92934782608696	-1.32065217391304
			9.97826086956522	-1.3695652173913
			10.0271739130435	-1.3695652173913
			10.0760869565217	-1.3695652173913
			10.125	-1.3695652173913
			10.1739130434783	-1.3695652173913
			10.2228260869565	-1.3695652173913
			10.2717391304348	-1.41847826086957
			10.320652173913	-1.41847826086957
			10.3695652173913	-1.41847826086957
			10.4184782608696	-1.41847826086957
			10.4673913043478	-1.41847826086957
			10.5163043478261	-1.46739130434783
			10.5652173913043	-1.46739130434783
			10.6141304347826	-1.46739130434783
			10.6630434782609	-1.46739130434783
			10.7119565217391	-1.51630434782609
			10.7608695652174	-1.51630434782609
			10.8097826086957	-1.51630434782609
			10.8586956521739	-1.56521739130435
			10.9076086956522	-1.56521739130435
			10.9565217391304	-1.56521739130435
			11.0054347826087	-1.61413043478261
			11.054347826087	-1.61413043478261
			11.1032608695652	-1.61413043478261
			11.1521739130435	-1.66304347826087
			11.2010869565217	-1.66304347826087
			11.25	-1.66304347826087
			11.2989130434783	-1.71195652173913
			11.3478260869565	-1.71195652173913
			11.3967391304348	-1.76086956521739
			11.445652173913	-1.76086956521739
			11.4945652173913	-1.80978260869565
			11.5434782608696	-1.80978260869565
			11.5923913043478	-1.85869565217391
			11.6413043478261	-1.85869565217391
			11.6902173913043	-1.90760869565217
			11.7391304347826	-1.90760869565217
			11.7880434782609	-1.95652173913043
			11.8369565217391	-1.95652173913043
			11.8858695652174	-2.0054347826087
			11.9347826086957	-2.0054347826087
			11.9836956521739	-2.05434782608696
			12.0326086956522	-2.05434782608696
			12.0815217391304	-2.10326086956522
			12.1304347826087	-2.15217391304348
			12.179347826087	-2.15217391304348
			12.2282608695652	-2.20108695652174
			12.2771739130435	-2.20108695652174
			12.3260869565217	-2.25
			12.375	-2.29891304347826
			12.4239130434783	-2.29891304347826
			12.4728260869565	-2.34782608695652
			12.5217391304348	-2.39673913043478
			12.570652173913	-2.39673913043478
			12.6195652173913	-2.44565217391304
			12.6684782608696	-2.4945652173913
			12.7173913043478	-2.54347826086957
			12.7663043478261	-2.54347826086957
			12.8152173913043	-2.59239130434783
			12.8641304347826	-2.64130434782609
			12.9130434782609	-2.69021739130435
			12.9619565217391	-2.69021739130435
			13.0108695652174	-2.73913043478261
			13.0597826086957	-2.78804347826087
			13.1086956521739	-2.83695652173913
			13.1576086956522	-2.88586956521739
			13.2065217391304	-2.88586956521739
			13.2554347826087	-2.93478260869565
			13.304347826087	-2.98369565217391
			13.3532608695652	-3.03260869565217
			13.4021739130435	-3.08152173913044
			13.4510869565217	-3.1304347826087
			13.5	-3.17934782608696
			13.5489130434783	-3.22826086956522
			13.5978260869565	-3.27717391304348
			13.6467391304348	-3.32608695652174
			13.695652173913	-3.32608695652174
			13.695652173913	-3.375
			13.7445652173913	-3.42391304347826
			13.7445652173913	-3.47282608695652
			13.7445652173913	-3.52173913043478
			13.7934782608696	-3.57065217391304
			13.7934782608696	-3.6195652173913
			13.7934782608696	-3.66847826086957
			13.7934782608696	-3.71739130434783
			13.7934782608696	-3.76630434782609
			13.7934782608696	-3.81521739130435
			13.7934782608696	-3.86413043478261
			13.7934782608696	-3.91304347826087
			13.7934782608696	-3.96195652173913
			13.7934782608696	-4.01086956521739
			13.7934782608696	-4.05978260869565
			13.7934782608696	-4.10869565217391
			13.7934782608696	-4.15760869565217
			13.7934782608696	-4.20652173913043
			13.7934782608696	-4.2554347826087
			13.7934782608696	-4.30434782608696
			13.7934782608696	-4.35326086956522
			13.7934782608696	-4.40217391304348
			13.7934782608696	-4.45108695652174
			13.7934782608696	-4.5
			13.7934782608696	-4.54891304347826
			13.7934782608696	-4.59782608695652
			13.7934782608696	-4.64673913043478
			13.7934782608696	-4.69565217391304
			13.7445652173913	-4.7445652173913
			13.7445652173913	-4.79347826086957
			13.7445652173913	-4.84239130434783
			13.7445652173913	-4.89130434782609
			13.7445652173913	-4.94021739130435
			13.7445652173913	-4.98913043478261
			13.695652173913	-5.03804347826087
			13.695652173913	-5.08695652173913
			13.695652173913	-5.13586956521739
			13.695652173913	-5.18478260869565
			13.695652173913	-5.23369565217391
			13.6467391304348	-5.28260869565217
			13.5978260869565	-5.33152173913043
			13.5489130434783	-5.33152173913043
			13.5	-5.33152173913043
			13.4510869565217	-5.3804347826087
			13.4021739130435	-5.42934782608696
			13.3532608695652	-5.47826086956522
			13.3532608695652	-5.52717391304348
			13.3532608695652	-5.57608695652174
			13.304347826087	-5.625
			13.3532608695652	-5.67391304347826
			13.4021739130435	-5.72282608695652
			13.4510869565217	-5.72282608695652
			13.5	-5.72282608695652
			13.5489130434783	-5.77173913043478
			13.5978260869565	-5.77173913043478
			13.6467391304348	-5.82065217391304
			13.695652173913	-5.82065217391304
			13.7445652173913	-5.8695652173913
			13.7934782608696	-5.91847826086957
			13.8423913043478	-5.91847826086957
			13.8913043478261	-5.96739130434783
			13.9402173913043	-6.01630434782609
			13.9891304347826	-6.06521739130435
			14.0380434782609	-6.11413043478261
			14.0869565217391	-6.16304347826087
			14.1358695652174	-6.16304347826087
			14.1358695652174	-6.21195652173913
			14.1847826086957	-6.26086956521739
			14.2336956521739	-6.30978260869565
			14.2826086956522	-6.35869565217391
			14.2826086956522	-6.40760869565217
			14.3315217391304	-6.45652173913044
			14.3804347826087	-6.5054347826087
			14.3804347826087	-6.55434782608696
			14.429347826087	-6.60326086956522
			14.429347826087	-6.65217391304348
			14.429347826087	-6.70108695652174
			14.4782608695652	-6.75
			14.4782608695652	-6.79891304347826
			14.5271739130435	-6.84782608695652
			14.5271739130435	-6.89673913043478
			14.5271739130435	-6.94565217391304
			14.5271739130435	-6.9945652173913
			14.5760869565217	-7.04347826086957
			14.5760869565217	-7.09239130434783
			14.5760869565217	-7.14130434782609
			14.5760869565217	-7.19021739130435
			14.5760869565217	-7.23913043478261
			14.5760869565217	-7.28804347826087
			14.5760869565217	-7.33695652173913
			14.5760869565217	-7.38586956521739
			14.5760869565217	-7.43478260869565
			14.5760869565217	-7.48369565217391
			14.5271739130435	-7.53260869565217
			14.5271739130435	-7.58152173913044
			14.5271739130435	-7.6304347826087
			14.5271739130435	-7.67934782608696
			14.5271739130435	-7.72826086956522
			14.5271739130435	-7.77717391304348
			14.4782608695652	-7.77717391304348
			14.4782608695652	-7.82608695652174
			14.4782608695652	-7.875
			14.429347826087	-7.92391304347826
			14.429347826087	-7.97282608695652
			14.429347826087	-8.02173913043478
			14.3804347826087	-8.07065217391304
			14.3804347826087	-8.1195652173913
			14.3804347826087	-8.16847826086957
			14.3315217391304	-8.21739130434783
			14.3315217391304	-8.26630434782609
			14.2826086956522	-8.26630434782609
			14.2826086956522	-8.31521739130435
			14.2336956521739	-8.36413043478261
			14.1847826086957	-8.41304347826087
			14.1358695652174	-8.46195652173913
			14.0869565217391	-8.51086956521739
			14.0380434782609	-8.55978260869565
			13.9891304347826	-8.60869565217391
			13.9402173913043	-8.60869565217391
			13.8913043478261	-8.65760869565217
			13.8423913043478	-8.65760869565217
			13.7934782608696	-8.70652173913044
			13.7445652173913	-8.7554347826087
			13.695652173913	-8.7554347826087
			13.6467391304348	-8.80434782608696
			13.5978260869565	-8.80434782608696
			13.5489130434783	-8.80434782608696
			13.5	-8.85326086956522
			13.4510869565217	-8.85326086956522
			13.4021739130435	-8.85326086956522
			13.3532608695652	-8.85326086956522
			13.304347826087	-8.85326086956522
			13.2554347826087	-8.90217391304348
			13.2065217391304	-8.90217391304348
			13.1576086956522	-8.90217391304348
			13.1086956521739	-8.90217391304348
			13.0597826086957	-8.90217391304348
			13.0597826086957	-8.95108695652174
			13.0108695652174	-8.95108695652174
			13.0108695652174	-9
			13.0108695652174	-9.04891304347826
			13.0597826086957	-9.09782608695652
			13.1086956521739	-9.14673913043478
			13.1576086956522	-9.19565217391304
			13.2065217391304	-9.19565217391304
			13.2554347826087	-9.2445652173913
			13.304347826087	-9.29347826086957
			13.3532608695652	-9.29347826086957
			13.4021739130435	-9.29347826086957
			13.4510869565217	-9.34239130434783
			13.5	-9.34239130434783
			13.5489130434783	-9.34239130434783
			13.5978260869565	-9.34239130434783
			13.6467391304348	-9.34239130434783
			13.695652173913	-9.34239130434783
			13.7445652173913	-9.34239130434783
			13.7934782608696	-9.34239130434783
			13.8423913043478	-9.34239130434783
			13.8913043478261	-9.34239130434783
			13.9402173913043	-9.34239130434783
			13.9891304347826	-9.34239130434783
			14.0380434782609	-9.34239130434783
			14.0869565217391	-9.34239130434783
			14.1358695652174	-9.34239130434783
			14.1847826086957	-9.34239130434783
			14.2336956521739	-9.34239130434783
			14.2826086956522	-9.34239130434783
			14.3315217391304	-9.29347826086957
			14.3804347826087	-9.29347826086957
			14.429347826087	-9.29347826086957
			14.4782608695652	-9.2445652173913
			14.5271739130435	-9.2445652173913
			14.5760869565217	-9.2445652173913
			14.625	-9.2445652173913
			14.6739130434783	-9.19565217391304
			14.7228260869565	-9.19565217391304
			14.7717391304348	-9.14673913043478
			14.820652173913	-9.14673913043478
			14.8695652173913	-9.09782608695652
			14.9184782608696	-9.09782608695652
			14.9673913043478	-9.04891304347826
			15.0163043478261	-9.04891304347826
			15.0652173913043	-9
			15.1141304347826	-8.95108695652174
			15.1630434782609	-8.95108695652174
			15.2119565217391	-8.90217391304348
			15.2608695652174	-8.85326086956522
			15.3097826086957	-8.80434782608696
			15.3586956521739	-8.7554347826087
			15.4076086956522	-8.70652173913044
			15.4565217391304	-8.70652173913044
			15.5054347826087	-8.65760869565217
			15.554347826087	-8.60869565217391
			15.6032608695652	-8.55978260869565
			15.6521739130435	-8.55978260869565
			15.7010869565217	-8.55978260869565
			15.75	-8.55978260869565
			15.7989130434783	-8.55978260869565
			15.8478260869565	-8.55978260869565
			15.8967391304348	-8.55978260869565
			15.945652173913	-8.60869565217391
			15.9945652173913	-8.60869565217391
			16.0434782608696	-8.65760869565217
			16.0923913043478	-8.65760869565217
			16.1413043478261	-8.65760869565217
			16.1902173913043	-8.70652173913044
			16.2391304347826	-8.7554347826087
			16.2880434782609	-8.80434782608696
			16.3369565217391	-8.80434782608696
			16.3858695652174	-8.85326086956522
			16.4347826086957	-8.85326086956522
			16.4347826086957	-8.90217391304348
			16.4836956521739	-8.90217391304348
			16.5326086956522	-8.95108695652174
			16.5815217391304	-9
			16.6304347826087	-9.04891304347826
			16.679347826087	-9.04891304347826
			16.7282608695652	-9.09782608695652
		</suture>
		<anterior type=matrix rownames=FALSE colnames=FALSE nrow=249 ncol=2 as.numeric=TRUE >
			9.29347826086957	-1.32065217391304
			9.34239130434783	-1.32065217391304
			9.39130434782609	-1.32065217391304
			9.44021739130435	-1.32065217391304
			9.48913043478261	-1.32065217391304
			9.53804347826087	-1.32065217391304
			9.58695652173913	-1.32065217391304
			9.63586956521739	-1.32065217391304
			9.68478260869565	-1.32065217391304
			9.73369565217391	-1.32065217391304
			9.78260869565217	-1.32065217391304
			9.83152173913044	-1.32065217391304
			9.8804347826087	-1.32065217391304
			9.92934782608696	-1.32065217391304
			9.97826086956522	-1.3695652173913
			10.0271739130435	-1.3695652173913
			10.0760869565217	-1.3695652173913
			10.125	-1.3695652173913
			10.1739130434783	-1.3695652173913
			10.2228260869565	-1.3695652173913
			10.2717391304348	-1.3695652173913
			10.320652173913	-1.41847826086957
			10.3695652173913	-1.41847826086957
			10.4184782608696	-1.41847826086957
			10.4673913043478	-1.41847826086957
			10.5163043478261	-1.46739130434783
			10.5652173913043	-1.46739130434783
			10.6141304347826	-1.46739130434783
			10.6630434782609	-1.46739130434783
			10.7119565217391	-1.51630434782609
			10.7608695652174	-1.51630434782609
			10.8097826086957	-1.51630434782609
			10.8586956521739	-1.56521739130435
			10.9076086956522	-1.56521739130435
			10.9565217391304	-1.56521739130435
			11.0054347826087	-1.56521739130435
			11.0054347826087	-1.61413043478261
			11.054347826087	-1.61413043478261
			11.1032608695652	-1.61413043478261
			11.1521739130435	-1.66304347826087
			11.2010869565217	-1.66304347826087
			11.25	-1.66304347826087
			11.2989130434783	-1.71195652173913
			11.3478260869565	-1.71195652173913
			11.3967391304348	-1.76086956521739
			11.445652173913	-1.76086956521739
			11.4945652173913	-1.80978260869565
			11.5434782608696	-1.80978260869565
			11.5923913043478	-1.85869565217391
			11.6413043478261	-1.85869565217391
			11.6902173913043	-1.90760869565217
			11.7391304347826	-1.90760869565217
			11.7880434782609	-1.95652173913043
			11.8369565217391	-1.95652173913043
			11.8858695652174	-2.0054347826087
			11.9347826086957	-2.0054347826087
			11.9836956521739	-2.05434782608696
			12.0326086956522	-2.10326086956522
			12.0815217391304	-2.10326086956522
			12.1304347826087	-2.10326086956522
			12.1304347826087	-2.15217391304348
			12.179347826087	-2.15217391304348
			12.2282608695652	-2.20108695652174
			12.2771739130435	-2.20108695652174
			12.2771739130435	-2.25
			12.3260869565217	-2.25
			12.375	-2.29891304347826
			12.4239130434783	-2.29891304347826
			12.4239130434783	-2.34782608695652
			12.4728260869565	-2.34782608695652
			12.5217391304348	-2.39673913043478
			12.570652173913	-2.39673913043478
			12.570652173913	-2.44565217391304
			12.6195652173913	-2.44565217391304
			12.6684782608696	-2.4945652173913
			12.7173913043478	-2.4945652173913
			12.7663043478261	-2.54347826086957
			12.7663043478261	-2.59239130434783
			12.8152173913043	-2.59239130434783
			12.8641304347826	-2.64130434782609
			12.9130434782609	-2.64130434782609
			12.9130434782609	-2.69021739130435
			12.9619565217391	-2.69021739130435
			13.0108695652174	-2.73913043478261
			13.0597826086957	-2.78804347826087
			13.1086956521739	-2.83695652173913
			13.1576086956522	-2.88586956521739
			13.2065217391304	-2.88586956521739
			13.2554347826087	-2.93478260869565
			13.304347826087	-2.98369565217391
			13.3532608695652	-3.03260869565217
			13.4021739130435	-3.03260869565217
			13.4510869565217	-3.08152173913044
			13.4510869565217	-3.1304347826087
			13.5	-3.17934782608696
			13.5489130434783	-3.22826086956522
			13.5978260869565	-3.22826086956522
			13.6467391304348	-3.27717391304348
			13.695652173913	-3.32608695652174
			13.7445652173913	-3.375
			13.7934782608696	-3.375
			13.8423913043478	-3.42391304347826
			13.8913043478261	-3.47282608695652
			13.9402173913043	-3.52173913043478
			13.9891304347826	-3.57065217391304
			14.0380434782609	-3.6195652173913
			14.0869565217391	-3.66847826086957
			14.1358695652174	-3.71739130434783
			14.1358695652174	-3.76630434782609
			14.1847826086957	-3.76630434782609
			14.2336956521739	-3.81521739130435
			14.2826086956522	-3.86413043478261
			14.2826086956522	-3.91304347826087
			14.3315217391304	-3.96195652173913
			14.3804347826087	-4.01086956521739
			14.429347826087	-4.05978260869565
			14.429347826087	-4.10869565217391
			14.4782608695652	-4.15760869565217
			14.5271739130435	-4.20652173913043
			14.5760869565217	-4.2554347826087
			14.5760869565217	-4.30434782608696
			14.625	-4.35326086956522
			14.625	-4.40217391304348
			14.6739130434783	-4.45108695652174
			14.7228260869565	-4.5
			14.7228260869565	-4.54891304347826
			14.7717391304348	-4.59782608695652
			14.820652173913	-4.64673913043478
			14.820652173913	-4.69565217391304
			14.8695652173913	-4.7445652173913
			14.8695652173913	-4.79347826086957
			14.9184782608696	-4.84239130434783
			14.9673913043478	-4.89130434782609
			14.9673913043478	-4.94021739130435
			15.0163043478261	-4.98913043478261
			15.0652173913043	-5.03804347826087
			15.0652173913043	-5.08695652173913
			15.1141304347826	-5.13586956521739
			15.1141304347826	-5.18478260869565
			15.1630434782609	-5.23369565217391
			15.1630434782609	-5.28260869565217
			15.2119565217391	-5.33152173913043
			15.2119565217391	-5.3804347826087
			15.2608695652174	-5.42934782608696
			15.2608695652174	-5.47826086956522
			15.3097826086957	-5.52717391304348
			15.3097826086957	-5.57608695652174
			15.3586956521739	-5.625
			15.3586956521739	-5.67391304347826
			15.4076086956522	-5.72282608695652
			15.4076086956522	-5.77173913043478
			15.4565217391304	-5.82065217391304
			15.4565217391304	-5.8695652173913
			15.5054347826087	-5.91847826086957
			15.5054347826087	-5.96739130434783
			15.5054347826087	-6.01630434782609
			15.554347826087	-6.01630434782609
			15.554347826087	-6.06521739130435
			15.6032608695652	-6.11413043478261
			15.6032608695652	-6.16304347826087
			15.6032608695652	-6.21195652173913
			15.6521739130435	-6.26086956521739
			15.6521739130435	-6.30978260869565
			15.7010869565217	-6.35869565217391
			15.7010869565217	-6.40760869565217
			15.75	-6.45652173913044
			15.75	-6.5054347826087
			15.75	-6.55434782608696
			15.7989130434783	-6.55434782608696
			15.7989130434783	-6.60326086956522
			15.7989130434783	-6.65217391304348
			15.8478260869565	-6.65217391304348
			15.8478260869565	-6.70108695652174
			15.8478260869565	-6.75
			15.8967391304348	-6.79891304347826
			15.8967391304348	-6.84782608695652
			15.945652173913	-6.89673913043478
			15.945652173913	-6.94565217391304
			15.9945652173913	-6.9945652173913
			15.9945652173913	-7.04347826086957
			15.9945652173913	-7.09239130434783
			16.0434782608696	-7.14130434782609
			16.0434782608696	-7.19021739130435
			16.0923913043478	-7.23913043478261
			16.0923913043478	-7.28804347826087
			16.0923913043478	-7.33695652173913
			16.1413043478261	-7.38586956521739
			16.1413043478261	-7.43478260869565
			16.1902173913043	-7.48369565217391
			16.1902173913043	-7.53260869565217
			16.1902173913043	-7.58152173913044
			16.2391304347826	-7.6304347826087
			16.2391304347826	-7.67934782608696
			16.2391304347826	-7.72826086956522
			16.2880434782609	-7.77717391304348
			16.2880434782609	-7.82608695652174
			16.2880434782609	-7.875
			16.3369565217391	-7.92391304347826
			16.3369565217391	-7.97282608695652
			16.3858695652174	-8.02173913043478
			16.3858695652174	-8.07065217391304
			16.3858695652174	-8.1195652173913
			16.4347826086957	-8.16847826086957
			16.4347826086957	-8.21739130434783
			16.4347826086957	-8.26630434782609
			16.4836956521739	-8.31521739130435
			16.4836956521739	-8.36413043478261
			16.4836956521739	-8.41304347826087
			16.5326086956522	-8.46195652173913
			16.5326086956522	-8.51086956521739
			16.5326086956522	-8.55978260869565
			16.5815217391304	-8.60869565217391
			16.5815217391304	-8.65760869565217
			16.6304347826087	-8.70652173913044
			16.6304347826087	-8.7554347826087
			16.6304347826087	-8.80434782608696
			16.679347826087	-8.85326086956522
			16.679347826087	-8.90217391304348
			16.679347826087	-8.95108695652174
			16.7282608695652	-9
			16.7282608695652	-9.04891304347826
			16.7771739130435	-9.09782608695652
			16.7771739130435	-9.14673913043478
			16.7771739130435	-9.19565217391304
			16.7771739130435	-9.2445652173913
			16.7771739130435	-9.29347826086957
			16.8260869565217	-9.29347826086957
			16.8260869565217	-9.34239130434783
			16.8260869565217	-9.39130434782609
			16.8260869565217	-9.44021739130435
			16.8260869565217	-9.48913043478261
			16.8260869565217	-9.53804347826087
			16.8260869565217	-9.58695652173913
			16.875	-9.58695652173913
			16.875	-9.63586956521739
			16.875	-9.68478260869565
			16.875	-9.73369565217391
			16.875	-9.78260869565217
			16.875	-9.83152173913044
			16.875	-9.8804347826087
			16.9239130434783	-9.92934782608696
			16.9239130434783	-9.97826086956522
			16.9239130434783	-10.0271739130435
			16.9239130434783	-10.0760869565217
			16.9239130434783	-10.125
			16.9239130434783	-10.1739130434783
			16.9239130434783	-10.2228260869565
			16.9239130434783	-10.2717391304348
			16.9239130434783	-10.320652173913
		</anterior>
		<posterior type=matrix rownames=FALSE colnames=FALSE nrow=175 ncol=2 as.numeric=TRUE >
			9.29347826086957	-10.320652173913
			9.34239130434783	-10.320652173913
			9.39130434782609	-10.320652173913
			9.44021739130435	-10.320652173913
			9.48913043478261	-10.320652173913
			9.53804347826087	-10.320652173913
			9.58695652173913	-10.320652173913
			9.63586956521739	-10.320652173913
			9.68478260869565	-10.3695652173913
			9.73369565217391	-10.3695652173913
			9.78260869565217	-10.3695652173913
			9.83152173913044	-10.3695652173913
			9.8804347826087	-10.3695652173913
			9.92934782608696	-10.3695652173913
			9.97826086956522	-10.3695652173913
			10.0271739130435	-10.3695652173913
			10.0760869565217	-10.3695652173913
			10.125	-10.3695652173913
			10.1739130434783	-10.3695652173913
			10.2228260869565	-10.4184782608696
			10.2717391304348	-10.4184782608696
			10.320652173913	-10.4184782608696
			10.3695652173913	-10.4184782608696
			10.4184782608696	-10.4184782608696
			10.4673913043478	-10.4184782608696
			10.5163043478261	-10.4184782608696
			10.5652173913043	-10.4184782608696
			10.6141304347826	-10.4184782608696
			10.6630434782609	-10.4673913043478
			10.7119565217391	-10.4673913043478
			10.7608695652174	-10.4673913043478
			10.8097826086957	-10.4673913043478
			10.8586956521739	-10.4673913043478
			10.9076086956522	-10.4673913043478
			10.9565217391304	-10.4673913043478
			11.0054347826087	-10.4673913043478
			11.054347826087	-10.4184782608696
			11.1032608695652	-10.4184782608696
			11.1521739130435	-10.3695652173913
			11.2010869565217	-10.3695652173913
			11.25	-10.320652173913
			11.2989130434783	-10.320652173913
			11.3478260869565	-10.2717391304348
			11.3967391304348	-10.2228260869565
			11.445652173913	-10.2228260869565
			11.4945652173913	-10.1739130434783
			11.5434782608696	-10.1739130434783
			11.5923913043478	-10.1739130434783
			11.6413043478261	-10.125
			11.6902173913043	-10.125
			11.7391304347826	-10.125
			11.7880434782609	-10.125
			11.8369565217391	-10.125
			11.8858695652174	-10.125
			11.9347826086957	-10.125
			11.9836956521739	-10.125
			12.0326086956522	-10.125
			12.0815217391304	-10.125
			12.1304347826087	-10.125
			12.179347826087	-10.125
			12.2282608695652	-10.125
			12.2771739130435	-10.125
			12.3260869565217	-10.125
			12.375	-10.125
			12.4239130434783	-10.125
			12.4728260869565	-10.125
			12.5217391304348	-10.125
			12.570652173913	-10.1739130434783
			12.6195652173913	-10.1739130434783
			12.6684782608696	-10.1739130434783
			12.7173913043478	-10.1739130434783
			12.7663043478261	-10.1739130434783
			12.8152173913043	-10.1739130434783
			12.8641304347826	-10.1739130434783
			12.9130434782609	-10.1739130434783
			12.9130434782609	-10.2228260869565
			12.9619565217391	-10.2228260869565
			13.0108695652174	-10.2228260869565
			13.0597826086957	-10.2228260869565
			13.1086956521739	-10.2228260869565
			13.1576086956522	-10.2228260869565
			13.2065217391304	-10.2717391304348
			13.2554347826087	-10.2717391304348
			13.304347826087	-10.2717391304348
			13.3532608695652	-10.2717391304348
			13.4021739130435	-10.320652173913
			13.4510869565217	-10.320652173913
			13.5	-10.320652173913
			13.5489130434783	-10.320652173913
			13.5978260869565	-10.320652173913
			13.6467391304348	-10.3695652173913
			13.695652173913	-10.3695652173913
			13.7445652173913	-10.3695652173913
			13.7934782608696	-10.4184782608696
			13.8423913043478	-10.4184782608696
			13.8913043478261	-10.4184782608696
			13.9402173913043	-10.4184782608696
			13.9891304347826	-10.4673913043478
			14.0380434782609	-10.4673913043478
			14.0869565217391	-10.4673913043478
			14.1358695652174	-10.5163043478261
			14.1847826086957	-10.5163043478261
			14.2336956521739	-10.5163043478261
			14.2826086956522	-10.5652173913043
			14.3315217391304	-10.5652173913043
			14.3804347826087	-10.5652173913043
			14.429347826087	-10.6141304347826
			14.4782608695652	-10.6141304347826
			14.5271739130435	-10.6141304347826
			14.5760869565217	-10.6630434782609
			14.625	-10.6630434782609
			14.6739130434783	-10.7119565217391
			14.7228260869565	-10.7119565217391
			14.7717391304348	-10.7119565217391
			14.820652173913	-10.7608695652174
			14.8695652173913	-10.7608695652174
			14.9184782608696	-10.7608695652174
			14.9184782608696	-10.8097826086957
			14.9673913043478	-10.8097826086957
			15.0163043478261	-10.8586956521739
			15.0652173913043	-10.9076086956522
			15.1141304347826	-10.9076086956522
			15.1630434782609	-10.9076086956522
			15.1630434782609	-10.9565217391304
			15.2119565217391	-10.9565217391304
			15.2608695652174	-10.9565217391304
			15.3097826086957	-11.0054347826087
			15.3586956521739	-11.054347826087
			15.4076086956522	-11.054347826087
			15.4565217391304	-11.1032608695652
			15.5054347826087	-11.1032608695652
			15.554347826087	-11.1521739130435
			15.6032608695652	-11.1521739130435
			15.6521739130435	-11.2010869565217
			15.7010869565217	-11.25
			15.75	-11.25
			15.7989130434783	-11.2989130434783
			15.8478260869565	-11.2989130434783
			15.8967391304348	-11.3478260869565
			15.945652173913	-11.3478260869565
			15.9945652173913	-11.3478260869565
			16.0434782608696	-11.3967391304348
			16.0923913043478	-11.445652173913
			16.1413043478261	-11.445652173913
			16.1902173913043	-11.445652173913
			16.2391304347826	-11.445652173913
			16.2880434782609	-11.445652173913
			16.3369565217391	-11.445652173913
			16.3858695652174	-11.445652173913
			16.4347826086957	-11.3967391304348
			16.4836956521739	-11.3967391304348
			16.5326086956522	-11.3478260869565
			16.5815217391304	-11.3478260869565
			16.5815217391304	-11.2989130434783
			16.6304347826087	-11.25
			16.679347826087	-11.25
			16.7282608695652	-11.2010869565217
			16.7282608695652	-11.1521739130435
			16.7771739130435	-11.1032608695652
			16.8260869565217	-11.054347826087
			16.8260869565217	-11.0054347826087
			16.8260869565217	-10.9565217391304
			16.875	-10.9076086956522
			16.875	-10.8586956521739
			16.875	-10.8097826086957
			16.9239130434783	-10.7608695652174
			16.9239130434783	-10.7119565217391
			16.9239130434783	-10.6630434782609
			16.9239130434783	-10.6141304347826
			16.9239130434783	-10.5652173913043
			16.9239130434783	-10.5163043478261
			16.9239130434783	-10.4673913043478
			16.9239130434783	-10.4184782608696
			16.9239130434783	-10.3695652173913
			16.9239130434783	-10.320652173913
		</posterior>
	</curves.scaled>
	<ruler.points type=matrix rownames=TRUE colnames=FALSE nrow=2 ncol=2 as.numeric=TRUE >
		Ruler point 1	137	27
		Ruler point 2	137	211
	</ruler.points>
</shapes>

