<shapes type=list>
	<ruler.pixel type=vector names=FALSE length=1 as.numeric=TRUE >88.0056816347672</ruler.pixel>
	<ruler.interval type=vector names=FALSE length=1 as.numeric=TRUE >5</ruler.interval>
	<scaling.units type=vector names=FALSE length=1 as.numeric=FALSE >mm</scaling.units>
	<scaling type=vector names=FALSE length=1 as.numeric=TRUE >0.0568145136441363</scaling>
	<landmarks.pixel type=matrix rownames=TRUE colnames=FALSE nrow=16 ncol=2 as.numeric=TRUE >
		LM1	1369	1924
		LM2	1369	1924
		LM3	1369	2175
		LM4	1369	2198
		LM5	1545	2006
		LM6	1428	2176
		LM7	1428	2198
		LM8	1550	2020
		LM9	1564	2068
		LM10	1369	1924
		LM11	1597	2071
		LM12	1627	2107
		LM13	1369	1924
		LM14	1583	2048
		LM15	1640	2198
		LM16	1639	2226
	</landmarks.pixel>
	<landmarks.scaled type=matrix rownames=TRUE colnames=FALSE nrow=16 ncol=2 as.numeric=TRUE >
		LM1	77.7790691788227	-109.311124251318
		LM2	77.7790691788227	-109.311124251318
		LM3	77.7790691788227	-123.571567175997
		LM4	77.7790691788227	-124.878300989812
		LM5	87.7784235801906	-113.969914370138
		LM6	81.1311254838267	-123.628381689641
		LM7	81.1311254838267	-124.878300989812
		LM8	88.0624961484113	-114.765317561155
		LM9	88.8578993394292	-117.492414216074
		LM10	77.7790691788227	-109.311124251318
		LM11	90.7327782896857	-117.662857757006
		LM12	92.4372136990098	-119.708180248195
		LM13	77.7790691788227	-109.311124251318
		LM14	89.9373750986678	-116.356123943191
		LM15	93.1758023763836	-124.878300989812
		LM16	93.1189878627395	-126.469107371847
	</landmarks.scaled>
	<curves.control type=list>
		<glabella type=matrix rownames=FALSE colnames=FALSE nrow=13 ncol=2 as.numeric=TRUE >
			1369	1924
			1447	1934
			1513	1968
			1535	1984
			1541	1991
			1550	2013
			1527	2042
			1492	2098
			1433	2148
			1433	2159
			1428	2176
			1432	2192
			1428	2198
		</glabella>
		<suture type=matrix rownames=FALSE colnames=FALSE nrow=17 ncol=2 as.numeric=TRUE >
			1369	1924
			1478	1938
			1542	1989
			1546	2001
			1541	2018
			1540	2022
			1550	2020
			1565	2019
			1574	2046
			1576	2065
			1564	2068
			1558	2076
			1574	2070
			1582	2066
			1596	2071
			1615	2083
			1627	2107
		</suture>
		<anterior type=matrix rownames=FALSE colnames=FALSE nrow=9 ncol=2 as.numeric=TRUE >
			1369	1924
			1447	1934
			1513	1968
			1534	1984
			1539	1988
			1557	2008
			1588	2043
			1638	2087
			1640	2198
		</anterior>
		<posterior type=matrix rownames=FALSE colnames=FALSE nrow=9 ncol=2 as.numeric=TRUE >
			1369	2198
			1395	2202
			1429	2199
			1457	2203
			1511	2220
			1557	2230
			1639	2226
			1642	2210
			1640	2198
		</posterior>
	</curves.control>
	<curves.pixel type=list>
		<glabella type=matrix rownames=FALSE colnames=FALSE nrow=398 ncol=2 as.numeric=TRUE >
			1369	1924
			1370	1924
			1371	1924
			1372	1924
			1373	1924
			1373	1925
			1374	1925
			1375	1925
			1376	1925
			1377	1925
			1378	1925
			1379	1925
			1380	1926
			1381	1926
			1382	1926
			1383	1926
			1384	1926
			1385	1926
			1386	1927
			1387	1927
			1388	1927
			1389	1927
			1390	1927
			1391	1927
			1392	1928
			1393	1928
			1394	1928
			1395	1928
			1396	1928
			1397	1928
			1398	1929
			1399	1929
			1400	1929
			1401	1929
			1402	1929
			1403	1930
			1404	1930
			1405	1930
			1406	1930
			1407	1931
			1408	1931
			1409	1931
			1410	1931
			1411	1931
			1412	1932
			1413	1932
			1414	1932
			1415	1932
			1416	1932
			1416	1933
			1417	1933
			1418	1933
			1419	1933
			1420	1933
			1421	1934
			1422	1934
			1423	1934
			1424	1934
			1425	1935
			1426	1935
			1427	1935
			1428	1935
			1429	1936
			1430	1936
			1431	1936
			1432	1937
			1433	1937
			1434	1937
			1435	1937
			1436	1938
			1437	1938
			1438	1938
			1439	1939
			1440	1939
			1441	1939
			1442	1939
			1443	1940
			1444	1940
			1445	1940
			1446	1941
			1447	1941
			1448	1941
			1449	1942
			1450	1942
			1451	1942
			1452	1942
			1453	1943
			1454	1943
			1455	1943
			1456	1944
			1457	1944
			1458	1945
			1459	1945
			1460	1945
			1461	1946
			1462	1946
			1463	1946
			1464	1947
			1465	1947
			1466	1947
			1467	1948
			1468	1948
			1469	1949
			1470	1949
			1471	1949
			1472	1950
			1473	1950
			1474	1950
			1475	1951
			1476	1951
			1477	1952
			1478	1952
			1479	1952
			1480	1953
			1481	1953
			1482	1953
			1482	1954
			1483	1954
			1484	1955
			1485	1955
			1486	1955
			1487	1956
			1488	1956
			1489	1957
			1490	1957
			1491	1957
			1492	1958
			1493	1958
			1494	1959
			1495	1959
			1496	1960
			1497	1960
			1498	1961
			1499	1961
			1500	1962
			1501	1962
			1502	1963
			1503	1963
			1504	1964
			1505	1964
			1506	1964
			1507	1965
			1508	1966
			1509	1966
			1510	1967
			1511	1967
			1512	1967
			1513	1968
			1514	1968
			1514	1969
			1515	1969
			1515	1970
			1516	1970
			1517	1971
			1518	1972
			1519	1972
			1520	1973
			1521	1974
			1522	1975
			1523	1976
			1524	1976
			1525	1977
			1526	1978
			1527	1979
			1528	1979
			1529	1980
			1530	1981
			1531	1981
			1531	1982
			1532	1983
			1533	1983
			1534	1984
			1535	1985
			1536	1986
			1537	1987
			1538	1988
			1539	1989
			1540	1990
			1541	1991
			1542	1992
			1542	1993
			1542	1994
			1542	1995
			1543	1996
			1543	1997
			1543	1998
			1543	1999
			1543	2000
			1543	2001
			1543	2002
			1544	2003
			1544	2004
			1544	2005
			1543	2006
			1543	2007
			1543	2008
			1543	2009
			1543	2010
			1543	2011
			1543	2012
			1543	2013
			1542	2014
			1542	2015
			1542	2016
			1541	2017
			1541	2018
			1541	2019
			1540	2020
			1540	2021
			1539	2022
			1539	2023
			1538	2024
			1538	2025
			1538	2026
			1537	2026
			1537	2027
			1537	2028
			1536	2028
			1536	2029
			1535	2030
			1535	2031
			1534	2032
			1533	2033
			1533	2034
			1532	2035
			1532	2036
			1531	2037
			1530	2037
			1530	2038
			1529	2039
			1529	2040
			1528	2041
			1527	2042
			1526	2043
			1526	2044
			1525	2045
			1524	2046
			1524	2047
			1523	2048
			1523	2049
			1522	2050
			1521	2051
			1521	2052
			1520	2053
			1519	2054
			1519	2055
			1518	2056
			1517	2057
			1517	2058
			1516	2059
			1515	2060
			1514	2061
			1514	2062
			1513	2063
			1512	2064
			1512	2065
			1511	2066
			1510	2067
			1510	2068
			1509	2069
			1508	2069
			1507	2070
			1507	2071
			1506	2072
			1505	2073
			1504	2074
			1504	2075
			1503	2076
			1502	2077
			1501	2078
			1501	2079
			1500	2080
			1499	2081
			1498	2082
			1498	2083
			1497	2084
			1496	2085
			1495	2086
			1494	2087
			1494	2088
			1493	2089
			1492	2090
			1491	2090
			1490	2091
			1490	2092
			1489	2093
			1488	2094
			1487	2095
			1486	2096
			1485	2097
			1485	2098
			1484	2099
			1483	2100
			1482	2101
			1481	2102
			1480	2103
			1480	2104
			1479	2105
			1478	2105
			1477	2106
			1476	2107
			1475	2108
			1474	2109
			1473	2110
			1473	2111
			1472	2112
			1471	2113
			1470	2114
			1469	2115
			1468	2116
			1467	2117
			1466	2117
			1465	2118
			1464	2119
			1463	2120
			1463	2121
			1462	2122
			1461	2123
			1460	2124
			1459	2125
			1458	2126
			1457	2127
			1456	2128
			1455	2128
			1454	2129
			1453	2130
			1452	2131
			1451	2132
			1450	2133
			1449	2134
			1448	2135
			1447	2136
			1446	2137
			1445	2137
			1444	2138
			1443	2139
			1442	2140
			1441	2141
			1440	2142
			1439	2143
			1438	2144
			1437	2145
			1436	2145
			1435	2146
			1434	2147
			1433	2148
			1433	2149
			1433	2150
			1433	2151
			1433	2152
			1433	2153
			1433	2154
			1433	2155
			1432	2156
			1432	2157
			1432	2158
			1432	2159
			1432	2160
			1432	2161
			1432	2162
			1431	2162
			1431	2163
			1431	2164
			1431	2165
			1431	2166
			1430	2167
			1430	2168
			1430	2169
			1430	2170
			1429	2171
			1429	2172
			1429	2173
			1429	2174
			1428	2175
			1428	2176
			1428	2177
			1428	2178
			1429	2179
			1429	2180
			1429	2181
			1429	2182
			1429	2183
			1430	2184
			1430	2185
			1430	2186
			1430	2187
			1430	2188
			1430	2189
			1430	2190
			1430	2191
			1430	2192
			1430	2193
			1430	2194
			1429	2194
			1429	2195
			1429	2196
			1429	2197
			1428	2198
		</glabella>
		<suture type=matrix rownames=FALSE colnames=FALSE nrow=360 ncol=2 as.numeric=TRUE >
			1369	1924
			1370	1924
			1371	1924
			1372	1924
			1373	1925
			1374	1925
			1375	1925
			1376	1925
			1377	1925
			1378	1925
			1379	1925
			1380	1925
			1381	1926
			1382	1926
			1383	1926
			1384	1926
			1385	1926
			1386	1926
			1387	1927
			1388	1927
			1389	1927
			1390	1927
			1391	1927
			1392	1927
			1393	1928
			1394	1928
			1395	1928
			1396	1928
			1397	1928
			1398	1929
			1399	1929
			1400	1929
			1401	1929
			1402	1929
			1403	1930
			1404	1930
			1405	1930
			1406	1930
			1407	1930
			1408	1930
			1409	1931
			1410	1931
			1411	1931
			1412	1931
			1413	1931
			1414	1932
			1415	1932
			1416	1932
			1417	1932
			1418	1933
			1419	1933
			1420	1933
			1421	1933
			1422	1934
			1423	1934
			1424	1934
			1425	1934
			1426	1935
			1427	1935
			1428	1935
			1429	1935
			1430	1936
			1431	1936
			1432	1936
			1433	1936
			1434	1937
			1435	1937
			1436	1937
			1437	1938
			1438	1938
			1439	1938
			1440	1938
			1441	1939
			1442	1939
			1443	1939
			1444	1940
			1445	1940
			1446	1940
			1447	1941
			1448	1941
			1449	1941
			1450	1941
			1451	1942
			1452	1942
			1453	1942
			1453	1943
			1454	1943
			1455	1943
			1456	1943
			1457	1944
			1458	1944
			1459	1944
			1460	1945
			1461	1945
			1462	1945
			1463	1946
			1464	1946
			1465	1947
			1466	1947
			1467	1948
			1468	1948
			1469	1948
			1470	1948
			1471	1949
			1472	1949
			1473	1950
			1474	1950
			1475	1950
			1475	1951
			1476	1951
			1477	1951
			1478	1952
			1479	1952
			1480	1953
			1481	1953
			1482	1953
			1483	1954
			1484	1954
			1485	1955
			1486	1955
			1487	1956
			1488	1956
			1489	1957
			1490	1957
			1491	1958
			1492	1958
			1493	1959
			1494	1959
			1495	1960
			1496	1960
			1497	1961
			1498	1961
			1499	1962
			1500	1962
			1501	1963
			1502	1963
			1503	1964
			1504	1964
			1505	1965
			1506	1965
			1507	1966
			1508	1966
			1509	1967
			1510	1967
			1511	1968
			1512	1968
			1513	1969
			1514	1970
			1515	1970
			1516	1971
			1517	1972
			1518	1972
			1519	1973
			1520	1973
			1520	1974
			1521	1974
			1522	1974
			1522	1975
			1523	1975
			1524	1976
			1525	1977
			1526	1977
			1527	1978
			1528	1979
			1529	1979
			1530	1980
			1531	1981
			1532	1981
			1533	1982
			1534	1983
			1535	1983
			1536	1984
			1536	1985
			1537	1985
			1538	1986
			1539	1987
			1540	1987
			1541	1988
			1542	1989
			1542	1990
			1543	1991
			1543	1992
			1543	1993
			1543	1994
			1543	1995
			1544	1996
			1544	1997
			1544	1998
			1544	1999
			1544	2000
			1544	2001
			1544	2002
			1544	2003
			1544	2004
			1544	2005
			1543	2006
			1543	2007
			1543	2008
			1543	2009
			1543	2010
			1543	2011
			1543	2012
			1542	2012
			1542	2013
			1542	2014
			1542	2015
			1542	2016
			1541	2017
			1541	2018
			1541	2019
			1541	2020
			1542	2020
			1543	2021
			1544	2021
			1545	2021
			1546	2021
			1547	2020
			1548	2020
			1549	2020
			1550	2020
			1551	2020
			1552	2020
			1553	2020
			1554	2020
			1555	2020
			1556	2021
			1557	2021
			1558	2022
			1559	2022
			1560	2023
			1561	2023
			1561	2024
			1562	2025
			1563	2026
			1564	2026
			1565	2027
			1566	2028
			1566	2029
			1567	2030
			1567	2031
			1568	2032
			1569	2033
			1569	2034
			1570	2035
			1570	2036
			1571	2037
			1571	2038
			1571	2039
			1572	2040
			1572	2041
			1573	2042
			1573	2043
			1573	2044
			1574	2045
			1574	2046
			1574	2047
			1574	2048
			1574	2049
			1574	2050
			1574	2051
			1574	2052
			1574	2053
			1574	2054
			1574	2055
			1574	2056
			1574	2057
			1574	2058
			1573	2059
			1573	2060
			1572	2061
			1572	2062
			1571	2063
			1571	2064
			1570	2065
			1569	2066
			1568	2067
			1567	2067
			1566	2067
			1565	2068
			1564	2068
			1563	2069
			1563	2070
			1562	2071
			1562	2072
			1563	2072
			1564	2073
			1565	2073
			1566	2072
			1567	2072
			1568	2072
			1569	2072
			1570	2071
			1571	2071
			1572	2071
			1573	2070
			1574	2070
			1575	2070
			1576	2069
			1577	2069
			1578	2069
			1579	2068
			1580	2068
			1581	2068
			1582	2068
			1583	2068
			1584	2068
			1585	2068
			1586	2068
			1587	2069
			1588	2069
			1589	2069
			1590	2069
			1591	2069
			1592	2070
			1593	2070
			1594	2070
			1595	2071
			1596	2071
			1597	2072
			1598	2072
			1599	2073
			1600	2074
			1601	2075
			1602	2075
			1603	2076
			1604	2077
			1605	2077
			1606	2078
			1606	2079
			1607	2080
			1608	2080
			1609	2081
			1609	2082
			1610	2083
			1611	2083
			1612	2084
			1612	2085
			1613	2086
			1614	2087
			1615	2088
			1616	2089
			1617	2090
			1617	2091
			1618	2092
			1619	2093
			1619	2094
			1620	2095
			1620	2096
			1621	2096
			1622	2097
			1622	2098
			1623	2099
			1623	2100
			1624	2101
			1624	2102
			1625	2103
			1625	2104
			1626	2105
			1626	2106
			1627	2107
		</suture>
		<anterior type=matrix rownames=FALSE colnames=FALSE nrow=403 ncol=2 as.numeric=TRUE >
			1369	1924
			1370	1924
			1371	1924
			1372	1924
			1373	1925
			1374	1925
			1375	1925
			1376	1925
			1377	1925
			1378	1925
			1379	1925
			1380	1926
			1381	1926
			1382	1926
			1383	1926
			1384	1926
			1385	1926
			1386	1927
			1387	1927
			1388	1927
			1389	1927
			1390	1927
			1391	1927
			1392	1928
			1393	1928
			1394	1928
			1395	1928
			1396	1928
			1397	1928
			1398	1929
			1399	1929
			1400	1929
			1401	1929
			1402	1929
			1403	1930
			1404	1930
			1405	1930
			1406	1930
			1407	1930
			1407	1931
			1408	1931
			1409	1931
			1410	1931
			1411	1931
			1412	1932
			1413	1932
			1414	1932
			1415	1932
			1416	1932
			1416	1933
			1417	1933
			1418	1933
			1419	1933
			1420	1933
			1421	1934
			1422	1934
			1423	1934
			1424	1934
			1425	1935
			1426	1935
			1427	1935
			1428	1936
			1429	1936
			1430	1936
			1431	1936
			1432	1937
			1433	1937
			1434	1937
			1435	1937
			1436	1938
			1437	1938
			1438	1938
			1439	1938
			1440	1939
			1441	1939
			1442	1939
			1442	1940
			1443	1940
			1444	1940
			1445	1940
			1446	1941
			1447	1941
			1448	1941
			1449	1941
			1450	1942
			1451	1942
			1452	1943
			1453	1943
			1454	1943
			1455	1943
			1455	1944
			1456	1944
			1457	1944
			1458	1945
			1459	1945
			1460	1945
			1461	1946
			1462	1946
			1463	1946
			1464	1947
			1465	1947
			1466	1947
			1467	1948
			1468	1948
			1469	1948
			1469	1949
			1470	1949
			1471	1949
			1472	1950
			1473	1950
			1474	1950
			1475	1951
			1476	1951
			1477	1951
			1478	1952
			1479	1953
			1480	1953
			1481	1953
			1482	1954
			1483	1954
			1484	1955
			1485	1955
			1486	1955
			1487	1956
			1488	1956
			1489	1957
			1490	1957
			1491	1957
			1492	1958
			1493	1958
			1494	1959
			1495	1959
			1496	1960
			1497	1960
			1498	1961
			1499	1961
			1500	1961
			1500	1962
			1501	1962
			1502	1962
			1502	1963
			1503	1963
			1504	1963
			1504	1964
			1505	1964
			1506	1964
			1506	1965
			1507	1965
			1508	1965
			1508	1966
			1509	1966
			1510	1967
			1511	1967
			1512	1968
			1513	1968
			1514	1969
			1515	1969
			1516	1970
			1517	1971
			1518	1972
			1519	1972
			1519	1973
			1520	1974
			1521	1974
			1522	1975
			1523	1975
			1523	1976
			1524	1977
			1525	1977
			1526	1978
			1527	1979
			1528	1980
			1529	1980
			1530	1981
			1531	1982
			1532	1983
			1533	1984
			1534	1984
			1535	1985
			1536	1985
			1536	1986
			1537	1986
			1537	1987
			1538	1987
			1539	1988
			1540	1989
			1541	1990
			1542	1991
			1543	1992
			1544	1993
			1545	1994
			1545	1995
			1546	1996
			1547	1996
			1547	1997
			1548	1998
			1549	1999
			1550	2000
			1551	2001
			1552	2002
			1553	2003
			1553	2004
			1554	2005
			1555	2006
			1556	2007
			1556	2008
			1557	2008
			1558	2009
			1559	2010
			1560	2011
			1561	2012
			1562	2013
			1562	2014
			1563	2015
			1564	2016
			1565	2017
			1566	2018
			1567	2019
			1568	2020
			1569	2021
			1570	2022
			1571	2023
			1572	2024
			1572	2025
			1573	2026
			1574	2027
			1575	2028
			1576	2029
			1576	2030
			1577	2031
			1578	2032
			1579	2032
			1579	2033
			1580	2034
			1581	2035
			1582	2036
			1582	2037
			1583	2037
			1584	2038
			1585	2039
			1585	2040
			1586	2041
			1587	2042
			1588	2043
			1589	2044
			1590	2045
			1591	2046
			1592	2047
			1593	2048
			1594	2049
			1595	2050
			1596	2050
			1596	2051
			1597	2052
			1598	2053
			1599	2054
			1600	2055
			1601	2056
			1601	2057
			1602	2058
			1603	2059
			1604	2060
			1604	2061
			1605	2062
			1606	2063
			1607	2064
			1607	2065
			1608	2066
			1609	2067
			1609	2068
			1610	2069
			1611	2070
			1611	2071
			1612	2072
			1613	2073
			1613	2074
			1614	2075
			1614	2076
			1614	2077
			1615	2078
			1616	2079
			1616	2080
			1617	2081
			1617	2082
			1618	2083
			1618	2084
			1619	2085
			1619	2086
			1620	2087
			1620	2088
			1620	2089
			1621	2089
			1621	2090
			1621	2091
			1622	2092
			1622	2093
			1622	2094
			1623	2094
			1623	2095
			1623	2096
			1624	2097
			1624	2098
			1624	2099
			1625	2100
			1625	2101
			1625	2102
			1626	2103
			1626	2104
			1627	2105
			1627	2106
			1627	2107
			1627	2108
			1628	2109
			1628	2110
			1628	2111
			1629	2112
			1629	2113
			1629	2114
			1629	2115
			1630	2116
			1630	2117
			1630	2118
			1631	2119
			1631	2120
			1631	2121
			1631	2122
			1631	2123
			1632	2124
			1632	2125
			1632	2126
			1632	2127
			1633	2128
			1633	2129
			1633	2130
			1633	2131
			1633	2132
			1634	2133
			1634	2134
			1634	2135
			1634	2136
			1634	2137
			1635	2138
			1635	2139
			1635	2140
			1635	2141
			1635	2142
			1635	2143
			1636	2144
			1636	2145
			1636	2146
			1636	2147
			1636	2148
			1636	2149
			1636	2150
			1637	2151
			1637	2152
			1637	2153
			1637	2154
			1637	2155
			1637	2156
			1637	2157
			1637	2158
			1638	2159
			1638	2160
			1638	2161
			1638	2162
			1638	2163
			1638	2164
			1638	2165
			1638	2166
			1638	2167
			1638	2168
			1639	2169
			1639	2170
			1639	2171
			1639	2172
			1639	2173
			1639	2174
			1639	2175
			1639	2176
			1639	2177
			1639	2178
			1639	2179
			1639	2180
			1639	2181
			1639	2182
			1639	2183
			1640	2183
			1640	2184
			1640	2185
			1640	2186
			1640	2187
			1640	2188
			1640	2189
			1640	2190
			1640	2191
			1640	2192
			1640	2193
			1640	2194
			1640	2195
			1640	2196
			1640	2197
			1640	2198
		</anterior>
		<posterior type=matrix rownames=FALSE colnames=FALSE nrow=303 ncol=2 as.numeric=TRUE >
			1369	2198
			1370	2198
			1371	2198
			1372	2198
			1373	2199
			1374	2199
			1375	2199
			1376	2199
			1377	2199
			1378	2199
			1379	2199
			1380	2199
			1381	2199
			1382	2200
			1383	2200
			1384	2200
			1385	2200
			1386	2200
			1387	2200
			1388	2200
			1389	2200
			1390	2200
			1391	2200
			1392	2200
			1393	2200
			1394	2200
			1395	2200
			1396	2200
			1397	2200
			1398	2200
			1399	2200
			1400	2200
			1401	2200
			1402	2200
			1403	2200
			1404	2200
			1405	2200
			1406	2200
			1407	2200
			1408	2200
			1409	2200
			1410	2200
			1411	2200
			1412	2200
			1413	2200
			1414	2200
			1415	2200
			1416	2200
			1417	2200
			1418	2200
			1419	2200
			1420	2200
			1421	2200
			1422	2200
			1423	2199
			1424	2199
			1425	2199
			1426	2199
			1427	2199
			1428	2199
			1429	2199
			1430	2199
			1431	2199
			1432	2200
			1433	2200
			1434	2200
			1435	2200
			1436	2200
			1437	2200
			1438	2200
			1438	2201
			1439	2201
			1440	2201
			1441	2201
			1442	2201
			1443	2202
			1444	2202
			1445	2202
			1446	2202
			1447	2202
			1448	2202
			1448	2203
			1449	2203
			1450	2203
			1451	2203
			1452	2203
			1453	2204
			1454	2204
			1455	2204
			1456	2204
			1457	2205
			1458	2205
			1459	2205
			1460	2205
			1461	2206
			1462	2206
			1463	2206
			1464	2206
			1465	2207
			1466	2207
			1467	2207
			1468	2207
			1469	2208
			1470	2208
			1471	2208
			1472	2208
			1473	2209
			1474	2209
			1475	2209
			1476	2210
			1477	2210
			1478	2210
			1479	2210
			1479	2211
			1480	2211
			1481	2211
			1482	2211
			1483	2212
			1484	2212
			1485	2212
			1486	2212
			1487	2213
			1488	2213
			1489	2213
			1490	2214
			1491	2214
			1492	2214
			1493	2215
			1494	2215
			1495	2215
			1496	2215
			1497	2216
			1498	2216
			1499	2216
			1500	2217
			1501	2217
			1502	2217
			1503	2217
			1503	2218
			1504	2218
			1505	2218
			1506	2218
			1507	2219
			1508	2219
			1509	2219
			1510	2220
			1511	2220
			1512	2220
			1513	2220
			1514	2221
			1515	2221
			1516	2221
			1517	2221
			1518	2221
			1519	2222
			1520	2222
			1521	2222
			1522	2222
			1523	2222
			1524	2222
			1525	2223
			1526	2223
			1527	2223
			1528	2223
			1529	2223
			1530	2223
			1531	2223
			1532	2224
			1533	2224
			1534	2224
			1535	2224
			1536	2224
			1537	2224
			1538	2224
			1539	2224
			1540	2225
			1541	2225
			1542	2225
			1543	2225
			1544	2225
			1545	2225
			1546	2225
			1547	2225
			1548	2225
			1549	2225
			1550	2225
			1551	2226
			1552	2226
			1553	2226
			1554	2226
			1555	2226
			1556	2226
			1557	2226
			1558	2226
			1559	2226
			1560	2226
			1561	2226
			1562	2226
			1563	2226
			1564	2226
			1565	2226
			1566	2227
			1567	2227
			1568	2227
			1569	2227
			1570	2227
			1571	2227
			1572	2227
			1573	2227
			1574	2227
			1575	2227
			1576	2227
			1577	2227
			1578	2227
			1579	2227
			1580	2227
			1581	2227
			1582	2227
			1583	2227
			1584	2227
			1585	2227
			1586	2227
			1587	2227
			1588	2227
			1589	2227
			1590	2227
			1591	2227
			1592	2227
			1593	2227
			1594	2227
			1595	2227
			1596	2227
			1597	2227
			1598	2227
			1599	2227
			1600	2227
			1601	2227
			1602	2227
			1603	2227
			1604	2227
			1605	2227
			1606	2227
			1607	2227
			1608	2227
			1609	2227
			1610	2227
			1611	2227
			1612	2227
			1613	2227
			1614	2227
			1615	2227
			1616	2227
			1617	2227
			1618	2227
			1619	2227
			1620	2227
			1621	2227
			1622	2227
			1623	2227
			1624	2227
			1625	2227
			1626	2227
			1627	2227
			1628	2226
			1629	2226
			1630	2226
			1631	2226
			1632	2226
			1633	2226
			1634	2226
			1635	2226
			1636	2226
			1637	2226
			1638	2226
			1639	2226
			1639	2225
			1639	2224
			1640	2223
			1640	2222
			1640	2221
			1640	2220
			1640	2219
			1640	2218
			1640	2217
			1640	2216
			1641	2215
			1641	2214
			1641	2213
			1641	2212
			1641	2211
			1641	2210
			1641	2209
			1641	2208
			1641	2207
			1641	2206
			1641	2205
			1641	2204
			1641	2203
			1641	2202
			1640	2201
			1640	2200
			1640	2199
			1640	2198
		</posterior>
	</curves.pixel>
	<curves.scaled type=list>
		<glabella type=matrix rownames=FALSE colnames=FALSE nrow=398 ncol=2 as.numeric=TRUE >
			77.7790691788227	-109.311124251318
			77.8358836924668	-109.311124251318
			77.8926982061109	-109.311124251318
			77.9495127197551	-109.311124251318
			78.0063272333992	-109.311124251318
			78.0063272333992	-109.367938764962
			78.0631417470433	-109.367938764962
			78.1199562606875	-109.367938764962
			78.1767707743316	-109.367938764962
			78.2335852879757	-109.367938764962
			78.2903998016199	-109.367938764962
			78.347214315264	-109.367938764962
			78.4040288289082	-109.424753278607
			78.4608433425523	-109.424753278607
			78.5176578561964	-109.424753278607
			78.5744723698405	-109.424753278607
			78.6312868834847	-109.424753278607
			78.6881013971288	-109.424753278607
			78.744915910773	-109.481567792251
			78.8017304244171	-109.481567792251
			78.8585449380612	-109.481567792251
			78.9153594517054	-109.481567792251
			78.9721739653495	-109.481567792251
			79.0289884789937	-109.481567792251
			79.0858029926378	-109.538382305895
			79.1426175062819	-109.538382305895
			79.199432019926	-109.538382305895
			79.2562465335702	-109.538382305895
			79.3130610472143	-109.538382305895
			79.3698755608585	-109.538382305895
			79.4266900745026	-109.595196819539
			79.4835045881467	-109.595196819539
			79.5403191017909	-109.595196819539
			79.597133615435	-109.595196819539
			79.6539481290791	-109.595196819539
			79.7107626427233	-109.652011333183
			79.7675771563674	-109.652011333183
			79.8243916700116	-109.652011333183
			79.8812061836557	-109.652011333183
			79.9380206972998	-109.708825846827
			79.994835210944	-109.708825846827
			80.0516497245881	-109.708825846827
			80.1084642382322	-109.708825846827
			80.1652787518764	-109.708825846827
			80.2220932655205	-109.765640360471
			80.2789077791646	-109.765640360471
			80.3357222928088	-109.765640360471
			80.3925368064529	-109.765640360471
			80.4493513200971	-109.765640360471
			80.4493513200971	-109.822454874116
			80.5061658337412	-109.822454874116
			80.5629803473853	-109.822454874116
			80.6197948610295	-109.822454874116
			80.6766093746736	-109.822454874116
			80.7334238883177	-109.87926938776
			80.7902384019619	-109.87926938776
			80.847052915606	-109.87926938776
			80.9038674292501	-109.87926938776
			80.9606819428943	-109.936083901404
			81.0174964565384	-109.936083901404
			81.0743109701826	-109.936083901404
			81.1311254838267	-109.936083901404
			81.1879399974708	-109.992898415048
			81.244754511115	-109.992898415048
			81.3015690247591	-109.992898415048
			81.3583835384032	-110.049712928692
			81.4151980520474	-110.049712928692
			81.4720125656915	-110.049712928692
			81.5288270793356	-110.049712928692
			81.5856415929798	-110.106527442336
			81.6424561066239	-110.106527442336
			81.6992706202681	-110.106527442336
			81.7560851339122	-110.16334195598
			81.8128996475563	-110.16334195598
			81.8697141612005	-110.16334195598
			81.9265286748446	-110.16334195598
			81.9833431884887	-110.220156469624
			82.0401577021329	-110.220156469624
			82.096972215777	-110.220156469624
			82.1537867294211	-110.276970983269
			82.2106012430653	-110.276970983269
			82.2674157567094	-110.276970983269
			82.3242302703536	-110.333785496913
			82.3810447839977	-110.333785496913
			82.4378592976418	-110.333785496913
			82.494673811286	-110.333785496913
			82.5514883249301	-110.390600010557
			82.6083028385742	-110.390600010557
			82.6651173522184	-110.390600010557
			82.7219318658625	-110.447414524201
			82.7787463795066	-110.447414524201
			82.8355608931508	-110.504229037845
			82.8923754067949	-110.504229037845
			82.9491899204391	-110.504229037845
			83.0060044340832	-110.561043551489
			83.0628189477273	-110.561043551489
			83.1196334613715	-110.561043551489
			83.1764479750156	-110.617858065133
			83.2332624886597	-110.617858065133
			83.2900770023039	-110.617858065133
			83.346891515948	-110.674672578778
			83.4037060295921	-110.674672578778
			83.4605205432363	-110.731487092422
			83.5173350568804	-110.731487092422
			83.5741495705246	-110.731487092422
			83.6309640841687	-110.788301606066
			83.6877785978128	-110.788301606066
			83.744593111457	-110.788301606066
			83.8014076251011	-110.84511611971
			83.8582221387452	-110.84511611971
			83.9150366523894	-110.901930633354
			83.9718511660335	-110.901930633354
			84.0286656796776	-110.901930633354
			84.0854801933218	-110.958745146998
			84.1422947069659	-110.958745146998
			84.1991092206101	-110.958745146998
			84.1991092206101	-111.015559660642
			84.2559237342542	-111.015559660642
			84.3127382478983	-111.072374174287
			84.3695527615425	-111.072374174287
			84.4263672751866	-111.072374174287
			84.4831817888307	-111.129188687931
			84.5399963024749	-111.129188687931
			84.596810816119	-111.186003201575
			84.6536253297631	-111.186003201575
			84.7104398434073	-111.186003201575
			84.7672543570514	-111.242817715219
			84.8240688706956	-111.242817715219
			84.8808833843397	-111.299632228863
			84.9376978979838	-111.299632228863
			84.994512411628	-111.356446742507
			85.0513269252721	-111.356446742507
			85.1081414389162	-111.413261256151
			85.1649559525604	-111.413261256151
			85.2217704662045	-111.470075769795
			85.2785849798486	-111.470075769795
			85.3353994934928	-111.52689028344
			85.3922140071369	-111.52689028344
			85.4490285207811	-111.583704797084
			85.5058430344252	-111.583704797084
			85.5626575480693	-111.583704797084
			85.6194720617135	-111.640519310728
			85.6762865753576	-111.697333824372
			85.7331010890017	-111.697333824372
			85.7899156026459	-111.754148338016
			85.84673011629	-111.754148338016
			85.9035446299341	-111.754148338016
			85.9603591435783	-111.81096285166
			86.0171736572224	-111.81096285166
			86.0171736572224	-111.867777365304
			86.0739881708666	-111.867777365304
			86.0739881708666	-111.924591878949
			86.1308026845107	-111.924591878949
			86.1876171981548	-111.981406392593
			86.244431711799	-112.038220906237
			86.3012462254431	-112.038220906237
			86.3580607390872	-112.095035419881
			86.4148752527314	-112.151849933525
			86.4716897663755	-112.208664447169
			86.5285042800196	-112.265478960813
			86.5853187936638	-112.265478960813
			86.6421333073079	-112.322293474458
			86.6989478209521	-112.379107988102
			86.7557623345962	-112.435922501746
			86.8125768482403	-112.435922501746
			86.8693913618845	-112.49273701539
			86.9262058755286	-112.549551529034
			86.9830203891727	-112.549551529034
			86.9830203891727	-112.606366042678
			87.0398349028169	-112.663180556322
			87.096649416461	-112.663180556322
			87.1534639301051	-112.719995069967
			87.2102784437493	-112.776809583611
			87.2670929573934	-112.833624097255
			87.3239074710376	-112.890438610899
			87.3807219846817	-112.947253124543
			87.4375364983258	-113.004067638187
			87.49435101197	-113.060882151831
			87.5511655256141	-113.117696665475
			87.6079800392582	-113.17451117912
			87.6079800392582	-113.231325692764
			87.6079800392582	-113.288140206408
			87.6079800392582	-113.344954720052
			87.6647945529024	-113.401769233696
			87.6647945529024	-113.45858374734
			87.6647945529024	-113.515398260984
			87.6647945529024	-113.572212774629
			87.6647945529024	-113.629027288273
			87.6647945529024	-113.685841801917
			87.6647945529024	-113.742656315561
			87.7216090665465	-113.799470829205
			87.7216090665465	-113.856285342849
			87.7216090665465	-113.913099856493
			87.6647945529024	-113.969914370138
			87.6647945529024	-114.026728883782
			87.6647945529024	-114.083543397426
			87.6647945529024	-114.14035791107
			87.6647945529024	-114.197172424714
			87.6647945529024	-114.253986938358
			87.6647945529024	-114.310801452002
			87.6647945529024	-114.367615965646
			87.6079800392582	-114.424430479291
			87.6079800392582	-114.481244992935
			87.6079800392582	-114.538059506579
			87.5511655256141	-114.594874020223
			87.5511655256141	-114.651688533867
			87.5511655256141	-114.708503047511
			87.49435101197	-114.765317561155
			87.49435101197	-114.8221320748
			87.4375364983258	-114.878946588444
			87.4375364983258	-114.935761102088
			87.3807219846817	-114.992575615732
			87.3807219846817	-115.049390129376
			87.3807219846817	-115.10620464302
			87.3239074710376	-115.10620464302
			87.3239074710376	-115.163019156664
			87.3239074710376	-115.219833670308
			87.2670929573934	-115.219833670308
			87.2670929573934	-115.276648183953
			87.2102784437493	-115.333462697597
			87.2102784437493	-115.390277211241
			87.1534639301051	-115.447091724885
			87.096649416461	-115.503906238529
			87.096649416461	-115.560720752173
			87.0398349028169	-115.617535265817
			87.0398349028169	-115.674349779462
			86.9830203891727	-115.731164293106
			86.9262058755286	-115.731164293106
			86.9262058755286	-115.78797880675
			86.8693913618845	-115.844793320394
			86.8693913618845	-115.901607834038
			86.8125768482403	-115.958422347682
			86.7557623345962	-116.015236861326
			86.6989478209521	-116.072051374971
			86.6989478209521	-116.128865888615
			86.6421333073079	-116.185680402259
			86.5853187936638	-116.242494915903
			86.5853187936638	-116.299309429547
			86.5285042800196	-116.356123943191
			86.5285042800196	-116.412938456835
			86.4716897663755	-116.469752970479
			86.4148752527314	-116.526567484124
			86.4148752527314	-116.583381997768
			86.3580607390872	-116.640196511412
			86.3012462254431	-116.697011025056
			86.3012462254431	-116.7538255387
			86.244431711799	-116.810640052344
			86.1876171981548	-116.867454565988
			86.1876171981548	-116.924269079633
			86.1308026845107	-116.981083593277
			86.0739881708666	-117.037898106921
			86.0171736572224	-117.094712620565
			86.0171736572224	-117.151527134209
			85.9603591435783	-117.208341647853
			85.9035446299341	-117.265156161497
			85.9035446299341	-117.321970675142
			85.84673011629	-117.378785188786
			85.7899156026459	-117.43559970243
			85.7899156026459	-117.492414216074
			85.7331010890017	-117.549228729718
			85.6762865753576	-117.549228729718
			85.6194720617135	-117.606043243362
			85.6194720617135	-117.662857757006
			85.5626575480693	-117.71967227065
			85.5058430344252	-117.776486784295
			85.4490285207811	-117.833301297939
			85.4490285207811	-117.890115811583
			85.3922140071369	-117.946930325227
			85.3353994934928	-118.003744838871
			85.2785849798486	-118.060559352515
			85.2785849798486	-118.117373866159
			85.2217704662045	-118.174188379804
			85.1649559525604	-118.231002893448
			85.1081414389162	-118.287817407092
			85.1081414389162	-118.344631920736
			85.0513269252721	-118.40144643438
			84.994512411628	-118.458260948024
			84.9376978979838	-118.515075461668
			84.8808833843397	-118.571889975313
			84.8808833843397	-118.628704488957
			84.8240688706956	-118.685519002601
			84.7672543570514	-118.742333516245
			84.7104398434073	-118.742333516245
			84.6536253297631	-118.799148029889
			84.6536253297631	-118.855962543533
			84.596810816119	-118.912777057177
			84.5399963024749	-118.969591570821
			84.4831817888307	-119.026406084466
			84.4263672751866	-119.08322059811
			84.3695527615425	-119.140035111754
			84.3695527615425	-119.196849625398
			84.3127382478983	-119.253664139042
			84.2559237342542	-119.310478652686
			84.1991092206101	-119.36729316633
			84.1422947069659	-119.424107679975
			84.0854801933218	-119.480922193619
			84.0854801933218	-119.537736707263
			84.0286656796776	-119.594551220907
			83.9718511660335	-119.594551220907
			83.9150366523894	-119.651365734551
			83.8582221387452	-119.708180248195
			83.8014076251011	-119.764994761839
			83.744593111457	-119.821809275484
			83.6877785978128	-119.878623789128
			83.6877785978128	-119.935438302772
			83.6309640841687	-119.992252816416
			83.5741495705246	-120.04906733006
			83.5173350568804	-120.105881843704
			83.4605205432363	-120.162696357348
			83.4037060295921	-120.219510870992
			83.346891515948	-120.276325384637
			83.2900770023039	-120.276325384637
			83.2332624886597	-120.333139898281
			83.1764479750156	-120.389954411925
			83.1196334613715	-120.446768925569
			83.1196334613715	-120.503583439213
			83.0628189477273	-120.560397952857
			83.0060044340832	-120.617212466501
			82.9491899204391	-120.674026980146
			82.8923754067949	-120.73084149379
			82.8355608931508	-120.787656007434
			82.7787463795066	-120.844470521078
			82.7219318658625	-120.901285034722
			82.6651173522184	-120.901285034722
			82.6083028385742	-120.958099548366
			82.5514883249301	-121.01491406201
			82.494673811286	-121.071728575655
			82.4378592976418	-121.128543089299
			82.3810447839977	-121.185357602943
			82.3242302703536	-121.242172116587
			82.2674157567094	-121.298986630231
			82.2106012430653	-121.355801143875
			82.1537867294211	-121.412615657519
			82.096972215777	-121.412615657519
			82.0401577021329	-121.469430171163
			81.9833431884887	-121.526244684808
			81.9265286748446	-121.583059198452
			81.8697141612005	-121.639873712096
			81.8128996475563	-121.69668822574
			81.7560851339122	-121.753502739384
			81.6992706202681	-121.810317253028
			81.6424561066239	-121.867131766672
			81.5856415929798	-121.867131766672
			81.5288270793356	-121.923946280317
			81.4720125656915	-121.980760793961
			81.4151980520474	-122.037575307605
			81.4151980520474	-122.094389821249
			81.4151980520474	-122.151204334893
			81.4151980520474	-122.208018848537
			81.4151980520474	-122.264833362181
			81.4151980520474	-122.321647875826
			81.4151980520474	-122.37846238947
			81.4151980520474	-122.435276903114
			81.3583835384032	-122.492091416758
			81.3583835384032	-122.548905930402
			81.3583835384032	-122.605720444046
			81.3583835384032	-122.66253495769
			81.3583835384032	-122.719349471334
			81.3583835384032	-122.776163984979
			81.3583835384032	-122.832978498623
			81.3015690247591	-122.832978498623
			81.3015690247591	-122.889793012267
			81.3015690247591	-122.946607525911
			81.3015690247591	-123.003422039555
			81.3015690247591	-123.060236553199
			81.244754511115	-123.117051066843
			81.244754511115	-123.173865580488
			81.244754511115	-123.230680094132
			81.244754511115	-123.287494607776
			81.1879399974708	-123.34430912142
			81.1879399974708	-123.401123635064
			81.1879399974708	-123.457938148708
			81.1879399974708	-123.514752662352
			81.1311254838267	-123.571567175997
			81.1311254838267	-123.628381689641
			81.1311254838267	-123.685196203285
			81.1311254838267	-123.742010716929
			81.1879399974708	-123.798825230573
			81.1879399974708	-123.855639744217
			81.1879399974708	-123.912454257861
			81.1879399974708	-123.969268771505
			81.1879399974708	-124.02608328515
			81.244754511115	-124.082897798794
			81.244754511115	-124.139712312438
			81.244754511115	-124.196526826082
			81.244754511115	-124.253341339726
			81.244754511115	-124.31015585337
			81.244754511115	-124.366970367014
			81.244754511115	-124.423784880659
			81.244754511115	-124.480599394303
			81.244754511115	-124.537413907947
			81.244754511115	-124.594228421591
			81.244754511115	-124.651042935235
			81.1879399974708	-124.651042935235
			81.1879399974708	-124.707857448879
			81.1879399974708	-124.764671962523
			81.1879399974708	-124.821486476168
			81.1311254838267	-124.878300989812
		</glabella>
		<suture type=matrix rownames=FALSE colnames=FALSE nrow=360 ncol=2 as.numeric=TRUE >
			77.7790691788227	-109.311124251318
			77.8358836924668	-109.311124251318
			77.8926982061109	-109.311124251318
			77.9495127197551	-109.311124251318
			78.0063272333992	-109.367938764962
			78.0631417470433	-109.367938764962
			78.1199562606875	-109.367938764962
			78.1767707743316	-109.367938764962
			78.2335852879757	-109.367938764962
			78.2903998016199	-109.367938764962
			78.347214315264	-109.367938764962
			78.4040288289082	-109.367938764962
			78.4608433425523	-109.424753278607
			78.5176578561964	-109.424753278607
			78.5744723698405	-109.424753278607
			78.6312868834847	-109.424753278607
			78.6881013971288	-109.424753278607
			78.744915910773	-109.424753278607
			78.8017304244171	-109.481567792251
			78.8585449380612	-109.481567792251
			78.9153594517054	-109.481567792251
			78.9721739653495	-109.481567792251
			79.0289884789937	-109.481567792251
			79.0858029926378	-109.481567792251
			79.1426175062819	-109.538382305895
			79.199432019926	-109.538382305895
			79.2562465335702	-109.538382305895
			79.3130610472143	-109.538382305895
			79.3698755608585	-109.538382305895
			79.4266900745026	-109.595196819539
			79.4835045881467	-109.595196819539
			79.5403191017909	-109.595196819539
			79.597133615435	-109.595196819539
			79.6539481290791	-109.595196819539
			79.7107626427233	-109.652011333183
			79.7675771563674	-109.652011333183
			79.8243916700116	-109.652011333183
			79.8812061836557	-109.652011333183
			79.9380206972998	-109.652011333183
			79.994835210944	-109.652011333183
			80.0516497245881	-109.708825846827
			80.1084642382322	-109.708825846827
			80.1652787518764	-109.708825846827
			80.2220932655205	-109.708825846827
			80.2789077791646	-109.708825846827
			80.3357222928088	-109.765640360471
			80.3925368064529	-109.765640360471
			80.4493513200971	-109.765640360471
			80.5061658337412	-109.765640360471
			80.5629803473853	-109.822454874116
			80.6197948610295	-109.822454874116
			80.6766093746736	-109.822454874116
			80.7334238883177	-109.822454874116
			80.7902384019619	-109.87926938776
			80.847052915606	-109.87926938776
			80.9038674292501	-109.87926938776
			80.9606819428943	-109.87926938776
			81.0174964565384	-109.936083901404
			81.0743109701826	-109.936083901404
			81.1311254838267	-109.936083901404
			81.1879399974708	-109.936083901404
			81.244754511115	-109.992898415048
			81.3015690247591	-109.992898415048
			81.3583835384032	-109.992898415048
			81.4151980520474	-109.992898415048
			81.4720125656915	-110.049712928692
			81.5288270793356	-110.049712928692
			81.5856415929798	-110.049712928692
			81.6424561066239	-110.106527442336
			81.6992706202681	-110.106527442336
			81.7560851339122	-110.106527442336
			81.8128996475563	-110.106527442336
			81.8697141612005	-110.16334195598
			81.9265286748446	-110.16334195598
			81.9833431884887	-110.16334195598
			82.0401577021329	-110.220156469624
			82.096972215777	-110.220156469624
			82.1537867294211	-110.220156469624
			82.2106012430653	-110.276970983269
			82.2674157567094	-110.276970983269
			82.3242302703536	-110.276970983269
			82.3810447839977	-110.276970983269
			82.4378592976418	-110.333785496913
			82.494673811286	-110.333785496913
			82.5514883249301	-110.333785496913
			82.5514883249301	-110.390600010557
			82.6083028385742	-110.390600010557
			82.6651173522184	-110.390600010557
			82.7219318658625	-110.390600010557
			82.7787463795066	-110.447414524201
			82.8355608931508	-110.447414524201
			82.8923754067949	-110.447414524201
			82.9491899204391	-110.504229037845
			83.0060044340832	-110.504229037845
			83.0628189477273	-110.504229037845
			83.1196334613715	-110.561043551489
			83.1764479750156	-110.561043551489
			83.2332624886597	-110.617858065133
			83.2900770023039	-110.617858065133
			83.346891515948	-110.674672578778
			83.4037060295921	-110.674672578778
			83.4605205432363	-110.674672578778
			83.5173350568804	-110.674672578778
			83.5741495705246	-110.731487092422
			83.6309640841687	-110.731487092422
			83.6877785978128	-110.788301606066
			83.744593111457	-110.788301606066
			83.8014076251011	-110.788301606066
			83.8014076251011	-110.84511611971
			83.8582221387452	-110.84511611971
			83.9150366523894	-110.84511611971
			83.9718511660335	-110.901930633354
			84.0286656796776	-110.901930633354
			84.0854801933218	-110.958745146998
			84.1422947069659	-110.958745146998
			84.1991092206101	-110.958745146998
			84.2559237342542	-111.015559660642
			84.3127382478983	-111.015559660642
			84.3695527615425	-111.072374174287
			84.4263672751866	-111.072374174287
			84.4831817888307	-111.129188687931
			84.5399963024749	-111.129188687931
			84.596810816119	-111.186003201575
			84.6536253297631	-111.186003201575
			84.7104398434073	-111.242817715219
			84.7672543570514	-111.242817715219
			84.8240688706956	-111.299632228863
			84.8808833843397	-111.299632228863
			84.9376978979838	-111.356446742507
			84.994512411628	-111.356446742507
			85.0513269252721	-111.413261256151
			85.1081414389162	-111.413261256151
			85.1649559525604	-111.470075769795
			85.2217704662045	-111.470075769795
			85.2785849798486	-111.52689028344
			85.3353994934928	-111.52689028344
			85.3922140071369	-111.583704797084
			85.4490285207811	-111.583704797084
			85.5058430344252	-111.640519310728
			85.5626575480693	-111.640519310728
			85.6194720617135	-111.697333824372
			85.6762865753576	-111.697333824372
			85.7331010890017	-111.754148338016
			85.7899156026459	-111.754148338016
			85.84673011629	-111.81096285166
			85.9035446299341	-111.81096285166
			85.9603591435783	-111.867777365304
			86.0171736572224	-111.924591878949
			86.0739881708666	-111.924591878949
			86.1308026845107	-111.981406392593
			86.1876171981548	-112.038220906237
			86.244431711799	-112.038220906237
			86.3012462254431	-112.095035419881
			86.3580607390872	-112.095035419881
			86.3580607390872	-112.151849933525
			86.4148752527314	-112.151849933525
			86.4716897663755	-112.151849933525
			86.4716897663755	-112.208664447169
			86.5285042800196	-112.208664447169
			86.5853187936638	-112.265478960813
			86.6421333073079	-112.322293474458
			86.6989478209521	-112.322293474458
			86.7557623345962	-112.379107988102
			86.8125768482403	-112.435922501746
			86.8693913618845	-112.435922501746
			86.9262058755286	-112.49273701539
			86.9830203891727	-112.549551529034
			87.0398349028169	-112.549551529034
			87.096649416461	-112.606366042678
			87.1534639301051	-112.663180556322
			87.2102784437493	-112.663180556322
			87.2670929573934	-112.719995069967
			87.2670929573934	-112.776809583611
			87.3239074710376	-112.776809583611
			87.3807219846817	-112.833624097255
			87.4375364983258	-112.890438610899
			87.49435101197	-112.890438610899
			87.5511655256141	-112.947253124543
			87.6079800392582	-113.004067638187
			87.6079800392582	-113.060882151831
			87.6647945529024	-113.117696665475
			87.6647945529024	-113.17451117912
			87.6647945529024	-113.231325692764
			87.6647945529024	-113.288140206408
			87.6647945529024	-113.344954720052
			87.7216090665465	-113.401769233696
			87.7216090665465	-113.45858374734
			87.7216090665465	-113.515398260984
			87.7216090665465	-113.572212774629
			87.7216090665465	-113.629027288273
			87.7216090665465	-113.685841801917
			87.7216090665465	-113.742656315561
			87.7216090665465	-113.799470829205
			87.7216090665465	-113.856285342849
			87.7216090665465	-113.913099856493
			87.6647945529024	-113.969914370138
			87.6647945529024	-114.026728883782
			87.6647945529024	-114.083543397426
			87.6647945529024	-114.14035791107
			87.6647945529024	-114.197172424714
			87.6647945529024	-114.253986938358
			87.6647945529024	-114.310801452002
			87.6079800392582	-114.310801452002
			87.6079800392582	-114.367615965646
			87.6079800392582	-114.424430479291
			87.6079800392582	-114.481244992935
			87.6079800392582	-114.538059506579
			87.5511655256141	-114.594874020223
			87.5511655256141	-114.651688533867
			87.5511655256141	-114.708503047511
			87.5511655256141	-114.765317561155
			87.6079800392582	-114.765317561155
			87.6647945529024	-114.8221320748
			87.7216090665465	-114.8221320748
			87.7784235801906	-114.8221320748
			87.8352380938348	-114.8221320748
			87.8920526074789	-114.765317561155
			87.9488671211231	-114.765317561155
			88.0056816347672	-114.765317561155
			88.0624961484113	-114.765317561155
			88.1193106620555	-114.765317561155
			88.1761251756996	-114.765317561155
			88.2329396893437	-114.765317561155
			88.2897542029879	-114.765317561155
			88.346568716632	-114.765317561155
			88.4033832302761	-114.8221320748
			88.4601977439203	-114.8221320748
			88.5170122575644	-114.878946588444
			88.5738267712086	-114.878946588444
			88.6306412848527	-114.935761102088
			88.6874557984968	-114.935761102088
			88.6874557984968	-114.992575615732
			88.744270312141	-115.049390129376
			88.8010848257851	-115.10620464302
			88.8578993394292	-115.10620464302
			88.9147138530734	-115.163019156664
			88.9715283667175	-115.219833670308
			88.9715283667175	-115.276648183953
			89.0283428803616	-115.333462697597
			89.0283428803616	-115.390277211241
			89.0851573940058	-115.447091724885
			89.1419719076499	-115.503906238529
			89.1419719076499	-115.560720752173
			89.198786421294	-115.617535265817
			89.198786421294	-115.674349779462
			89.2556009349382	-115.731164293106
			89.2556009349382	-115.78797880675
			89.2556009349382	-115.844793320394
			89.3124154485823	-115.901607834038
			89.3124154485823	-115.958422347682
			89.3692299622265	-116.015236861326
			89.3692299622265	-116.072051374971
			89.3692299622265	-116.128865888615
			89.4260444758706	-116.185680402259
			89.4260444758706	-116.242494915903
			89.4260444758706	-116.299309429547
			89.4260444758706	-116.356123943191
			89.4260444758706	-116.412938456835
			89.4260444758706	-116.469752970479
			89.4260444758706	-116.526567484124
			89.4260444758706	-116.583381997768
			89.4260444758706	-116.640196511412
			89.4260444758706	-116.697011025056
			89.4260444758706	-116.7538255387
			89.4260444758706	-116.810640052344
			89.4260444758706	-116.867454565988
			89.4260444758706	-116.924269079633
			89.3692299622265	-116.981083593277
			89.3692299622265	-117.037898106921
			89.3124154485823	-117.094712620565
			89.3124154485823	-117.151527134209
			89.2556009349382	-117.208341647853
			89.2556009349382	-117.265156161497
			89.198786421294	-117.321970675142
			89.1419719076499	-117.378785188786
			89.0851573940058	-117.43559970243
			89.0283428803616	-117.43559970243
			88.9715283667175	-117.43559970243
			88.9147138530734	-117.492414216074
			88.8578993394292	-117.492414216074
			88.8010848257851	-117.549228729718
			88.8010848257851	-117.606043243362
			88.744270312141	-117.662857757006
			88.744270312141	-117.71967227065
			88.8010848257851	-117.71967227065
			88.8578993394292	-117.776486784295
			88.9147138530734	-117.776486784295
			88.9715283667175	-117.71967227065
			89.0283428803616	-117.71967227065
			89.0851573940058	-117.71967227065
			89.1419719076499	-117.71967227065
			89.198786421294	-117.662857757006
			89.2556009349382	-117.662857757006
			89.3124154485823	-117.662857757006
			89.3692299622265	-117.606043243362
			89.4260444758706	-117.606043243362
			89.4828589895147	-117.606043243362
			89.5396735031589	-117.549228729718
			89.596488016803	-117.549228729718
			89.6533025304471	-117.549228729718
			89.7101170440913	-117.492414216074
			89.7669315577354	-117.492414216074
			89.8237460713795	-117.492414216074
			89.8805605850237	-117.492414216074
			89.9373750986678	-117.492414216074
			89.994189612312	-117.492414216074
			90.0510041259561	-117.492414216074
			90.1078186396002	-117.492414216074
			90.1646331532444	-117.549228729718
			90.2214476668885	-117.549228729718
			90.2782621805326	-117.549228729718
			90.3350766941768	-117.549228729718
			90.3918912078209	-117.549228729718
			90.448705721465	-117.606043243362
			90.5055202351092	-117.606043243362
			90.5623347487533	-117.606043243362
			90.6191492623975	-117.662857757006
			90.6759637760416	-117.662857757006
			90.7327782896857	-117.71967227065
			90.7895928033299	-117.71967227065
			90.846407316974	-117.776486784295
			90.9032218306181	-117.833301297939
			90.9600363442623	-117.890115811583
			91.0168508579064	-117.890115811583
			91.0736653715505	-117.946930325227
			91.1304798851947	-118.003744838871
			91.1872943988388	-118.003744838871
			91.244108912483	-118.060559352515
			91.244108912483	-118.117373866159
			91.3009234261271	-118.174188379804
			91.3577379397712	-118.174188379804
			91.4145524534154	-118.231002893448
			91.4145524534154	-118.287817407092
			91.4713669670595	-118.344631920736
			91.5281814807036	-118.344631920736
			91.5849959943478	-118.40144643438
			91.5849959943478	-118.458260948024
			91.6418105079919	-118.515075461668
			91.698625021636	-118.571889975313
			91.7554395352802	-118.628704488957
			91.8122540489243	-118.685519002601
			91.8690685625685	-118.742333516245
			91.8690685625685	-118.799148029889
			91.9258830762126	-118.855962543533
			91.9826975898567	-118.912777057177
			91.9826975898567	-118.969591570821
			92.0395121035009	-119.026406084466
			92.0395121035009	-119.08322059811
			92.096326617145	-119.08322059811
			92.1531411307891	-119.140035111754
			92.1531411307891	-119.196849625398
			92.2099556444333	-119.253664139042
			92.2099556444333	-119.310478652686
			92.2667701580774	-119.36729316633
			92.2667701580774	-119.424107679975
			92.3235846717215	-119.480922193619
			92.3235846717215	-119.537736707263
			92.3803991853657	-119.594551220907
			92.3803991853657	-119.651365734551
			92.4372136990098	-119.708180248195
		</suture>
		<anterior type=matrix rownames=FALSE colnames=FALSE nrow=403 ncol=2 as.numeric=TRUE >
			77.7790691788227	-109.311124251318
			77.8358836924668	-109.311124251318
			77.8926982061109	-109.311124251318
			77.9495127197551	-109.311124251318
			78.0063272333992	-109.367938764962
			78.0631417470433	-109.367938764962
			78.1199562606875	-109.367938764962
			78.1767707743316	-109.367938764962
			78.2335852879757	-109.367938764962
			78.2903998016199	-109.367938764962
			78.347214315264	-109.367938764962
			78.4040288289082	-109.424753278607
			78.4608433425523	-109.424753278607
			78.5176578561964	-109.424753278607
			78.5744723698405	-109.424753278607
			78.6312868834847	-109.424753278607
			78.6881013971288	-109.424753278607
			78.744915910773	-109.481567792251
			78.8017304244171	-109.481567792251
			78.8585449380612	-109.481567792251
			78.9153594517054	-109.481567792251
			78.9721739653495	-109.481567792251
			79.0289884789937	-109.481567792251
			79.0858029926378	-109.538382305895
			79.1426175062819	-109.538382305895
			79.199432019926	-109.538382305895
			79.2562465335702	-109.538382305895
			79.3130610472143	-109.538382305895
			79.3698755608585	-109.538382305895
			79.4266900745026	-109.595196819539
			79.4835045881467	-109.595196819539
			79.5403191017909	-109.595196819539
			79.597133615435	-109.595196819539
			79.6539481290791	-109.595196819539
			79.7107626427233	-109.652011333183
			79.7675771563674	-109.652011333183
			79.8243916700116	-109.652011333183
			79.8812061836557	-109.652011333183
			79.9380206972998	-109.652011333183
			79.9380206972998	-109.708825846827
			79.994835210944	-109.708825846827
			80.0516497245881	-109.708825846827
			80.1084642382322	-109.708825846827
			80.1652787518764	-109.708825846827
			80.2220932655205	-109.765640360471
			80.2789077791646	-109.765640360471
			80.3357222928088	-109.765640360471
			80.3925368064529	-109.765640360471
			80.4493513200971	-109.765640360471
			80.4493513200971	-109.822454874116
			80.5061658337412	-109.822454874116
			80.5629803473853	-109.822454874116
			80.6197948610295	-109.822454874116
			80.6766093746736	-109.822454874116
			80.7334238883177	-109.87926938776
			80.7902384019619	-109.87926938776
			80.847052915606	-109.87926938776
			80.9038674292501	-109.87926938776
			80.9606819428943	-109.936083901404
			81.0174964565384	-109.936083901404
			81.0743109701826	-109.936083901404
			81.1311254838267	-109.992898415048
			81.1879399974708	-109.992898415048
			81.244754511115	-109.992898415048
			81.3015690247591	-109.992898415048
			81.3583835384032	-110.049712928692
			81.4151980520474	-110.049712928692
			81.4720125656915	-110.049712928692
			81.5288270793356	-110.049712928692
			81.5856415929798	-110.106527442336
			81.6424561066239	-110.106527442336
			81.6992706202681	-110.106527442336
			81.7560851339122	-110.106527442336
			81.8128996475563	-110.16334195598
			81.8697141612005	-110.16334195598
			81.9265286748446	-110.16334195598
			81.9265286748446	-110.220156469624
			81.9833431884887	-110.220156469624
			82.0401577021329	-110.220156469624
			82.096972215777	-110.220156469624
			82.1537867294211	-110.276970983269
			82.2106012430653	-110.276970983269
			82.2674157567094	-110.276970983269
			82.3242302703536	-110.276970983269
			82.3810447839977	-110.333785496913
			82.4378592976418	-110.333785496913
			82.494673811286	-110.390600010557
			82.5514883249301	-110.390600010557
			82.6083028385742	-110.390600010557
			82.6651173522184	-110.390600010557
			82.6651173522184	-110.447414524201
			82.7219318658625	-110.447414524201
			82.7787463795066	-110.447414524201
			82.8355608931508	-110.504229037845
			82.8923754067949	-110.504229037845
			82.9491899204391	-110.504229037845
			83.0060044340832	-110.561043551489
			83.0628189477273	-110.561043551489
			83.1196334613715	-110.561043551489
			83.1764479750156	-110.617858065133
			83.2332624886597	-110.617858065133
			83.2900770023039	-110.617858065133
			83.346891515948	-110.674672578778
			83.4037060295921	-110.674672578778
			83.4605205432363	-110.674672578778
			83.4605205432363	-110.731487092422
			83.5173350568804	-110.731487092422
			83.5741495705246	-110.731487092422
			83.6309640841687	-110.788301606066
			83.6877785978128	-110.788301606066
			83.744593111457	-110.788301606066
			83.8014076251011	-110.84511611971
			83.8582221387452	-110.84511611971
			83.9150366523894	-110.84511611971
			83.9718511660335	-110.901930633354
			84.0286656796776	-110.958745146998
			84.0854801933218	-110.958745146998
			84.1422947069659	-110.958745146998
			84.1991092206101	-111.015559660642
			84.2559237342542	-111.015559660642
			84.3127382478983	-111.072374174287
			84.3695527615425	-111.072374174287
			84.4263672751866	-111.072374174287
			84.4831817888307	-111.129188687931
			84.5399963024749	-111.129188687931
			84.596810816119	-111.186003201575
			84.6536253297631	-111.186003201575
			84.7104398434073	-111.186003201575
			84.7672543570514	-111.242817715219
			84.8240688706956	-111.242817715219
			84.8808833843397	-111.299632228863
			84.9376978979838	-111.299632228863
			84.994512411628	-111.356446742507
			85.0513269252721	-111.356446742507
			85.1081414389162	-111.413261256151
			85.1649559525604	-111.413261256151
			85.2217704662045	-111.413261256151
			85.2217704662045	-111.470075769795
			85.2785849798486	-111.470075769795
			85.3353994934928	-111.470075769795
			85.3353994934928	-111.52689028344
			85.3922140071369	-111.52689028344
			85.4490285207811	-111.52689028344
			85.4490285207811	-111.583704797084
			85.5058430344252	-111.583704797084
			85.5626575480693	-111.583704797084
			85.5626575480693	-111.640519310728
			85.6194720617135	-111.640519310728
			85.6762865753576	-111.640519310728
			85.6762865753576	-111.697333824372
			85.7331010890017	-111.697333824372
			85.7899156026459	-111.754148338016
			85.84673011629	-111.754148338016
			85.9035446299341	-111.81096285166
			85.9603591435783	-111.81096285166
			86.0171736572224	-111.867777365304
			86.0739881708666	-111.867777365304
			86.1308026845107	-111.924591878949
			86.1876171981548	-111.981406392593
			86.244431711799	-112.038220906237
			86.3012462254431	-112.038220906237
			86.3012462254431	-112.095035419881
			86.3580607390872	-112.151849933525
			86.4148752527314	-112.151849933525
			86.4716897663755	-112.208664447169
			86.5285042800196	-112.208664447169
			86.5285042800196	-112.265478960813
			86.5853187936638	-112.322293474458
			86.6421333073079	-112.322293474458
			86.6989478209521	-112.379107988102
			86.7557623345962	-112.435922501746
			86.8125768482403	-112.49273701539
			86.8693913618845	-112.49273701539
			86.9262058755286	-112.549551529034
			86.9830203891727	-112.606366042678
			87.0398349028169	-112.663180556322
			87.096649416461	-112.719995069967
			87.1534639301051	-112.719995069967
			87.2102784437493	-112.776809583611
			87.2670929573934	-112.776809583611
			87.2670929573934	-112.833624097255
			87.3239074710376	-112.833624097255
			87.3239074710376	-112.890438610899
			87.3807219846817	-112.890438610899
			87.4375364983258	-112.947253124543
			87.49435101197	-113.004067638187
			87.5511655256141	-113.060882151831
			87.6079800392582	-113.117696665475
			87.6647945529024	-113.17451117912
			87.7216090665465	-113.231325692764
			87.7784235801906	-113.288140206408
			87.7784235801906	-113.344954720052
			87.8352380938348	-113.401769233696
			87.8920526074789	-113.401769233696
			87.8920526074789	-113.45858374734
			87.9488671211231	-113.515398260984
			88.0056816347672	-113.572212774629
			88.0624961484113	-113.629027288273
			88.1193106620555	-113.685841801917
			88.1761251756996	-113.742656315561
			88.2329396893437	-113.799470829205
			88.2329396893437	-113.856285342849
			88.2897542029879	-113.913099856493
			88.346568716632	-113.969914370138
			88.4033832302761	-114.026728883782
			88.4033832302761	-114.083543397426
			88.4601977439203	-114.083543397426
			88.5170122575644	-114.14035791107
			88.5738267712086	-114.197172424714
			88.6306412848527	-114.253986938358
			88.6874557984968	-114.310801452002
			88.744270312141	-114.367615965646
			88.744270312141	-114.424430479291
			88.8010848257851	-114.481244992935
			88.8578993394292	-114.538059506579
			88.9147138530734	-114.594874020223
			88.9715283667175	-114.651688533867
			89.0283428803616	-114.708503047511
			89.0851573940058	-114.765317561155
			89.1419719076499	-114.8221320748
			89.198786421294	-114.878946588444
			89.2556009349382	-114.935761102088
			89.3124154485823	-114.992575615732
			89.3124154485823	-115.049390129376
			89.3692299622265	-115.10620464302
			89.4260444758706	-115.163019156664
			89.4828589895147	-115.219833670308
			89.5396735031589	-115.276648183953
			89.5396735031589	-115.333462697597
			89.596488016803	-115.390277211241
			89.6533025304471	-115.447091724885
			89.7101170440913	-115.447091724885
			89.7101170440913	-115.503906238529
			89.7669315577354	-115.560720752173
			89.8237460713795	-115.617535265817
			89.8805605850237	-115.674349779462
			89.8805605850237	-115.731164293106
			89.9373750986678	-115.731164293106
			89.994189612312	-115.78797880675
			90.0510041259561	-115.844793320394
			90.0510041259561	-115.901607834038
			90.1078186396002	-115.958422347682
			90.1646331532444	-116.015236861326
			90.2214476668885	-116.072051374971
			90.2782621805326	-116.128865888615
			90.3350766941768	-116.185680402259
			90.3918912078209	-116.242494915903
			90.448705721465	-116.299309429547
			90.5055202351092	-116.356123943191
			90.5623347487533	-116.412938456835
			90.6191492623975	-116.469752970479
			90.6759637760416	-116.469752970479
			90.6759637760416	-116.526567484124
			90.7327782896857	-116.583381997768
			90.7895928033299	-116.640196511412
			90.846407316974	-116.697011025056
			90.9032218306181	-116.7538255387
			90.9600363442623	-116.810640052344
			90.9600363442623	-116.867454565988
			91.0168508579064	-116.924269079633
			91.0736653715505	-116.981083593277
			91.1304798851947	-117.037898106921
			91.1304798851947	-117.094712620565
			91.1872943988388	-117.151527134209
			91.244108912483	-117.208341647853
			91.3009234261271	-117.265156161497
			91.3009234261271	-117.321970675142
			91.3577379397712	-117.378785188786
			91.4145524534154	-117.43559970243
			91.4145524534154	-117.492414216074
			91.4713669670595	-117.549228729718
			91.5281814807036	-117.606043243362
			91.5281814807036	-117.662857757006
			91.5849959943478	-117.71967227065
			91.6418105079919	-117.776486784295
			91.6418105079919	-117.833301297939
			91.698625021636	-117.890115811583
			91.698625021636	-117.946930325227
			91.698625021636	-118.003744838871
			91.7554395352802	-118.060559352515
			91.8122540489243	-118.117373866159
			91.8122540489243	-118.174188379804
			91.8690685625685	-118.231002893448
			91.8690685625685	-118.287817407092
			91.9258830762126	-118.344631920736
			91.9258830762126	-118.40144643438
			91.9826975898567	-118.458260948024
			91.9826975898567	-118.515075461668
			92.0395121035009	-118.571889975313
			92.0395121035009	-118.628704488957
			92.0395121035009	-118.685519002601
			92.096326617145	-118.685519002601
			92.096326617145	-118.742333516245
			92.096326617145	-118.799148029889
			92.1531411307891	-118.855962543533
			92.1531411307891	-118.912777057177
			92.1531411307891	-118.969591570821
			92.2099556444333	-118.969591570821
			92.2099556444333	-119.026406084466
			92.2099556444333	-119.08322059811
			92.2667701580774	-119.140035111754
			92.2667701580774	-119.196849625398
			92.2667701580774	-119.253664139042
			92.3235846717215	-119.310478652686
			92.3235846717215	-119.36729316633
			92.3235846717215	-119.424107679975
			92.3803991853657	-119.480922193619
			92.3803991853657	-119.537736707263
			92.4372136990098	-119.594551220907
			92.4372136990098	-119.651365734551
			92.4372136990098	-119.708180248195
			92.4372136990098	-119.764994761839
			92.494028212654	-119.821809275484
			92.494028212654	-119.878623789128
			92.494028212654	-119.935438302772
			92.5508427262981	-119.992252816416
			92.5508427262981	-120.04906733006
			92.5508427262981	-120.105881843704
			92.5508427262981	-120.162696357348
			92.6076572399422	-120.219510870992
			92.6076572399422	-120.276325384637
			92.6076572399422	-120.333139898281
			92.6644717535864	-120.389954411925
			92.6644717535864	-120.446768925569
			92.6644717535864	-120.503583439213
			92.6644717535864	-120.560397952857
			92.6644717535864	-120.617212466501
			92.7212862672305	-120.674026980146
			92.7212862672305	-120.73084149379
			92.7212862672305	-120.787656007434
			92.7212862672305	-120.844470521078
			92.7781007808746	-120.901285034722
			92.7781007808746	-120.958099548366
			92.7781007808746	-121.01491406201
			92.7781007808746	-121.071728575655
			92.7781007808746	-121.128543089299
			92.8349152945188	-121.185357602943
			92.8349152945188	-121.242172116587
			92.8349152945188	-121.298986630231
			92.8349152945188	-121.355801143875
			92.8349152945188	-121.412615657519
			92.8917298081629	-121.469430171163
			92.8917298081629	-121.526244684808
			92.8917298081629	-121.583059198452
			92.8917298081629	-121.639873712096
			92.8917298081629	-121.69668822574
			92.8917298081629	-121.753502739384
			92.948544321807	-121.810317253028
			92.948544321807	-121.867131766672
			92.948544321807	-121.923946280317
			92.948544321807	-121.980760793961
			92.948544321807	-122.037575307605
			92.948544321807	-122.094389821249
			92.948544321807	-122.151204334893
			93.0053588354512	-122.208018848537
			93.0053588354512	-122.264833362181
			93.0053588354512	-122.321647875826
			93.0053588354512	-122.37846238947
			93.0053588354512	-122.435276903114
			93.0053588354512	-122.492091416758
			93.0053588354512	-122.548905930402
			93.0053588354512	-122.605720444046
			93.0621733490953	-122.66253495769
			93.0621733490953	-122.719349471334
			93.0621733490953	-122.776163984979
			93.0621733490953	-122.832978498623
			93.0621733490953	-122.889793012267
			93.0621733490953	-122.946607525911
			93.0621733490953	-123.003422039555
			93.0621733490953	-123.060236553199
			93.0621733490953	-123.117051066843
			93.0621733490953	-123.173865580488
			93.1189878627395	-123.230680094132
			93.1189878627395	-123.287494607776
			93.1189878627395	-123.34430912142
			93.1189878627395	-123.401123635064
			93.1189878627395	-123.457938148708
			93.1189878627395	-123.514752662352
			93.1189878627395	-123.571567175997
			93.1189878627395	-123.628381689641
			93.1189878627395	-123.685196203285
			93.1189878627395	-123.742010716929
			93.1189878627395	-123.798825230573
			93.1189878627395	-123.855639744217
			93.1189878627395	-123.912454257861
			93.1189878627395	-123.969268771505
			93.1189878627395	-124.02608328515
			93.1758023763836	-124.02608328515
			93.1758023763836	-124.082897798794
			93.1758023763836	-124.139712312438
			93.1758023763836	-124.196526826082
			93.1758023763836	-124.253341339726
			93.1758023763836	-124.31015585337
			93.1758023763836	-124.366970367014
			93.1758023763836	-124.423784880659
			93.1758023763836	-124.480599394303
			93.1758023763836	-124.537413907947
			93.1758023763836	-124.594228421591
			93.1758023763836	-124.651042935235
			93.1758023763836	-124.707857448879
			93.1758023763836	-124.764671962523
			93.1758023763836	-124.821486476168
			93.1758023763836	-124.878300989812
		</anterior>
		<posterior type=matrix rownames=FALSE colnames=FALSE nrow=303 ncol=2 as.numeric=TRUE >
			77.7790691788227	-124.878300989812
			77.8358836924668	-124.878300989812
			77.8926982061109	-124.878300989812
			77.9495127197551	-124.878300989812
			78.0063272333992	-124.935115503456
			78.0631417470433	-124.935115503456
			78.1199562606875	-124.935115503456
			78.1767707743316	-124.935115503456
			78.2335852879757	-124.935115503456
			78.2903998016199	-124.935115503456
			78.347214315264	-124.935115503456
			78.4040288289082	-124.935115503456
			78.4608433425523	-124.935115503456
			78.5176578561964	-124.9919300171
			78.5744723698405	-124.9919300171
			78.6312868834847	-124.9919300171
			78.6881013971288	-124.9919300171
			78.744915910773	-124.9919300171
			78.8017304244171	-124.9919300171
			78.8585449380612	-124.9919300171
			78.9153594517054	-124.9919300171
			78.9721739653495	-124.9919300171
			79.0289884789937	-124.9919300171
			79.0858029926378	-124.9919300171
			79.1426175062819	-124.9919300171
			79.199432019926	-124.9919300171
			79.2562465335702	-124.9919300171
			79.3130610472143	-124.9919300171
			79.3698755608585	-124.9919300171
			79.4266900745026	-124.9919300171
			79.4835045881467	-124.9919300171
			79.5403191017909	-124.9919300171
			79.597133615435	-124.9919300171
			79.6539481290791	-124.9919300171
			79.7107626427233	-124.9919300171
			79.7675771563674	-124.9919300171
			79.8243916700116	-124.9919300171
			79.8812061836557	-124.9919300171
			79.9380206972998	-124.9919300171
			79.994835210944	-124.9919300171
			80.0516497245881	-124.9919300171
			80.1084642382322	-124.9919300171
			80.1652787518764	-124.9919300171
			80.2220932655205	-124.9919300171
			80.2789077791646	-124.9919300171
			80.3357222928088	-124.9919300171
			80.3925368064529	-124.9919300171
			80.4493513200971	-124.9919300171
			80.5061658337412	-124.9919300171
			80.5629803473853	-124.9919300171
			80.6197948610295	-124.9919300171
			80.6766093746736	-124.9919300171
			80.7334238883177	-124.9919300171
			80.7902384019619	-124.9919300171
			80.847052915606	-124.935115503456
			80.9038674292501	-124.935115503456
			80.9606819428943	-124.935115503456
			81.0174964565384	-124.935115503456
			81.0743109701826	-124.935115503456
			81.1311254838267	-124.935115503456
			81.1879399974708	-124.935115503456
			81.244754511115	-124.935115503456
			81.3015690247591	-124.935115503456
			81.3583835384032	-124.9919300171
			81.4151980520474	-124.9919300171
			81.4720125656915	-124.9919300171
			81.5288270793356	-124.9919300171
			81.5856415929798	-124.9919300171
			81.6424561066239	-124.9919300171
			81.6992706202681	-124.9919300171
			81.6992706202681	-125.048744530744
			81.7560851339122	-125.048744530744
			81.8128996475563	-125.048744530744
			81.8697141612005	-125.048744530744
			81.9265286748446	-125.048744530744
			81.9833431884887	-125.105559044388
			82.0401577021329	-125.105559044388
			82.096972215777	-125.105559044388
			82.1537867294211	-125.105559044388
			82.2106012430653	-125.105559044388
			82.2674157567094	-125.105559044388
			82.2674157567094	-125.162373558032
			82.3242302703536	-125.162373558032
			82.3810447839977	-125.162373558032
			82.4378592976418	-125.162373558032
			82.494673811286	-125.162373558032
			82.5514883249301	-125.219188071676
			82.6083028385742	-125.219188071676
			82.6651173522184	-125.219188071676
			82.7219318658625	-125.219188071676
			82.7787463795066	-125.276002585321
			82.8355608931508	-125.276002585321
			82.8923754067949	-125.276002585321
			82.9491899204391	-125.276002585321
			83.0060044340832	-125.332817098965
			83.0628189477273	-125.332817098965
			83.1196334613715	-125.332817098965
			83.1764479750156	-125.332817098965
			83.2332624886597	-125.389631612609
			83.2900770023039	-125.389631612609
			83.346891515948	-125.389631612609
			83.4037060295921	-125.389631612609
			83.4605205432363	-125.446446126253
			83.5173350568804	-125.446446126253
			83.5741495705246	-125.446446126253
			83.6309640841687	-125.446446126253
			83.6877785978128	-125.503260639897
			83.744593111457	-125.503260639897
			83.8014076251011	-125.503260639897
			83.8582221387452	-125.560075153541
			83.9150366523894	-125.560075153541
			83.9718511660335	-125.560075153541
			84.0286656796776	-125.560075153541
			84.0286656796776	-125.616889667185
			84.0854801933218	-125.616889667185
			84.1422947069659	-125.616889667185
			84.1991092206101	-125.616889667185
			84.2559237342542	-125.67370418083
			84.3127382478983	-125.67370418083
			84.3695527615425	-125.67370418083
			84.4263672751866	-125.67370418083
			84.4831817888307	-125.730518694474
			84.5399963024749	-125.730518694474
			84.596810816119	-125.730518694474
			84.6536253297631	-125.787333208118
			84.7104398434073	-125.787333208118
			84.7672543570514	-125.787333208118
			84.8240688706956	-125.844147721762
			84.8808833843397	-125.844147721762
			84.9376978979838	-125.844147721762
			84.994512411628	-125.844147721762
			85.0513269252721	-125.900962235406
			85.1081414389162	-125.900962235406
			85.1649559525604	-125.900962235406
			85.2217704662045	-125.95777674905
			85.2785849798486	-125.95777674905
			85.3353994934928	-125.95777674905
			85.3922140071369	-125.95777674905
			85.3922140071369	-126.014591262694
			85.4490285207811	-126.014591262694
			85.5058430344252	-126.014591262694
			85.5626575480693	-126.014591262694
			85.6194720617135	-126.071405776339
			85.6762865753576	-126.071405776339
			85.7331010890017	-126.071405776339
			85.7899156026459	-126.128220289983
			85.84673011629	-126.128220289983
			85.9035446299341	-126.128220289983
			85.9603591435783	-126.128220289983
			86.0171736572224	-126.185034803627
			86.0739881708666	-126.185034803627
			86.1308026845107	-126.185034803627
			86.1876171981548	-126.185034803627
			86.244431711799	-126.185034803627
			86.3012462254431	-126.241849317271
			86.3580607390872	-126.241849317271
			86.4148752527314	-126.241849317271
			86.4716897663755	-126.241849317271
			86.5285042800196	-126.241849317271
			86.5853187936638	-126.241849317271
			86.6421333073079	-126.298663830915
			86.6989478209521	-126.298663830915
			86.7557623345962	-126.298663830915
			86.8125768482403	-126.298663830915
			86.8693913618845	-126.298663830915
			86.9262058755286	-126.298663830915
			86.9830203891727	-126.298663830915
			87.0398349028169	-126.355478344559
			87.096649416461	-126.355478344559
			87.1534639301051	-126.355478344559
			87.2102784437493	-126.355478344559
			87.2670929573934	-126.355478344559
			87.3239074710376	-126.355478344559
			87.3807219846817	-126.355478344559
			87.4375364983258	-126.355478344559
			87.49435101197	-126.412292858203
			87.5511655256141	-126.412292858203
			87.6079800392582	-126.412292858203
			87.6647945529024	-126.412292858203
			87.7216090665465	-126.412292858203
			87.7784235801906	-126.412292858203
			87.8352380938348	-126.412292858203
			87.8920526074789	-126.412292858203
			87.9488671211231	-126.412292858203
			88.0056816347672	-126.412292858203
			88.0624961484113	-126.412292858203
			88.1193106620555	-126.469107371847
			88.1761251756996	-126.469107371847
			88.2329396893437	-126.469107371847
			88.2897542029879	-126.469107371847
			88.346568716632	-126.469107371847
			88.4033832302761	-126.469107371847
			88.4601977439203	-126.469107371847
			88.5170122575644	-126.469107371847
			88.5738267712086	-126.469107371847
			88.6306412848527	-126.469107371847
			88.6874557984968	-126.469107371847
			88.744270312141	-126.469107371847
			88.8010848257851	-126.469107371847
			88.8578993394292	-126.469107371847
			88.9147138530734	-126.469107371847
			88.9715283667175	-126.525921885492
			89.0283428803616	-126.525921885492
			89.0851573940058	-126.525921885492
			89.1419719076499	-126.525921885492
			89.198786421294	-126.525921885492
			89.2556009349382	-126.525921885492
			89.3124154485823	-126.525921885492
			89.3692299622265	-126.525921885492
			89.4260444758706	-126.525921885492
			89.4828589895147	-126.525921885492
			89.5396735031589	-126.525921885492
			89.596488016803	-126.525921885492
			89.6533025304471	-126.525921885492
			89.7101170440913	-126.525921885492
			89.7669315577354	-126.525921885492
			89.8237460713795	-126.525921885492
			89.8805605850237	-126.525921885492
			89.9373750986678	-126.525921885492
			89.994189612312	-126.525921885492
			90.0510041259561	-126.525921885492
			90.1078186396002	-126.525921885492
			90.1646331532444	-126.525921885492
			90.2214476668885	-126.525921885492
			90.2782621805326	-126.525921885492
			90.3350766941768	-126.525921885492
			90.3918912078209	-126.525921885492
			90.448705721465	-126.525921885492
			90.5055202351092	-126.525921885492
			90.5623347487533	-126.525921885492
			90.6191492623975	-126.525921885492
			90.6759637760416	-126.525921885492
			90.7327782896857	-126.525921885492
			90.7895928033299	-126.525921885492
			90.846407316974	-126.525921885492
			90.9032218306181	-126.525921885492
			90.9600363442623	-126.525921885492
			91.0168508579064	-126.525921885492
			91.0736653715505	-126.525921885492
			91.1304798851947	-126.525921885492
			91.1872943988388	-126.525921885492
			91.244108912483	-126.525921885492
			91.3009234261271	-126.525921885492
			91.3577379397712	-126.525921885492
			91.4145524534154	-126.525921885492
			91.4713669670595	-126.525921885492
			91.5281814807036	-126.525921885492
			91.5849959943478	-126.525921885492
			91.6418105079919	-126.525921885492
			91.698625021636	-126.525921885492
			91.7554395352802	-126.525921885492
			91.8122540489243	-126.525921885492
			91.8690685625685	-126.525921885492
			91.9258830762126	-126.525921885492
			91.9826975898567	-126.525921885492
			92.0395121035009	-126.525921885492
			92.096326617145	-126.525921885492
			92.1531411307891	-126.525921885492
			92.2099556444333	-126.525921885492
			92.2667701580774	-126.525921885492
			92.3235846717215	-126.525921885492
			92.3803991853657	-126.525921885492
			92.4372136990098	-126.525921885492
			92.494028212654	-126.469107371847
			92.5508427262981	-126.469107371847
			92.6076572399422	-126.469107371847
			92.6644717535864	-126.469107371847
			92.7212862672305	-126.469107371847
			92.7781007808746	-126.469107371847
			92.8349152945188	-126.469107371847
			92.8917298081629	-126.469107371847
			92.948544321807	-126.469107371847
			93.0053588354512	-126.469107371847
			93.0621733490953	-126.469107371847
			93.1189878627395	-126.469107371847
			93.1189878627395	-126.412292858203
			93.1189878627395	-126.355478344559
			93.1758023763836	-126.298663830915
			93.1758023763836	-126.241849317271
			93.1758023763836	-126.185034803627
			93.1758023763836	-126.128220289983
			93.1758023763836	-126.071405776339
			93.1758023763836	-126.014591262694
			93.1758023763836	-125.95777674905
			93.1758023763836	-125.900962235406
			93.2326168900277	-125.844147721762
			93.2326168900277	-125.787333208118
			93.2326168900277	-125.730518694474
			93.2326168900277	-125.67370418083
			93.2326168900277	-125.616889667185
			93.2326168900277	-125.560075153541
			93.2326168900277	-125.503260639897
			93.2326168900277	-125.446446126253
			93.2326168900277	-125.389631612609
			93.2326168900277	-125.332817098965
			93.2326168900277	-125.276002585321
			93.2326168900277	-125.219188071676
			93.2326168900277	-125.162373558032
			93.2326168900277	-125.105559044388
			93.1758023763836	-125.048744530744
			93.1758023763836	-124.9919300171
			93.1758023763836	-124.935115503456
			93.1758023763836	-124.878300989812
		</posterior>
	</curves.scaled>
	<ruler.points type=matrix rownames=TRUE colnames=FALSE nrow=2 ncol=2 as.numeric=TRUE >
		Ruler point 1	1542	1933
		Ruler point 2	1630	1934
	</ruler.points>
</shapes>

