<shapes type=list>
	<ruler.pixel type=vector names=FALSE length=1 as.numeric=TRUE >91</ruler.pixel>
	<ruler.interval type=vector names=FALSE length=1 as.numeric=TRUE >3.52</ruler.interval>
	<scaling.units type=vector names=FALSE length=1 as.numeric=FALSE >mm</scaling.units>
	<scaling type=vector names=FALSE length=1 as.numeric=TRUE >0.0386813186813187</scaling>
	<landmarks.pixel type=matrix rownames=TRUE colnames=FALSE nrow=16 ncol=2 as.numeric=TRUE >
		LM1	167	2
		LM2	174	67
		LM3	167	147
		LM4	168	157
		LM5	204	124
		LM6	198	144
		LM7	197	151
		LM8	226	73
		LM9	227	95
		LM10	167	2
		LM11	312	133
		LM12	313	151
		LM13	166	2
		LM14	242	84
		LM15	334	157
		LM16	333	220
	</landmarks.pixel>
	<landmarks.scaled type=matrix rownames=TRUE colnames=FALSE nrow=16 ncol=2 as.numeric=TRUE >
		LM1	6.45978021978022	-0.0773626373626374
		LM2	6.73054945054945	-2.59164835164835
		LM3	6.45978021978022	-5.68615384615385
		LM4	6.49846153846154	-6.07296703296703
		LM5	7.89098901098901	-4.79648351648352
		LM6	7.6589010989011	-5.57010989010989
		LM7	7.62021978021978	-5.84087912087912
		LM8	8.74197802197802	-2.82373626373626
		LM9	8.78065934065934	-3.67472527472527
		LM10	6.45978021978022	-0.0773626373626374
		LM11	12.0685714285714	-5.14461538461538
		LM12	12.1072527472527	-5.84087912087912
		LM13	6.4210989010989	-0.0773626373626374
		LM14	9.36087912087912	-3.24923076923077
		LM15	12.9195604395604	-6.07296703296703
		LM16	12.8808791208791	-8.50989010989011
	</landmarks.scaled>
	<curves.control type=list>
		<glabella type=matrix rownames=FALSE colnames=FALSE nrow=9 ncol=2 as.numeric=TRUE >
			174	67
			192	66
			194	80
			193	96
			199	109
			205	114
			201	128
			198	135
			197	151
		</glabella>
		<suture type=matrix rownames=FALSE colnames=FALSE nrow=15 ncol=2 as.numeric=TRUE >
			167	2
			195	0
			219	3
			235	21
			224	68
			224	74
			232	75
			240	89
			227	94
			238	105
			278	115
			294	123
			302	130
			311	140
			313	151
		</suture>
		<anterior type=matrix rownames=FALSE colnames=FALSE nrow=11 ncol=2 as.numeric=TRUE >
			166	2
			184	1
			201	2
			228	3
			247	8
			299	21
			319	63
			330	98
			332	127
			332	139
			334	157
		</anterior>
		<posterior type=matrix rownames=FALSE colnames=FALSE nrow=21 ncol=2 as.numeric=TRUE >
			168	157
			180	159
			193	155
			198	150
			203	154
			222	151
			243	149
			264	148
			279	146
			291	147
			306	148
			322	149
			322	160
			325	169
			327	182
			330	197
			330	211
			331	235
			335	197
			336	171
			334	157
		</posterior>
	</curves.control>
	<curves.pixel type=list>
		<glabella type=matrix rownames=FALSE colnames=FALSE nrow=97 ncol=2 as.numeric=TRUE >
			174	67
			175	67
			176	67
			177	67
			178	67
			179	67
			180	67
			181	67
			182	67
			183	68
			184	68
			185	68
			186	69
			187	69
			188	70
			189	71
			190	72
			191	73
			192	74
			193	75
			193	76
			193	77
			194	78
			194	79
			194	80
			194	81
			194	82
			194	83
			194	84
			194	85
			194	86
			194	87
			194	88
			194	89
			194	90
			194	91
			194	92
			194	93
			195	94
			195	95
			195	96
			195	97
			195	98
			195	99
			196	99
			196	100
			196	101
			196	102
			197	103
			197	104
			197	105
			198	106
			198	107
			199	108
			199	109
			200	110
			201	111
			201	112
			202	113
			202	114
			202	115
			203	116
			203	117
			203	118
			203	119
			203	120
			202	121
			202	122
			202	123
			202	124
			202	125
			202	126
			201	127
			201	128
			201	129
			200	130
			200	131
			200	132
			199	133
			199	134
			199	135
			199	136
			199	137
			198	138
			198	139
			198	140
			198	141
			198	142
			198	143
			198	144
			197	145
			197	146
			197	147
			197	148
			197	149
			197	150
			197	151
		</glabella>
		<suture type=matrix rownames=FALSE colnames=FALSE nrow=254 ncol=2 as.numeric=TRUE >
			167	2
			168	2
			169	2
			170	2
			171	2
			172	2
			173	2
			174	2
			175	2
			176	2
			176	1
			177	1
			178	1
			179	1
			180	1
			181	1
			182	1
			183	1
			184	1
			185	1
			186	1
			187	1
			188	1
			189	1
			190	1
			191	1
			192	1
			193	1
			194	1
			195	1
			196	1
			197	1
			198	1
			199	1
			200	1
			201	1
			202	2
			203	2
			204	2
			205	2
			206	2
			207	2
			208	2
			209	2
			210	2
			211	2
			212	2
			213	2
			214	2
			215	3
			216	3
			217	3
			218	3
			219	3
			220	4
			221	5
			221	6
			222	7
			223	8
			223	9
			224	10
			224	11
			225	12
			225	13
			226	14
			226	15
			226	16
			226	17
			227	18
			227	19
			227	20
			227	21
			227	22
			228	23
			228	24
			228	25
			228	26
			228	27
			228	28
			228	29
			228	30
			228	31
			228	32
			228	33
			228	34
			228	35
			228	36
			228	37
			228	38
			228	39
			228	40
			228	41
			228	42
			228	43
			228	44
			228	45
			228	46
			228	47
			228	48
			228	49
			227	50
			227	51
			227	52
			227	53
			227	54
			227	55
			226	56
			226	57
			226	58
			226	59
			226	60
			226	61
			225	62
			225	63
			225	64
			225	65
			224	66
			224	67
			224	68
			224	69
			224	70
			225	71
			225	72
			226	73
			227	74
			228	74
			229	74
			230	75
			231	75
			232	75
			233	76
			233	77
			234	78
			234	79
			234	80
			235	81
			235	82
			235	83
			235	84
			235	85
			235	86
			235	87
			234	88
			234	89
			233	90
			232	91
			231	92
			230	93
			229	93
			228	94
			227	94
			228	95
			229	96
			230	97
			231	97
			232	98
			233	98
			233	99
			234	99
			235	100
			236	100
			237	101
			238	101
			239	102
			240	102
			241	103
			242	103
			243	104
			244	104
			245	105
			246	105
			247	106
			248	106
			249	106
			250	107
			251	107
			252	107
			253	108
			254	108
			255	108
			256	109
			257	109
			258	109
			259	110
			260	110
			261	110
			262	111
			263	111
			264	111
			265	111
			265	112
			266	112
			267	112
			268	112
			269	113
			270	113
			271	113
			272	113
			273	114
			274	114
			275	114
			276	114
			277	115
			278	115
			279	115
			279	116
			280	116
			281	116
			282	117
			283	118
			284	118
			285	119
			286	119
			287	120
			288	120
			288	121
			289	121
			290	121
			291	122
			292	123
			293	124
			294	124
			295	125
			296	125
			296	126
			297	126
			298	127
			299	128
			300	129
			301	130
			302	130
			303	131
			304	132
			304	133
			305	133
			306	134
			306	135
			307	136
			307	137
			308	138
			308	139
			309	139
			309	140
			310	141
			310	142
			311	143
			311	144
			311	145
			312	146
			312	147
			312	148
			313	149
			313	150
			313	151
		</suture>
		<anterior type=matrix rownames=FALSE colnames=FALSE nrow=266 ncol=2 as.numeric=TRUE >
			166	2
			167	2
			168	2
			169	2
			170	2
			171	2
			172	2
			173	2
			174	2
			175	2
			176	2
			177	2
			178	2
			179	2
			180	2
			181	2
			182	2
			183	2
			184	2
			185	2
			186	2
			187	2
			188	2
			189	2
			190	2
			191	2
			192	2
			193	2
			194	2
			195	2
			196	2
			197	2
			198	2
			199	2
			200	2
			201	2
			202	2
			203	2
			204	2
			205	2
			206	2
			207	2
			208	2
			209	2
			210	2
			211	3
			212	3
			213	3
			214	3
			215	3
			216	3
			217	3
			218	3
			219	3
			220	3
			221	3
			222	4
			223	4
			224	4
			225	4
			226	4
			227	4
			228	4
			229	4
			230	5
			231	5
			232	5
			233	5
			234	5
			235	5
			236	6
			237	6
			238	6
			239	6
			240	6
			241	7
			242	7
			243	7
			244	7
			245	7
			245	8
			246	8
			247	8
			248	8
			249	9
			250	9
			251	9
			252	9
			253	10
			254	10
			255	10
			256	10
			256	11
			257	11
			258	11
			259	12
			260	12
			261	12
			262	12
			262	13
			263	13
			264	13
			265	14
			266	14
			267	14
			267	15
			268	15
			269	15
			270	16
			271	16
			272	17
			273	17
			274	18
			275	18
			276	19
			277	19
			278	20
			279	21
			280	21
			281	22
			282	22
			283	23
			284	24
			285	24
			286	25
			287	26
			288	26
			289	27
			290	28
			291	28
			292	29
			293	30
			294	31
			295	31
			296	32
			296	33
			297	34
			298	34
			299	35
			300	36
			301	37
			302	38
			303	39
			304	40
			305	41
			306	42
			307	43
			307	44
			308	45
			309	46
			310	47
			310	48
			311	49
			311	50
			312	51
			313	51
			313	52
			314	53
			314	54
			315	55
			315	56
			316	57
			317	58
			317	59
			318	60
			318	61
			319	62
			319	63
			319	64
			320	65
			320	66
			320	67
			321	68
			321	69
			321	70
			321	71
			322	72
			322	73
			322	74
			323	75
			323	76
			323	77
			323	78
			324	79
			324	80
			324	81
			324	82
			325	82
			325	83
			325	84
			325	85
			325	86
			326	87
			326	88
			326	89
			326	90
			326	91
			327	91
			327	92
			327	93
			327	94
			327	95
			328	96
			328	97
			328	98
			328	99
			328	100
			329	101
			329	102
			329	103
			329	104
			329	105
			330	106
			330	107
			330	108
			330	109
			330	110
			330	111
			330	112
			330	113
			331	113
			331	114
			331	115
			331	116
			331	117
			331	118
			331	119
			331	120
			332	121
			332	122
			332	123
			332	124
			332	125
			332	126
			332	127
			332	128
			332	129
			332	130
			332	131
			332	132
			332	133
			332	134
			332	135
			332	136
			332	137
			332	138
			332	139
			332	140
			333	141
			333	142
			333	143
			333	144
			333	145
			333	146
			333	147
			333	148
			333	149
			333	150
			333	151
			333	152
			334	152
			334	153
			334	154
			334	155
			334	156
			334	157
		</anterior>
		<posterior type=matrix rownames=FALSE colnames=FALSE nrow=286 ncol=2 as.numeric=TRUE >
			168	157
			169	157
			170	157
			171	157
			172	158
			173	158
			174	158
			175	158
			176	158
			177	158
			178	158
			179	158
			180	157
			181	157
			182	157
			183	157
			184	157
			185	157
			186	157
			187	157
			188	156
			189	156
			190	156
			191	156
			192	155
			193	155
			194	154
			195	153
			196	153
			197	152
			198	152
			199	152
			200	152
			201	153
			202	154
			203	154
			204	154
			205	154
			206	154
			207	153
			208	153
			209	153
			210	153
			211	153
			212	153
			213	152
			214	152
			215	152
			216	152
			217	152
			218	152
			219	152
			220	152
			221	151
			222	151
			223	151
			224	151
			225	151
			226	151
			227	151
			228	151
			229	151
			230	150
			231	150
			232	150
			233	150
			234	150
			235	150
			236	150
			237	150
			238	149
			239	149
			240	149
			241	149
			242	149
			243	149
			244	149
			245	149
			246	149
			247	149
			248	149
			249	149
			250	149
			251	149
			252	148
			253	148
			254	148
			255	148
			256	148
			257	148
			258	148
			259	148
			260	148
			261	148
			262	148
			263	148
			264	148
			265	148
			266	147
			267	147
			268	147
			269	147
			270	147
			271	147
			272	147
			273	147
			274	147
			275	146
			276	146
			277	146
			278	146
			279	146
			280	146
			281	146
			282	146
			283	146
			284	146
			285	146
			286	147
			287	147
			288	147
			289	147
			290	147
			291	147
			292	147
			293	147
			294	147
			295	147
			296	147
			297	147
			298	147
			299	148
			300	148
			301	148
			302	148
			303	148
			304	148
			305	148
			306	148
			307	148
			308	148
			309	148
			310	148
			311	149
			312	149
			313	149
			314	149
			315	150
			316	150
			317	151
			318	151
			319	152
			320	153
			320	154
			321	155
			321	156
			322	157
			322	158
			322	159
			322	160
			322	161
			323	162
			323	163
			323	164
			323	165
			324	165
			324	166
			324	167
			324	168
			324	169
			325	170
			325	171
			325	172
			325	173
			326	174
			326	175
			326	176
			326	177
			326	178
			327	179
			327	180
			327	181
			327	182
			327	183
			327	184
			328	185
			328	186
			328	187
			328	188
			328	189
			328	190
			329	191
			329	192
			329	193
			329	194
			329	195
			329	196
			329	197
			329	198
			329	199
			330	200
			330	201
			330	202
			330	203
			330	204
			330	205
			330	206
			330	207
			330	208
			330	209
			330	210
			330	211
			330	212
			330	213
			330	214
			330	215
			330	216
			330	217
			331	218
			331	219
			331	220
			332	220
			332	219
			332	218
			332	217
			333	216
			333	215
			333	214
			333	213
			333	212
			333	211
			334	210
			334	209
			334	208
			334	207
			334	206
			334	205
			334	204
			334	203
			334	202
			335	201
			335	200
			335	199
			335	198
			335	197
			335	196
			335	195
			335	194
			335	193
			335	192
			335	191
			335	190
			335	189
			335	188
			335	187
			335	186
			335	185
			335	184
			335	183
			335	182
			335	181
			335	180
			335	179
			335	178
			335	177
			335	176
			335	175
			335	174
			335	173
			335	172
			335	171
			335	170
			335	169
			335	168
			335	167
			335	166
			335	165
			335	164
			335	163
			335	162
			335	161
			334	161
			334	160
			334	159
			334	158
			334	157
		</posterior>
	</curves.pixel>
	<curves.scaled type=list>
		<glabella type=matrix rownames=FALSE colnames=FALSE nrow=97 ncol=2 as.numeric=TRUE >
			6.73054945054945	-2.59164835164835
			6.76923076923077	-2.59164835164835
			6.80791208791209	-2.59164835164835
			6.84659340659341	-2.59164835164835
			6.88527472527473	-2.59164835164835
			6.92395604395604	-2.59164835164835
			6.96263736263736	-2.59164835164835
			7.00131868131868	-2.59164835164835
			7.04	-2.59164835164835
			7.07868131868132	-2.63032967032967
			7.11736263736264	-2.63032967032967
			7.15604395604396	-2.63032967032967
			7.19472527472527	-2.66901098901099
			7.23340659340659	-2.66901098901099
			7.27208791208791	-2.70769230769231
			7.31076923076923	-2.74637362637363
			7.34945054945055	-2.78505494505495
			7.38813186813187	-2.82373626373626
			7.42681318681319	-2.86241758241758
			7.46549450549451	-2.9010989010989
			7.46549450549451	-2.93978021978022
			7.46549450549451	-2.97846153846154
			7.50417582417582	-3.01714285714286
			7.50417582417582	-3.05582417582418
			7.50417582417582	-3.09450549450549
			7.50417582417582	-3.13318681318681
			7.50417582417582	-3.17186813186813
			7.50417582417582	-3.21054945054945
			7.50417582417582	-3.24923076923077
			7.50417582417582	-3.28791208791209
			7.50417582417582	-3.32659340659341
			7.50417582417582	-3.36527472527473
			7.50417582417582	-3.40395604395604
			7.50417582417582	-3.44263736263736
			7.50417582417582	-3.48131868131868
			7.50417582417582	-3.52
			7.50417582417582	-3.55868131868132
			7.50417582417582	-3.59736263736264
			7.54285714285714	-3.63604395604396
			7.54285714285714	-3.67472527472527
			7.54285714285714	-3.71340659340659
			7.54285714285714	-3.75208791208791
			7.54285714285714	-3.79076923076923
			7.54285714285714	-3.82945054945055
			7.58153846153846	-3.82945054945055
			7.58153846153846	-3.86813186813187
			7.58153846153846	-3.90681318681319
			7.58153846153846	-3.94549450549451
			7.62021978021978	-3.98417582417582
			7.62021978021978	-4.02285714285714
			7.62021978021978	-4.06153846153846
			7.6589010989011	-4.10021978021978
			7.6589010989011	-4.1389010989011
			7.69758241758242	-4.17758241758242
			7.69758241758242	-4.21626373626374
			7.73626373626374	-4.25494505494505
			7.77494505494505	-4.29362637362637
			7.77494505494505	-4.33230769230769
			7.81362637362637	-4.37098901098901
			7.81362637362637	-4.40967032967033
			7.81362637362637	-4.44835164835165
			7.85230769230769	-4.48703296703297
			7.85230769230769	-4.52571428571429
			7.85230769230769	-4.5643956043956
			7.85230769230769	-4.60307692307692
			7.85230769230769	-4.64175824175824
			7.81362637362637	-4.68043956043956
			7.81362637362637	-4.71912087912088
			7.81362637362637	-4.7578021978022
			7.81362637362637	-4.79648351648352
			7.81362637362637	-4.83516483516483
			7.81362637362637	-4.87384615384615
			7.77494505494505	-4.91252747252747
			7.77494505494505	-4.95120879120879
			7.77494505494505	-4.98989010989011
			7.73626373626374	-5.02857142857143
			7.73626373626374	-5.06725274725275
			7.73626373626374	-5.10593406593407
			7.69758241758242	-5.14461538461538
			7.69758241758242	-5.1832967032967
			7.69758241758242	-5.22197802197802
			7.69758241758242	-5.26065934065934
			7.69758241758242	-5.29934065934066
			7.6589010989011	-5.33802197802198
			7.6589010989011	-5.3767032967033
			7.6589010989011	-5.41538461538462
			7.6589010989011	-5.45406593406593
			7.6589010989011	-5.49274725274725
			7.6589010989011	-5.53142857142857
			7.6589010989011	-5.57010989010989
			7.62021978021978	-5.60879120879121
			7.62021978021978	-5.64747252747253
			7.62021978021978	-5.68615384615385
			7.62021978021978	-5.72483516483516
			7.62021978021978	-5.76351648351648
			7.62021978021978	-5.8021978021978
			7.62021978021978	-5.84087912087912
		</glabella>
		<suture type=matrix rownames=FALSE colnames=FALSE nrow=254 ncol=2 as.numeric=TRUE >
			6.45978021978022	-0.0773626373626374
			6.49846153846154	-0.0773626373626374
			6.53714285714286	-0.0773626373626374
			6.57582417582418	-0.0773626373626374
			6.61450549450549	-0.0773626373626374
			6.65318681318681	-0.0773626373626374
			6.69186813186813	-0.0773626373626374
			6.73054945054945	-0.0773626373626374
			6.76923076923077	-0.0773626373626374
			6.80791208791209	-0.0773626373626374
			6.80791208791209	-0.0386813186813187
			6.84659340659341	-0.0386813186813187
			6.88527472527473	-0.0386813186813187
			6.92395604395604	-0.0386813186813187
			6.96263736263736	-0.0386813186813187
			7.00131868131868	-0.0386813186813187
			7.04	-0.0386813186813187
			7.07868131868132	-0.0386813186813187
			7.11736263736264	-0.0386813186813187
			7.15604395604396	-0.0386813186813187
			7.19472527472527	-0.0386813186813187
			7.23340659340659	-0.0386813186813187
			7.27208791208791	-0.0386813186813187
			7.31076923076923	-0.0386813186813187
			7.34945054945055	-0.0386813186813187
			7.38813186813187	-0.0386813186813187
			7.42681318681319	-0.0386813186813187
			7.46549450549451	-0.0386813186813187
			7.50417582417582	-0.0386813186813187
			7.54285714285714	-0.0386813186813187
			7.58153846153846	-0.0386813186813187
			7.62021978021978	-0.0386813186813187
			7.6589010989011	-0.0386813186813187
			7.69758241758242	-0.0386813186813187
			7.73626373626374	-0.0386813186813187
			7.77494505494505	-0.0386813186813187
			7.81362637362637	-0.0773626373626374
			7.85230769230769	-0.0773626373626374
			7.89098901098901	-0.0773626373626374
			7.92967032967033	-0.0773626373626374
			7.96835164835165	-0.0773626373626374
			8.00703296703297	-0.0773626373626374
			8.04571428571429	-0.0773626373626374
			8.0843956043956	-0.0773626373626374
			8.12307692307692	-0.0773626373626374
			8.16175824175824	-0.0773626373626374
			8.20043956043956	-0.0773626373626374
			8.23912087912088	-0.0773626373626374
			8.2778021978022	-0.0773626373626374
			8.31648351648352	-0.116043956043956
			8.35516483516484	-0.116043956043956
			8.39384615384615	-0.116043956043956
			8.43252747252747	-0.116043956043956
			8.47120879120879	-0.116043956043956
			8.50989010989011	-0.154725274725275
			8.54857142857143	-0.193406593406593
			8.54857142857143	-0.232087912087912
			8.58725274725275	-0.270769230769231
			8.62593406593407	-0.309450549450549
			8.62593406593407	-0.348131868131868
			8.66461538461538	-0.386813186813187
			8.66461538461538	-0.425494505494506
			8.7032967032967	-0.464175824175824
			8.7032967032967	-0.502857142857143
			8.74197802197802	-0.541538461538462
			8.74197802197802	-0.58021978021978
			8.74197802197802	-0.618901098901099
			8.74197802197802	-0.657582417582418
			8.78065934065934	-0.696263736263736
			8.78065934065934	-0.734945054945055
			8.78065934065934	-0.773626373626374
			8.78065934065934	-0.812307692307692
			8.78065934065934	-0.850989010989011
			8.81934065934066	-0.88967032967033
			8.81934065934066	-0.928351648351648
			8.81934065934066	-0.967032967032967
			8.81934065934066	-1.00571428571429
			8.81934065934066	-1.0443956043956
			8.81934065934066	-1.08307692307692
			8.81934065934066	-1.12175824175824
			8.81934065934066	-1.16043956043956
			8.81934065934066	-1.19912087912088
			8.81934065934066	-1.2378021978022
			8.81934065934066	-1.27648351648352
			8.81934065934066	-1.31516483516484
			8.81934065934066	-1.35384615384615
			8.81934065934066	-1.39252747252747
			8.81934065934066	-1.43120879120879
			8.81934065934066	-1.46989010989011
			8.81934065934066	-1.50857142857143
			8.81934065934066	-1.54725274725275
			8.81934065934066	-1.58593406593407
			8.81934065934066	-1.62461538461538
			8.81934065934066	-1.6632967032967
			8.81934065934066	-1.70197802197802
			8.81934065934066	-1.74065934065934
			8.81934065934066	-1.77934065934066
			8.81934065934066	-1.81802197802198
			8.81934065934066	-1.8567032967033
			8.81934065934066	-1.89538461538462
			8.78065934065934	-1.93406593406593
			8.78065934065934	-1.97274725274725
			8.78065934065934	-2.01142857142857
			8.78065934065934	-2.05010989010989
			8.78065934065934	-2.08879120879121
			8.78065934065934	-2.12747252747253
			8.74197802197802	-2.16615384615385
			8.74197802197802	-2.20483516483516
			8.74197802197802	-2.24351648351648
			8.74197802197802	-2.2821978021978
			8.74197802197802	-2.32087912087912
			8.74197802197802	-2.35956043956044
			8.7032967032967	-2.39824175824176
			8.7032967032967	-2.43692307692308
			8.7032967032967	-2.4756043956044
			8.7032967032967	-2.51428571428571
			8.66461538461538	-2.55296703296703
			8.66461538461538	-2.59164835164835
			8.66461538461538	-2.63032967032967
			8.66461538461538	-2.66901098901099
			8.66461538461538	-2.70769230769231
			8.7032967032967	-2.74637362637363
			8.7032967032967	-2.78505494505495
			8.74197802197802	-2.82373626373626
			8.78065934065934	-2.86241758241758
			8.81934065934066	-2.86241758241758
			8.85802197802198	-2.86241758241758
			8.8967032967033	-2.9010989010989
			8.93538461538462	-2.9010989010989
			8.97406593406593	-2.9010989010989
			9.01274725274725	-2.93978021978022
			9.01274725274725	-2.97846153846154
			9.05142857142857	-3.01714285714286
			9.05142857142857	-3.05582417582418
			9.05142857142857	-3.09450549450549
			9.09010989010989	-3.13318681318681
			9.09010989010989	-3.17186813186813
			9.09010989010989	-3.21054945054945
			9.09010989010989	-3.24923076923077
			9.09010989010989	-3.28791208791209
			9.09010989010989	-3.32659340659341
			9.09010989010989	-3.36527472527473
			9.05142857142857	-3.40395604395604
			9.05142857142857	-3.44263736263736
			9.01274725274725	-3.48131868131868
			8.97406593406593	-3.52
			8.93538461538462	-3.55868131868132
			8.8967032967033	-3.59736263736264
			8.85802197802198	-3.59736263736264
			8.81934065934066	-3.63604395604396
			8.78065934065934	-3.63604395604396
			8.81934065934066	-3.67472527472527
			8.85802197802198	-3.71340659340659
			8.8967032967033	-3.75208791208791
			8.93538461538462	-3.75208791208791
			8.97406593406593	-3.79076923076923
			9.01274725274725	-3.79076923076923
			9.01274725274725	-3.82945054945055
			9.05142857142857	-3.82945054945055
			9.09010989010989	-3.86813186813187
			9.12879120879121	-3.86813186813187
			9.16747252747253	-3.90681318681319
			9.20615384615385	-3.90681318681319
			9.24483516483516	-3.94549450549451
			9.28351648351648	-3.94549450549451
			9.3221978021978	-3.98417582417582
			9.36087912087912	-3.98417582417582
			9.39956043956044	-4.02285714285714
			9.43824175824176	-4.02285714285714
			9.47692307692308	-4.06153846153846
			9.5156043956044	-4.06153846153846
			9.55428571428572	-4.10021978021978
			9.59296703296703	-4.10021978021978
			9.63164835164835	-4.10021978021978
			9.67032967032967	-4.1389010989011
			9.70901098901099	-4.1389010989011
			9.74769230769231	-4.1389010989011
			9.78637362637363	-4.17758241758242
			9.82505494505494	-4.17758241758242
			9.86373626373626	-4.17758241758242
			9.90241758241758	-4.21626373626374
			9.9410989010989	-4.21626373626374
			9.97978021978022	-4.21626373626374
			10.0184615384615	-4.25494505494505
			10.0571428571429	-4.25494505494505
			10.0958241758242	-4.25494505494505
			10.1345054945055	-4.29362637362637
			10.1731868131868	-4.29362637362637
			10.2118681318681	-4.29362637362637
			10.2505494505494	-4.29362637362637
			10.2505494505494	-4.33230769230769
			10.2892307692308	-4.33230769230769
			10.3279120879121	-4.33230769230769
			10.3665934065934	-4.33230769230769
			10.4052747252747	-4.37098901098901
			10.443956043956	-4.37098901098901
			10.4826373626374	-4.37098901098901
			10.5213186813187	-4.37098901098901
			10.56	-4.40967032967033
			10.5986813186813	-4.40967032967033
			10.6373626373626	-4.40967032967033
			10.676043956044	-4.40967032967033
			10.7147252747253	-4.44835164835165
			10.7534065934066	-4.44835164835165
			10.7920879120879	-4.44835164835165
			10.7920879120879	-4.48703296703297
			10.8307692307692	-4.48703296703297
			10.8694505494505	-4.48703296703297
			10.9081318681319	-4.52571428571429
			10.9468131868132	-4.5643956043956
			10.9854945054945	-4.5643956043956
			11.0241758241758	-4.60307692307692
			11.0628571428571	-4.60307692307692
			11.1015384615385	-4.64175824175824
			11.1402197802198	-4.64175824175824
			11.1402197802198	-4.68043956043956
			11.1789010989011	-4.68043956043956
			11.2175824175824	-4.68043956043956
			11.2562637362637	-4.71912087912088
			11.2949450549451	-4.7578021978022
			11.3336263736264	-4.79648351648352
			11.3723076923077	-4.79648351648352
			11.410989010989	-4.83516483516483
			11.4496703296703	-4.83516483516483
			11.4496703296703	-4.87384615384615
			11.4883516483516	-4.87384615384615
			11.527032967033	-4.91252747252747
			11.5657142857143	-4.95120879120879
			11.6043956043956	-4.98989010989011
			11.6430769230769	-5.02857142857143
			11.6817582417582	-5.02857142857143
			11.7204395604396	-5.06725274725275
			11.7591208791209	-5.10593406593407
			11.7591208791209	-5.14461538461538
			11.7978021978022	-5.14461538461538
			11.8364835164835	-5.1832967032967
			11.8364835164835	-5.22197802197802
			11.8751648351648	-5.26065934065934
			11.8751648351648	-5.29934065934066
			11.9138461538462	-5.33802197802198
			11.9138461538462	-5.3767032967033
			11.9525274725275	-5.3767032967033
			11.9525274725275	-5.41538461538462
			11.9912087912088	-5.45406593406593
			11.9912087912088	-5.49274725274725
			12.0298901098901	-5.53142857142857
			12.0298901098901	-5.57010989010989
			12.0298901098901	-5.60879120879121
			12.0685714285714	-5.64747252747253
			12.0685714285714	-5.68615384615385
			12.0685714285714	-5.72483516483516
			12.1072527472527	-5.76351648351648
			12.1072527472527	-5.8021978021978
			12.1072527472527	-5.84087912087912
		</suture>
		<anterior type=matrix rownames=FALSE colnames=FALSE nrow=266 ncol=2 as.numeric=TRUE >
			6.4210989010989	-0.0773626373626374
			6.45978021978022	-0.0773626373626374
			6.49846153846154	-0.0773626373626374
			6.53714285714286	-0.0773626373626374
			6.57582417582418	-0.0773626373626374
			6.61450549450549	-0.0773626373626374
			6.65318681318681	-0.0773626373626374
			6.69186813186813	-0.0773626373626374
			6.73054945054945	-0.0773626373626374
			6.76923076923077	-0.0773626373626374
			6.80791208791209	-0.0773626373626374
			6.84659340659341	-0.0773626373626374
			6.88527472527473	-0.0773626373626374
			6.92395604395604	-0.0773626373626374
			6.96263736263736	-0.0773626373626374
			7.00131868131868	-0.0773626373626374
			7.04	-0.0773626373626374
			7.07868131868132	-0.0773626373626374
			7.11736263736264	-0.0773626373626374
			7.15604395604396	-0.0773626373626374
			7.19472527472527	-0.0773626373626374
			7.23340659340659	-0.0773626373626374
			7.27208791208791	-0.0773626373626374
			7.31076923076923	-0.0773626373626374
			7.34945054945055	-0.0773626373626374
			7.38813186813187	-0.0773626373626374
			7.42681318681319	-0.0773626373626374
			7.46549450549451	-0.0773626373626374
			7.50417582417582	-0.0773626373626374
			7.54285714285714	-0.0773626373626374
			7.58153846153846	-0.0773626373626374
			7.62021978021978	-0.0773626373626374
			7.6589010989011	-0.0773626373626374
			7.69758241758242	-0.0773626373626374
			7.73626373626374	-0.0773626373626374
			7.77494505494505	-0.0773626373626374
			7.81362637362637	-0.0773626373626374
			7.85230769230769	-0.0773626373626374
			7.89098901098901	-0.0773626373626374
			7.92967032967033	-0.0773626373626374
			7.96835164835165	-0.0773626373626374
			8.00703296703297	-0.0773626373626374
			8.04571428571429	-0.0773626373626374
			8.0843956043956	-0.0773626373626374
			8.12307692307692	-0.0773626373626374
			8.16175824175824	-0.116043956043956
			8.20043956043956	-0.116043956043956
			8.23912087912088	-0.116043956043956
			8.2778021978022	-0.116043956043956
			8.31648351648352	-0.116043956043956
			8.35516483516484	-0.116043956043956
			8.39384615384615	-0.116043956043956
			8.43252747252747	-0.116043956043956
			8.47120879120879	-0.116043956043956
			8.50989010989011	-0.116043956043956
			8.54857142857143	-0.116043956043956
			8.58725274725275	-0.154725274725275
			8.62593406593407	-0.154725274725275
			8.66461538461538	-0.154725274725275
			8.7032967032967	-0.154725274725275
			8.74197802197802	-0.154725274725275
			8.78065934065934	-0.154725274725275
			8.81934065934066	-0.154725274725275
			8.85802197802198	-0.154725274725275
			8.8967032967033	-0.193406593406593
			8.93538461538462	-0.193406593406593
			8.97406593406593	-0.193406593406593
			9.01274725274725	-0.193406593406593
			9.05142857142857	-0.193406593406593
			9.09010989010989	-0.193406593406593
			9.12879120879121	-0.232087912087912
			9.16747252747253	-0.232087912087912
			9.20615384615385	-0.232087912087912
			9.24483516483516	-0.232087912087912
			9.28351648351648	-0.232087912087912
			9.3221978021978	-0.270769230769231
			9.36087912087912	-0.270769230769231
			9.39956043956044	-0.270769230769231
			9.43824175824176	-0.270769230769231
			9.47692307692308	-0.270769230769231
			9.47692307692308	-0.309450549450549
			9.5156043956044	-0.309450549450549
			9.55428571428572	-0.309450549450549
			9.59296703296703	-0.309450549450549
			9.63164835164835	-0.348131868131868
			9.67032967032967	-0.348131868131868
			9.70901098901099	-0.348131868131868
			9.74769230769231	-0.348131868131868
			9.78637362637363	-0.386813186813187
			9.82505494505494	-0.386813186813187
			9.86373626373626	-0.386813186813187
			9.90241758241758	-0.386813186813187
			9.90241758241758	-0.425494505494506
			9.9410989010989	-0.425494505494506
			9.97978021978022	-0.425494505494506
			10.0184615384615	-0.464175824175824
			10.0571428571429	-0.464175824175824
			10.0958241758242	-0.464175824175824
			10.1345054945055	-0.464175824175824
			10.1345054945055	-0.502857142857143
			10.1731868131868	-0.502857142857143
			10.2118681318681	-0.502857142857143
			10.2505494505494	-0.541538461538462
			10.2892307692308	-0.541538461538462
			10.3279120879121	-0.541538461538462
			10.3279120879121	-0.58021978021978
			10.3665934065934	-0.58021978021978
			10.4052747252747	-0.58021978021978
			10.443956043956	-0.618901098901099
			10.4826373626374	-0.618901098901099
			10.5213186813187	-0.657582417582418
			10.56	-0.657582417582418
			10.5986813186813	-0.696263736263736
			10.6373626373626	-0.696263736263736
			10.676043956044	-0.734945054945055
			10.7147252747253	-0.734945054945055
			10.7534065934066	-0.773626373626374
			10.7920879120879	-0.812307692307692
			10.8307692307692	-0.812307692307692
			10.8694505494505	-0.850989010989011
			10.9081318681319	-0.850989010989011
			10.9468131868132	-0.88967032967033
			10.9854945054945	-0.928351648351648
			11.0241758241758	-0.928351648351648
			11.0628571428571	-0.967032967032967
			11.1015384615385	-1.00571428571429
			11.1402197802198	-1.00571428571429
			11.1789010989011	-1.0443956043956
			11.2175824175824	-1.08307692307692
			11.2562637362637	-1.08307692307692
			11.2949450549451	-1.12175824175824
			11.3336263736264	-1.16043956043956
			11.3723076923077	-1.19912087912088
			11.410989010989	-1.19912087912088
			11.4496703296703	-1.2378021978022
			11.4496703296703	-1.27648351648352
			11.4883516483516	-1.31516483516484
			11.527032967033	-1.31516483516484
			11.5657142857143	-1.35384615384615
			11.6043956043956	-1.39252747252747
			11.6430769230769	-1.43120879120879
			11.6817582417582	-1.46989010989011
			11.7204395604396	-1.50857142857143
			11.7591208791209	-1.54725274725275
			11.7978021978022	-1.58593406593407
			11.8364835164835	-1.62461538461538
			11.8751648351648	-1.6632967032967
			11.8751648351648	-1.70197802197802
			11.9138461538462	-1.74065934065934
			11.9525274725275	-1.77934065934066
			11.9912087912088	-1.81802197802198
			11.9912087912088	-1.8567032967033
			12.0298901098901	-1.89538461538462
			12.0298901098901	-1.93406593406593
			12.0685714285714	-1.97274725274725
			12.1072527472527	-1.97274725274725
			12.1072527472527	-2.01142857142857
			12.1459340659341	-2.05010989010989
			12.1459340659341	-2.08879120879121
			12.1846153846154	-2.12747252747253
			12.1846153846154	-2.16615384615385
			12.2232967032967	-2.20483516483516
			12.261978021978	-2.24351648351648
			12.261978021978	-2.2821978021978
			12.3006593406593	-2.32087912087912
			12.3006593406593	-2.35956043956044
			12.3393406593407	-2.39824175824176
			12.3393406593407	-2.43692307692308
			12.3393406593407	-2.4756043956044
			12.378021978022	-2.51428571428571
			12.378021978022	-2.55296703296703
			12.378021978022	-2.59164835164835
			12.4167032967033	-2.63032967032967
			12.4167032967033	-2.66901098901099
			12.4167032967033	-2.70769230769231
			12.4167032967033	-2.74637362637363
			12.4553846153846	-2.78505494505495
			12.4553846153846	-2.82373626373626
			12.4553846153846	-2.86241758241758
			12.4940659340659	-2.9010989010989
			12.4940659340659	-2.93978021978022
			12.4940659340659	-2.97846153846154
			12.4940659340659	-3.01714285714286
			12.5327472527473	-3.05582417582418
			12.5327472527473	-3.09450549450549
			12.5327472527473	-3.13318681318681
			12.5327472527473	-3.17186813186813
			12.5714285714286	-3.17186813186813
			12.5714285714286	-3.21054945054945
			12.5714285714286	-3.24923076923077
			12.5714285714286	-3.28791208791209
			12.5714285714286	-3.32659340659341
			12.6101098901099	-3.36527472527473
			12.6101098901099	-3.40395604395604
			12.6101098901099	-3.44263736263736
			12.6101098901099	-3.48131868131868
			12.6101098901099	-3.52
			12.6487912087912	-3.52
			12.6487912087912	-3.55868131868132
			12.6487912087912	-3.59736263736264
			12.6487912087912	-3.63604395604396
			12.6487912087912	-3.67472527472527
			12.6874725274725	-3.71340659340659
			12.6874725274725	-3.75208791208791
			12.6874725274725	-3.79076923076923
			12.6874725274725	-3.82945054945055
			12.6874725274725	-3.86813186813187
			12.7261538461538	-3.90681318681319
			12.7261538461538	-3.94549450549451
			12.7261538461538	-3.98417582417582
			12.7261538461538	-4.02285714285714
			12.7261538461538	-4.06153846153846
			12.7648351648352	-4.10021978021978
			12.7648351648352	-4.1389010989011
			12.7648351648352	-4.17758241758242
			12.7648351648352	-4.21626373626374
			12.7648351648352	-4.25494505494505
			12.7648351648352	-4.29362637362637
			12.7648351648352	-4.33230769230769
			12.7648351648352	-4.37098901098901
			12.8035164835165	-4.37098901098901
			12.8035164835165	-4.40967032967033
			12.8035164835165	-4.44835164835165
			12.8035164835165	-4.48703296703297
			12.8035164835165	-4.52571428571429
			12.8035164835165	-4.5643956043956
			12.8035164835165	-4.60307692307692
			12.8035164835165	-4.64175824175824
			12.8421978021978	-4.68043956043956
			12.8421978021978	-4.71912087912088
			12.8421978021978	-4.7578021978022
			12.8421978021978	-4.79648351648352
			12.8421978021978	-4.83516483516483
			12.8421978021978	-4.87384615384615
			12.8421978021978	-4.91252747252747
			12.8421978021978	-4.95120879120879
			12.8421978021978	-4.98989010989011
			12.8421978021978	-5.02857142857143
			12.8421978021978	-5.06725274725275
			12.8421978021978	-5.10593406593407
			12.8421978021978	-5.14461538461538
			12.8421978021978	-5.1832967032967
			12.8421978021978	-5.22197802197802
			12.8421978021978	-5.26065934065934
			12.8421978021978	-5.29934065934066
			12.8421978021978	-5.33802197802198
			12.8421978021978	-5.3767032967033
			12.8421978021978	-5.41538461538462
			12.8808791208791	-5.45406593406593
			12.8808791208791	-5.49274725274725
			12.8808791208791	-5.53142857142857
			12.8808791208791	-5.57010989010989
			12.8808791208791	-5.60879120879121
			12.8808791208791	-5.64747252747253
			12.8808791208791	-5.68615384615385
			12.8808791208791	-5.72483516483516
			12.8808791208791	-5.76351648351648
			12.8808791208791	-5.8021978021978
			12.8808791208791	-5.84087912087912
			12.8808791208791	-5.87956043956044
			12.9195604395604	-5.87956043956044
			12.9195604395604	-5.91824175824176
			12.9195604395604	-5.95692307692308
			12.9195604395604	-5.9956043956044
			12.9195604395604	-6.03428571428571
			12.9195604395604	-6.07296703296703
		</anterior>
		<posterior type=matrix rownames=FALSE colnames=FALSE nrow=286 ncol=2 as.numeric=TRUE >
			6.49846153846154	-6.07296703296703
			6.53714285714286	-6.07296703296703
			6.57582417582418	-6.07296703296703
			6.61450549450549	-6.07296703296703
			6.65318681318681	-6.11164835164835
			6.69186813186813	-6.11164835164835
			6.73054945054945	-6.11164835164835
			6.76923076923077	-6.11164835164835
			6.80791208791209	-6.11164835164835
			6.84659340659341	-6.11164835164835
			6.88527472527473	-6.11164835164835
			6.92395604395604	-6.11164835164835
			6.96263736263736	-6.07296703296703
			7.00131868131868	-6.07296703296703
			7.04	-6.07296703296703
			7.07868131868132	-6.07296703296703
			7.11736263736264	-6.07296703296703
			7.15604395604396	-6.07296703296703
			7.19472527472527	-6.07296703296703
			7.23340659340659	-6.07296703296703
			7.27208791208791	-6.03428571428571
			7.31076923076923	-6.03428571428571
			7.34945054945055	-6.03428571428571
			7.38813186813187	-6.03428571428571
			7.42681318681319	-5.9956043956044
			7.46549450549451	-5.9956043956044
			7.50417582417582	-5.95692307692308
			7.54285714285714	-5.91824175824176
			7.58153846153846	-5.91824175824176
			7.62021978021978	-5.87956043956044
			7.6589010989011	-5.87956043956044
			7.69758241758242	-5.87956043956044
			7.73626373626374	-5.87956043956044
			7.77494505494505	-5.91824175824176
			7.81362637362637	-5.95692307692308
			7.85230769230769	-5.95692307692308
			7.89098901098901	-5.95692307692308
			7.92967032967033	-5.95692307692308
			7.96835164835165	-5.95692307692308
			8.00703296703297	-5.91824175824176
			8.04571428571429	-5.91824175824176
			8.0843956043956	-5.91824175824176
			8.12307692307692	-5.91824175824176
			8.16175824175824	-5.91824175824176
			8.20043956043956	-5.91824175824176
			8.23912087912088	-5.87956043956044
			8.2778021978022	-5.87956043956044
			8.31648351648352	-5.87956043956044
			8.35516483516484	-5.87956043956044
			8.39384615384615	-5.87956043956044
			8.43252747252747	-5.87956043956044
			8.47120879120879	-5.87956043956044
			8.50989010989011	-5.87956043956044
			8.54857142857143	-5.84087912087912
			8.58725274725275	-5.84087912087912
			8.62593406593407	-5.84087912087912
			8.66461538461538	-5.84087912087912
			8.7032967032967	-5.84087912087912
			8.74197802197802	-5.84087912087912
			8.78065934065934	-5.84087912087912
			8.81934065934066	-5.84087912087912
			8.85802197802198	-5.84087912087912
			8.8967032967033	-5.8021978021978
			8.93538461538462	-5.8021978021978
			8.97406593406593	-5.8021978021978
			9.01274725274725	-5.8021978021978
			9.05142857142857	-5.8021978021978
			9.09010989010989	-5.8021978021978
			9.12879120879121	-5.8021978021978
			9.16747252747253	-5.8021978021978
			9.20615384615385	-5.76351648351648
			9.24483516483516	-5.76351648351648
			9.28351648351648	-5.76351648351648
			9.3221978021978	-5.76351648351648
			9.36087912087912	-5.76351648351648
			9.39956043956044	-5.76351648351648
			9.43824175824176	-5.76351648351648
			9.47692307692308	-5.76351648351648
			9.5156043956044	-5.76351648351648
			9.55428571428572	-5.76351648351648
			9.59296703296703	-5.76351648351648
			9.63164835164835	-5.76351648351648
			9.67032967032967	-5.76351648351648
			9.70901098901099	-5.76351648351648
			9.74769230769231	-5.72483516483516
			9.78637362637363	-5.72483516483516
			9.82505494505494	-5.72483516483516
			9.86373626373626	-5.72483516483516
			9.90241758241758	-5.72483516483516
			9.9410989010989	-5.72483516483516
			9.97978021978022	-5.72483516483516
			10.0184615384615	-5.72483516483516
			10.0571428571429	-5.72483516483516
			10.0958241758242	-5.72483516483516
			10.1345054945055	-5.72483516483516
			10.1731868131868	-5.72483516483516
			10.2118681318681	-5.72483516483516
			10.2505494505494	-5.72483516483516
			10.2892307692308	-5.68615384615385
			10.3279120879121	-5.68615384615385
			10.3665934065934	-5.68615384615385
			10.4052747252747	-5.68615384615385
			10.443956043956	-5.68615384615385
			10.4826373626374	-5.68615384615385
			10.5213186813187	-5.68615384615385
			10.56	-5.68615384615385
			10.5986813186813	-5.68615384615385
			10.6373626373626	-5.64747252747253
			10.676043956044	-5.64747252747253
			10.7147252747253	-5.64747252747253
			10.7534065934066	-5.64747252747253
			10.7920879120879	-5.64747252747253
			10.8307692307692	-5.64747252747253
			10.8694505494505	-5.64747252747253
			10.9081318681319	-5.64747252747253
			10.9468131868132	-5.64747252747253
			10.9854945054945	-5.64747252747253
			11.0241758241758	-5.64747252747253
			11.0628571428571	-5.68615384615385
			11.1015384615385	-5.68615384615385
			11.1402197802198	-5.68615384615385
			11.1789010989011	-5.68615384615385
			11.2175824175824	-5.68615384615385
			11.2562637362637	-5.68615384615385
			11.2949450549451	-5.68615384615385
			11.3336263736264	-5.68615384615385
			11.3723076923077	-5.68615384615385
			11.410989010989	-5.68615384615385
			11.4496703296703	-5.68615384615385
			11.4883516483516	-5.68615384615385
			11.527032967033	-5.68615384615385
			11.5657142857143	-5.72483516483516
			11.6043956043956	-5.72483516483516
			11.6430769230769	-5.72483516483516
			11.6817582417582	-5.72483516483516
			11.7204395604396	-5.72483516483516
			11.7591208791209	-5.72483516483516
			11.7978021978022	-5.72483516483516
			11.8364835164835	-5.72483516483516
			11.8751648351648	-5.72483516483516
			11.9138461538462	-5.72483516483516
			11.9525274725275	-5.72483516483516
			11.9912087912088	-5.72483516483516
			12.0298901098901	-5.76351648351648
			12.0685714285714	-5.76351648351648
			12.1072527472527	-5.76351648351648
			12.1459340659341	-5.76351648351648
			12.1846153846154	-5.8021978021978
			12.2232967032967	-5.8021978021978
			12.261978021978	-5.84087912087912
			12.3006593406593	-5.84087912087912
			12.3393406593407	-5.87956043956044
			12.378021978022	-5.91824175824176
			12.378021978022	-5.95692307692308
			12.4167032967033	-5.9956043956044
			12.4167032967033	-6.03428571428571
			12.4553846153846	-6.07296703296703
			12.4553846153846	-6.11164835164835
			12.4553846153846	-6.15032967032967
			12.4553846153846	-6.18901098901099
			12.4553846153846	-6.22769230769231
			12.4940659340659	-6.26637362637363
			12.4940659340659	-6.30505494505494
			12.4940659340659	-6.34373626373626
			12.4940659340659	-6.38241758241758
			12.5327472527473	-6.38241758241758
			12.5327472527473	-6.4210989010989
			12.5327472527473	-6.45978021978022
			12.5327472527473	-6.49846153846154
			12.5327472527473	-6.53714285714286
			12.5714285714286	-6.57582417582418
			12.5714285714286	-6.61450549450549
			12.5714285714286	-6.65318681318681
			12.5714285714286	-6.69186813186813
			12.6101098901099	-6.73054945054945
			12.6101098901099	-6.76923076923077
			12.6101098901099	-6.80791208791209
			12.6101098901099	-6.84659340659341
			12.6101098901099	-6.88527472527473
			12.6487912087912	-6.92395604395604
			12.6487912087912	-6.96263736263736
			12.6487912087912	-7.00131868131868
			12.6487912087912	-7.04
			12.6487912087912	-7.07868131868132
			12.6487912087912	-7.11736263736264
			12.6874725274725	-7.15604395604396
			12.6874725274725	-7.19472527472527
			12.6874725274725	-7.23340659340659
			12.6874725274725	-7.27208791208791
			12.6874725274725	-7.31076923076923
			12.6874725274725	-7.34945054945055
			12.7261538461538	-7.38813186813187
			12.7261538461538	-7.42681318681319
			12.7261538461538	-7.46549450549451
			12.7261538461538	-7.50417582417582
			12.7261538461538	-7.54285714285714
			12.7261538461538	-7.58153846153846
			12.7261538461538	-7.62021978021978
			12.7261538461538	-7.6589010989011
			12.7261538461538	-7.69758241758242
			12.7648351648352	-7.73626373626374
			12.7648351648352	-7.77494505494505
			12.7648351648352	-7.81362637362637
			12.7648351648352	-7.85230769230769
			12.7648351648352	-7.89098901098901
			12.7648351648352	-7.92967032967033
			12.7648351648352	-7.96835164835165
			12.7648351648352	-8.00703296703297
			12.7648351648352	-8.04571428571429
			12.7648351648352	-8.0843956043956
			12.7648351648352	-8.12307692307692
			12.7648351648352	-8.16175824175824
			12.7648351648352	-8.20043956043956
			12.7648351648352	-8.23912087912088
			12.7648351648352	-8.2778021978022
			12.7648351648352	-8.31648351648352
			12.7648351648352	-8.35516483516484
			12.7648351648352	-8.39384615384615
			12.8035164835165	-8.43252747252747
			12.8035164835165	-8.47120879120879
			12.8035164835165	-8.50989010989011
			12.8421978021978	-8.50989010989011
			12.8421978021978	-8.47120879120879
			12.8421978021978	-8.43252747252747
			12.8421978021978	-8.39384615384615
			12.8808791208791	-8.35516483516484
			12.8808791208791	-8.31648351648352
			12.8808791208791	-8.2778021978022
			12.8808791208791	-8.23912087912088
			12.8808791208791	-8.20043956043956
			12.8808791208791	-8.16175824175824
			12.9195604395604	-8.12307692307692
			12.9195604395604	-8.0843956043956
			12.9195604395604	-8.04571428571429
			12.9195604395604	-8.00703296703297
			12.9195604395604	-7.96835164835165
			12.9195604395604	-7.92967032967033
			12.9195604395604	-7.89098901098901
			12.9195604395604	-7.85230769230769
			12.9195604395604	-7.81362637362637
			12.9582417582418	-7.77494505494505
			12.9582417582418	-7.73626373626374
			12.9582417582418	-7.69758241758242
			12.9582417582418	-7.6589010989011
			12.9582417582418	-7.62021978021978
			12.9582417582418	-7.58153846153846
			12.9582417582418	-7.54285714285714
			12.9582417582418	-7.50417582417582
			12.9582417582418	-7.46549450549451
			12.9582417582418	-7.42681318681319
			12.9582417582418	-7.38813186813187
			12.9582417582418	-7.34945054945055
			12.9582417582418	-7.31076923076923
			12.9582417582418	-7.27208791208791
			12.9582417582418	-7.23340659340659
			12.9582417582418	-7.19472527472527
			12.9582417582418	-7.15604395604396
			12.9582417582418	-7.11736263736264
			12.9582417582418	-7.07868131868132
			12.9582417582418	-7.04
			12.9582417582418	-7.00131868131868
			12.9582417582418	-6.96263736263736
			12.9582417582418	-6.92395604395604
			12.9582417582418	-6.88527472527473
			12.9582417582418	-6.84659340659341
			12.9582417582418	-6.80791208791209
			12.9582417582418	-6.76923076923077
			12.9582417582418	-6.73054945054945
			12.9582417582418	-6.69186813186813
			12.9582417582418	-6.65318681318681
			12.9582417582418	-6.61450549450549
			12.9582417582418	-6.57582417582418
			12.9582417582418	-6.53714285714286
			12.9582417582418	-6.49846153846154
			12.9582417582418	-6.45978021978022
			12.9582417582418	-6.4210989010989
			12.9582417582418	-6.38241758241758
			12.9582417582418	-6.34373626373626
			12.9582417582418	-6.30505494505494
			12.9582417582418	-6.26637362637363
			12.9582417582418	-6.22769230769231
			12.9195604395604	-6.22769230769231
			12.9195604395604	-6.18901098901099
			12.9195604395604	-6.15032967032967
			12.9195604395604	-6.11164835164835
			12.9195604395604	-6.07296703296703
		</posterior>
	</curves.scaled>
	<ruler.points type=matrix rownames=TRUE colnames=FALSE nrow=2 ncol=2 as.numeric=TRUE >
		Ruler point 1	168	65
		Ruler point 2	168	156
	</ruler.points>
</shapes>

