<shapes type=list>
	<ruler.pixel type=vector names=FALSE length=1 as.numeric=TRUE >182.02472359545</ruler.pixel>
	<ruler.interval type=vector names=FALSE length=1 as.numeric=TRUE >31</ruler.interval>
	<scaling.units type=vector names=FALSE length=1 as.numeric=FALSE >mm</scaling.units>
	<scaling type=vector names=FALSE length=1 as.numeric=TRUE >0.170306535220443</scaling>
	<landmarks.pixel type=matrix rownames=TRUE colnames=FALSE nrow=16 ncol=2 as.numeric=TRUE >
		LM1	105	23
		LM2	106	41
		LM3	108	120
		LM4	108	134
		LM5	143	105
		LM6	144	119
		LM7	155	133
		LM8	162	75
		LM9	168	90
		LM10	105	23
		LM11	213	118
		LM12	223	129
		LM13	105	23
		LM14	172	83
		LM15	218	132
		LM16	222	132
	</landmarks.pixel>
	<landmarks.scaled type=matrix rownames=TRUE colnames=FALSE nrow=16 ncol=2 as.numeric=TRUE >
		LM1	17.8821861981466	-3.9170503100702
		LM2	18.052492733367	-6.98256794403818
		LM3	18.3931058038079	-20.4367842264532
		LM4	18.3931058038079	-22.8210757195394
		LM5	24.3538345365234	-17.8821861981466
		LM6	24.5241410717439	-20.2664776912328
		LM7	26.3975129591687	-22.650769184319
		LM8	27.5896587057118	-12.7729901415333
		LM9	28.6114979170345	-15.3275881698399
		LM10	17.8821861981466	-3.9170503100702
		LM11	36.2752920019545	-20.0961711560123
		LM12	37.9783573541589	-21.9695430434372
		LM13	17.8821861981466	-3.9170503100702
		LM14	29.2927240579163	-14.1354424232968
		LM15	37.1268246780567	-22.4804626490985
		LM16	37.8080508189384	-22.4804626490985
	</landmarks.scaled>
	<curves.control type=list>
		<glabella type=matrix rownames=FALSE colnames=FALSE nrow=11 ncol=2 as.numeric=TRUE >
			106	41
			139	40
			138	65
			136	74
			137	84
			137	92
			141	100
			143	106
			148	118
			151	126
			155	133
		</glabella>
		<suture type=matrix rownames=FALSE colnames=FALSE nrow=13 ncol=2 as.numeric=TRUE >
			105	23
			147	23
			153	53
			160	64
			162	77
			169	77
			170	83
			169	87
			164	88
			164	94
			179	102
			209	102
			223	129
		</suture>
		<anterior type=matrix rownames=FALSE colnames=FALSE nrow=9 ncol=2 as.numeric=TRUE >
			105	23
			142	23
			175	53
			188	64
			204	82
			218	100
			223	121
			226	130
			218	132
		</anterior>
		<posterior type=matrix rownames=FALSE colnames=FALSE nrow=9 ncol=2 as.numeric=TRUE >
			108	134
			128	133
			146	133
			168	132
			185	135
			202	136
			210	134
			216	133
			218	132
		</posterior>
	</curves.control>
	<curves.pixel type=list>
		<glabella type=matrix rownames=FALSE colnames=FALSE nrow=116 ncol=2 as.numeric=TRUE >
			106	41
			107	41
			108	41
			109	41
			110	41
			111	41
			112	41
			113	41
			114	41
			115	41
			116	41
			117	42
			118	42
			119	42
			120	42
			121	42
			122	42
			123	43
			124	43
			125	44
			126	44
			127	44
			128	45
			129	45
			129	46
			130	46
			131	47
			132	48
			133	49
			134	50
			135	51
			135	52
			136	53
			136	54
			137	55
			137	56
			137	57
			138	58
			138	59
			138	60
			138	61
			138	62
			138	63
			138	64
			138	65
			138	66
			138	67
			137	68
			137	69
			137	70
			137	71
			137	72
			137	73
			137	74
			137	75
			137	76
			137	77
			137	78
			137	79
			137	80
			137	81
			137	82
			137	83
			137	84
			137	85
			137	86
			137	87
			137	88
			137	89
			137	90
			138	90
			138	91
			138	92
			138	93
			139	94
			139	95
			139	96
			139	97
			140	97
			140	98
			141	99
			141	100
			141	101
			142	102
			142	103
			142	104
			143	105
			143	106
			144	107
			144	108
			144	109
			145	110
			145	111
			146	112
			146	113
			146	114
			147	115
			147	116
			148	117
			148	118
			148	119
			149	120
			149	121
			150	122
			150	123
			150	124
			151	125
			151	126
			152	126
			152	127
			152	128
			153	129
			153	130
			154	131
			155	132
			155	133
		</glabella>
		<suture type=matrix rownames=FALSE colnames=FALSE nrow=170 ncol=2 as.numeric=TRUE >
			105	23
			106	23
			107	23
			108	23
			109	23
			110	23
			111	23
			112	23
			113	23
			114	23
			115	24
			116	24
			117	24
			118	24
			119	24
			120	24
			121	24
			122	25
			123	25
			124	25
			125	25
			126	25
			127	26
			128	26
			129	26
			130	27
			131	27
			132	27
			133	28
			134	28
			135	29
			136	29
			137	30
			138	31
			139	31
			140	32
			141	33
			142	33
			143	34
			144	35
			144	36
			145	36
			146	37
			146	38
			147	39
			148	40
			148	41
			149	42
			149	43
			150	44
			150	45
			151	46
			151	47
			152	48
			152	49
			152	50
			153	51
			153	52
			153	53
			153	54
			154	54
			154	55
			155	56
			155	57
			156	58
			156	59
			157	60
			157	61
			158	62
			158	63
			159	64
			159	65
			159	66
			160	67
			160	68
			160	69
			161	70
			161	71
			161	72
			161	73
			161	74
			162	75
			162	76
			162	77
			163	77
			164	77
			165	77
			166	78
			167	78
			168	79
			169	80
			170	81
			170	82
			170	83
			170	84
			169	85
			168	86
			167	87
			166	87
			165	88
			164	88
			164	89
			164	90
			165	91
			165	92
			166	92
			167	93
			167	94
			168	95
			169	96
			170	97
			171	97
			172	98
			173	98
			173	99
			174	99
			175	100
			176	101
			177	101
			178	101
			179	102
			180	102
			181	102
			182	102
			183	102
			184	102
			185	102
			186	102
			187	103
			188	103
			189	103
			190	103
			191	103
			192	103
			193	104
			194	104
			195	104
			196	105
			197	105
			198	105
			199	106
			200	106
			201	107
			202	107
			203	108
			204	108
			205	109
			206	110
			207	110
			208	111
			209	112
			210	113
			211	113
			212	114
			213	115
			214	116
			215	117
			216	118
			216	119
			217	120
			218	121
			219	122
			220	123
			220	124
			221	125
			221	126
			222	127
			222	128
			223	128
			223	129
		</suture>
		<anterior type=matrix rownames=FALSE colnames=FALSE nrow=159 ncol=2 as.numeric=TRUE >
			105	23
			106	23
			107	23
			108	23
			109	23
			110	23
			111	23
			112	23
			113	23
			114	23
			115	24
			116	24
			117	24
			118	24
			119	24
			120	24
			121	24
			122	25
			123	25
			124	25
			125	25
			126	25
			127	26
			128	26
			129	26
			130	26
			131	27
			132	27
			133	27
			134	28
			135	28
			136	29
			137	29
			138	29
			139	30
			140	30
			141	30
			141	31
			142	31
			143	31
			144	32
			145	32
			146	33
			147	33
			148	34
			149	34
			150	35
			151	35
			152	36
			153	37
			154	37
			155	38
			156	38
			157	39
			158	40
			159	40
			160	41
			161	42
			162	42
			163	43
			164	44
			165	45
			166	46
			167	46
			167	47
			168	47
			169	48
			170	49
			171	49
			172	50
			173	51
			173	52
			174	52
			175	53
			176	54
			177	55
			178	56
			179	56
			180	57
			181	58
			181	59
			182	59
			183	60
			184	61
			185	62
			186	63
			187	64
			188	65
			189	66
			190	67
			191	68
			192	69
			193	70
			194	71
			195	72
			196	73
			197	74
			198	75
			198	76
			199	77
			200	78
			201	78
			202	79
			202	80
			203	81
			204	82
			205	83
			205	84
			206	85
			207	86
			207	87
			208	88
			209	89
			210	90
			210	91
			211	92
			212	93
			212	94
			213	95
			213	96
			214	97
			214	98
			215	99
			215	100
			216	100
			216	101
			216	102
			217	103
			217	104
			218	105
			218	106
			219	107
			219	108
			219	109
			220	110
			220	111
			220	112
			221	113
			221	114
			221	115
			222	116
			222	117
			222	118
			222	119
			223	120
			223	121
			223	122
			224	123
			224	124
			224	125
			224	126
			224	127
			223	128
			223	129
			222	130
			221	131
			220	131
			219	132
			218	132
		</anterior>
		<posterior type=matrix rownames=FALSE colnames=FALSE nrow=111 ncol=2 as.numeric=TRUE >
			108	134
			109	134
			110	134
			111	134
			112	134
			113	134
			114	134
			115	134
			116	134
			117	134
			118	134
			119	134
			120	133
			121	133
			122	133
			123	133
			124	133
			125	133
			126	133
			127	133
			128	133
			129	133
			130	133
			131	133
			132	133
			133	133
			134	133
			135	133
			136	133
			137	133
			138	133
			139	133
			140	133
			141	133
			142	133
			143	133
			144	133
			145	133
			146	133
			147	133
			148	133
			149	133
			150	133
			151	133
			152	133
			153	133
			154	133
			155	133
			156	133
			157	133
			158	133
			159	133
			160	133
			161	133
			162	133
			163	133
			164	133
			165	133
			166	133
			167	133
			168	133
			169	133
			170	133
			171	133
			172	133
			173	133
			174	134
			175	134
			176	134
			177	134
			178	134
			179	134
			180	134
			181	134
			182	135
			183	135
			184	135
			185	135
			186	135
			187	135
			188	135
			189	135
			190	135
			191	135
			192	135
			193	135
			194	135
			195	135
			196	135
			197	135
			198	135
			199	135
			200	135
			201	135
			202	135
			203	135
			204	135
			205	135
			206	135
			207	135
			208	134
			209	134
			210	134
			211	134
			212	134
			213	133
			214	133
			215	133
			216	133
			217	132
			218	132
		</posterior>
	</curves.pixel>
	<curves.scaled type=list>
		<glabella type=matrix rownames=FALSE colnames=FALSE nrow=116 ncol=2 as.numeric=TRUE >
			18.052492733367	-6.98256794403818
			18.2227992685874	-6.98256794403818
			18.3931058038079	-6.98256794403818
			18.5634123390283	-6.98256794403818
			18.7337188742488	-6.98256794403818
			18.9040254094692	-6.98256794403818
			19.0743319446897	-6.98256794403818
			19.2446384799101	-6.98256794403818
			19.4149450151306	-6.98256794403818
			19.585251550351	-6.98256794403818
			19.7555580855714	-6.98256794403818
			19.9258646207919	-7.15287447925862
			20.0961711560123	-7.15287447925862
			20.2664776912328	-7.15287447925862
			20.4367842264532	-7.15287447925862
			20.6070907616737	-7.15287447925862
			20.7773972968941	-7.15287447925862
			20.9477038321145	-7.32318101447907
			21.118010367335	-7.32318101447907
			21.2883169025554	-7.49348754969951
			21.4586234377759	-7.49348754969951
			21.6289299729963	-7.49348754969951
			21.7992365082168	-7.66379408491995
			21.9695430434372	-7.66379408491995
			21.9695430434372	-7.8341006201404
			22.1398495786576	-7.8341006201404
			22.3101561138781	-8.00440715536084
			22.4804626490985	-8.17471369058129
			22.650769184319	-8.34502022580173
			22.8210757195394	-8.51532676102217
			22.9913822547599	-8.68563329624262
			22.9913822547599	-8.85593983146306
			23.1616887899803	-9.0262463666835
			23.1616887899803	-9.19655290190395
			23.3319953252008	-9.36685943712439
			23.3319953252008	-9.53716597234483
			23.3319953252008	-9.70747250756528
			23.5023018604212	-9.87777904278572
			23.5023018604212	-10.0480855780062
			23.5023018604212	-10.2183921132266
			23.5023018604212	-10.3886986484471
			23.5023018604212	-10.5590051836675
			23.5023018604212	-10.7293117188879
			23.5023018604212	-10.8996182541084
			23.5023018604212	-11.0699247893288
			23.5023018604212	-11.2402313245493
			23.5023018604212	-11.4105378597697
			23.3319953252008	-11.5808443949902
			23.3319953252008	-11.7511509302106
			23.3319953252008	-11.921457465431
			23.3319953252008	-12.0917640006515
			23.3319953252008	-12.2620705358719
			23.3319953252008	-12.4323770710924
			23.3319953252008	-12.6026836063128
			23.3319953252008	-12.7729901415333
			23.3319953252008	-12.9432966767537
			23.3319953252008	-13.1136032119741
			23.3319953252008	-13.2839097471946
			23.3319953252008	-13.454216282415
			23.3319953252008	-13.6245228176355
			23.3319953252008	-13.7948293528559
			23.3319953252008	-13.9651358880764
			23.3319953252008	-14.1354424232968
			23.3319953252008	-14.3057489585172
			23.3319953252008	-14.4760554937377
			23.3319953252008	-14.6463620289581
			23.3319953252008	-14.8166685641786
			23.3319953252008	-14.986975099399
			23.3319953252008	-15.1572816346195
			23.3319953252008	-15.3275881698399
			23.5023018604212	-15.3275881698399
			23.5023018604212	-15.4978947050604
			23.5023018604212	-15.6682012402808
			23.5023018604212	-15.8385077755012
			23.6726083956416	-16.0088143107217
			23.6726083956416	-16.1791208459421
			23.6726083956416	-16.3494273811626
			23.6726083956416	-16.519733916383
			23.8429149308621	-16.519733916383
			23.8429149308621	-16.6900404516035
			24.0132214660825	-16.8603469868239
			24.0132214660825	-17.0306535220443
			24.0132214660825	-17.2009600572648
			24.183528001303	-17.3712665924852
			24.183528001303	-17.5415731277057
			24.183528001303	-17.7118796629261
			24.3538345365234	-17.8821861981466
			24.3538345365234	-18.052492733367
			24.5241410717439	-18.2227992685874
			24.5241410717439	-18.3931058038079
			24.5241410717439	-18.5634123390283
			24.6944476069643	-18.7337188742488
			24.6944476069643	-18.9040254094692
			24.8647541421847	-19.0743319446897
			24.8647541421847	-19.2446384799101
			24.8647541421847	-19.4149450151306
			25.0350606774052	-19.585251550351
			25.0350606774052	-19.7555580855714
			25.2053672126256	-19.9258646207919
			25.2053672126256	-20.0961711560123
			25.2053672126256	-20.2664776912328
			25.3756737478461	-20.4367842264532
			25.3756737478461	-20.6070907616737
			25.5459802830665	-20.7773972968941
			25.5459802830665	-20.9477038321145
			25.5459802830665	-21.118010367335
			25.716286818287	-21.2883169025554
			25.716286818287	-21.4586234377759
			25.8865933535074	-21.4586234377759
			25.8865933535074	-21.6289299729963
			25.8865933535074	-21.7992365082168
			26.0568998887278	-21.9695430434372
			26.0568998887278	-22.1398495786576
			26.2272064239483	-22.3101561138781
			26.3975129591687	-22.4804626490985
			26.3975129591687	-22.650769184319
		</glabella>
		<suture type=matrix rownames=FALSE colnames=FALSE nrow=170 ncol=2 as.numeric=TRUE >
			17.8821861981466	-3.9170503100702
			18.052492733367	-3.9170503100702
			18.2227992685874	-3.9170503100702
			18.3931058038079	-3.9170503100702
			18.5634123390283	-3.9170503100702
			18.7337188742488	-3.9170503100702
			18.9040254094692	-3.9170503100702
			19.0743319446897	-3.9170503100702
			19.2446384799101	-3.9170503100702
			19.4149450151306	-3.9170503100702
			19.585251550351	-4.08735684529064
			19.7555580855714	-4.08735684529064
			19.9258646207919	-4.08735684529064
			20.0961711560123	-4.08735684529064
			20.2664776912328	-4.08735684529064
			20.4367842264532	-4.08735684529064
			20.6070907616737	-4.08735684529064
			20.7773972968941	-4.25766338051109
			20.9477038321145	-4.25766338051109
			21.118010367335	-4.25766338051109
			21.2883169025554	-4.25766338051109
			21.4586234377759	-4.25766338051109
			21.6289299729963	-4.42796991573153
			21.7992365082168	-4.42796991573153
			21.9695430434372	-4.42796991573153
			22.1398495786576	-4.59827645095197
			22.3101561138781	-4.59827645095197
			22.4804626490985	-4.59827645095197
			22.650769184319	-4.76858298617242
			22.8210757195394	-4.76858298617242
			22.9913822547599	-4.93888952139286
			23.1616887899803	-4.93888952139286
			23.3319953252008	-5.1091960566133
			23.5023018604212	-5.27950259183375
			23.6726083956416	-5.27950259183375
			23.8429149308621	-5.44980912705419
			24.0132214660825	-5.62011566227463
			24.183528001303	-5.62011566227463
			24.3538345365234	-5.79042219749508
			24.5241410717439	-5.96072873271552
			24.5241410717439	-6.13103526793596
			24.6944476069643	-6.13103526793596
			24.8647541421847	-6.30134180315641
			24.8647541421847	-6.47164833837685
			25.0350606774052	-6.64195487359729
			25.2053672126256	-6.81226140881774
			25.2053672126256	-6.98256794403818
			25.3756737478461	-7.15287447925862
			25.3756737478461	-7.32318101447907
			25.5459802830665	-7.49348754969951
			25.5459802830665	-7.66379408491995
			25.716286818287	-7.8341006201404
			25.716286818287	-8.00440715536084
			25.8865933535074	-8.17471369058129
			25.8865933535074	-8.34502022580173
			25.8865933535074	-8.51532676102217
			26.0568998887278	-8.68563329624262
			26.0568998887278	-8.85593983146306
			26.0568998887278	-9.0262463666835
			26.0568998887278	-9.19655290190395
			26.2272064239483	-9.19655290190395
			26.2272064239483	-9.36685943712439
			26.3975129591687	-9.53716597234483
			26.3975129591687	-9.70747250756528
			26.5678194943892	-9.87777904278572
			26.5678194943892	-10.0480855780062
			26.7381260296096	-10.2183921132266
			26.7381260296096	-10.3886986484471
			26.9084325648301	-10.5590051836675
			26.9084325648301	-10.7293117188879
			27.0787391000505	-10.8996182541084
			27.0787391000505	-11.0699247893288
			27.0787391000505	-11.2402313245493
			27.249045635271	-11.4105378597697
			27.249045635271	-11.5808443949902
			27.249045635271	-11.7511509302106
			27.4193521704914	-11.921457465431
			27.4193521704914	-12.0917640006515
			27.4193521704914	-12.2620705358719
			27.4193521704914	-12.4323770710924
			27.4193521704914	-12.6026836063128
			27.5896587057118	-12.7729901415333
			27.5896587057118	-12.9432966767537
			27.5896587057118	-13.1136032119741
			27.7599652409323	-13.1136032119741
			27.9302717761527	-13.1136032119741
			28.1005783113732	-13.1136032119741
			28.2708848465936	-13.2839097471946
			28.4411913818141	-13.2839097471946
			28.6114979170345	-13.454216282415
			28.7818044522549	-13.6245228176355
			28.9521109874754	-13.7948293528559
			28.9521109874754	-13.9651358880764
			28.9521109874754	-14.1354424232968
			28.9521109874754	-14.3057489585172
			28.7818044522549	-14.4760554937377
			28.6114979170345	-14.6463620289581
			28.4411913818141	-14.8166685641786
			28.2708848465936	-14.8166685641786
			28.1005783113732	-14.986975099399
			27.9302717761527	-14.986975099399
			27.9302717761527	-15.1572816346195
			27.9302717761527	-15.3275881698399
			28.1005783113732	-15.4978947050604
			28.1005783113732	-15.6682012402808
			28.2708848465936	-15.6682012402808
			28.4411913818141	-15.8385077755012
			28.4411913818141	-16.0088143107217
			28.6114979170345	-16.1791208459421
			28.7818044522549	-16.3494273811626
			28.9521109874754	-16.519733916383
			29.1224175226958	-16.519733916383
			29.2927240579163	-16.6900404516035
			29.4630305931367	-16.6900404516035
			29.4630305931367	-16.8603469868239
			29.6333371283572	-16.8603469868239
			29.8036436635776	-17.0306535220443
			29.973950198798	-17.2009600572648
			30.1442567340185	-17.2009600572648
			30.3145632692389	-17.2009600572648
			30.4848698044594	-17.3712665924852
			30.6551763396798	-17.3712665924852
			30.8254828749003	-17.3712665924852
			30.9957894101207	-17.3712665924852
			31.1660959453412	-17.3712665924852
			31.3364024805616	-17.3712665924852
			31.506709015782	-17.3712665924852
			31.6770155510025	-17.3712665924852
			31.8473220862229	-17.5415731277057
			32.0176286214434	-17.5415731277057
			32.1879351566638	-17.5415731277057
			32.3582416918843	-17.5415731277057
			32.5285482271047	-17.5415731277057
			32.6988547623251	-17.5415731277057
			32.8691612975456	-17.7118796629261
			33.039467832766	-17.7118796629261
			33.2097743679865	-17.7118796629261
			33.3800809032069	-17.8821861981466
			33.5503874384274	-17.8821861981466
			33.7206939736478	-17.8821861981466
			33.8910005088682	-18.052492733367
			34.0613070440887	-18.052492733367
			34.2316135793091	-18.2227992685874
			34.4019201145296	-18.2227992685874
			34.57222664975	-18.3931058038079
			34.7425331849705	-18.3931058038079
			34.9128397201909	-18.5634123390283
			35.0831462554114	-18.7337188742488
			35.2534527906318	-18.7337188742488
			35.4237593258522	-18.9040254094692
			35.5940658610727	-19.0743319446897
			35.7643723962931	-19.2446384799101
			35.9346789315136	-19.2446384799101
			36.104985466734	-19.4149450151306
			36.2752920019545	-19.585251550351
			36.4455985371749	-19.7555580855714
			36.6159050723953	-19.9258646207919
			36.7862116076158	-20.0961711560123
			36.7862116076158	-20.2664776912328
			36.9565181428362	-20.4367842264532
			37.1268246780567	-20.6070907616737
			37.2971312132771	-20.7773972968941
			37.4674377484976	-20.9477038321145
			37.4674377484976	-21.118010367335
			37.637744283718	-21.2883169025554
			37.637744283718	-21.4586234377759
			37.8080508189384	-21.6289299729963
			37.8080508189384	-21.7992365082168
			37.9783573541589	-21.7992365082168
			37.9783573541589	-21.9695430434372
		</suture>
		<anterior type=matrix rownames=FALSE colnames=FALSE nrow=159 ncol=2 as.numeric=TRUE >
			17.8821861981466	-3.9170503100702
			18.052492733367	-3.9170503100702
			18.2227992685874	-3.9170503100702
			18.3931058038079	-3.9170503100702
			18.5634123390283	-3.9170503100702
			18.7337188742488	-3.9170503100702
			18.9040254094692	-3.9170503100702
			19.0743319446897	-3.9170503100702
			19.2446384799101	-3.9170503100702
			19.4149450151306	-3.9170503100702
			19.585251550351	-4.08735684529064
			19.7555580855714	-4.08735684529064
			19.9258646207919	-4.08735684529064
			20.0961711560123	-4.08735684529064
			20.2664776912328	-4.08735684529064
			20.4367842264532	-4.08735684529064
			20.6070907616737	-4.08735684529064
			20.7773972968941	-4.25766338051109
			20.9477038321145	-4.25766338051109
			21.118010367335	-4.25766338051109
			21.2883169025554	-4.25766338051109
			21.4586234377759	-4.25766338051109
			21.6289299729963	-4.42796991573153
			21.7992365082168	-4.42796991573153
			21.9695430434372	-4.42796991573153
			22.1398495786576	-4.42796991573153
			22.3101561138781	-4.59827645095197
			22.4804626490985	-4.59827645095197
			22.650769184319	-4.59827645095197
			22.8210757195394	-4.76858298617242
			22.9913822547599	-4.76858298617242
			23.1616887899803	-4.93888952139286
			23.3319953252008	-4.93888952139286
			23.5023018604212	-4.93888952139286
			23.6726083956416	-5.1091960566133
			23.8429149308621	-5.1091960566133
			24.0132214660825	-5.1091960566133
			24.0132214660825	-5.27950259183375
			24.183528001303	-5.27950259183375
			24.3538345365234	-5.27950259183375
			24.5241410717439	-5.44980912705419
			24.6944476069643	-5.44980912705419
			24.8647541421847	-5.62011566227463
			25.0350606774052	-5.62011566227463
			25.2053672126256	-5.79042219749508
			25.3756737478461	-5.79042219749508
			25.5459802830665	-5.96072873271552
			25.716286818287	-5.96072873271552
			25.8865933535074	-6.13103526793596
			26.0568998887278	-6.30134180315641
			26.2272064239483	-6.30134180315641
			26.3975129591687	-6.47164833837685
			26.5678194943892	-6.47164833837685
			26.7381260296096	-6.64195487359729
			26.9084325648301	-6.81226140881774
			27.0787391000505	-6.81226140881774
			27.249045635271	-6.98256794403818
			27.4193521704914	-7.15287447925862
			27.5896587057118	-7.15287447925862
			27.7599652409323	-7.32318101447907
			27.9302717761527	-7.49348754969951
			28.1005783113732	-7.66379408491995
			28.2708848465936	-7.8341006201404
			28.4411913818141	-7.8341006201404
			28.4411913818141	-8.00440715536084
			28.6114979170345	-8.00440715536084
			28.7818044522549	-8.17471369058129
			28.9521109874754	-8.34502022580173
			29.1224175226958	-8.34502022580173
			29.2927240579163	-8.51532676102217
			29.4630305931367	-8.68563329624262
			29.4630305931367	-8.85593983146306
			29.6333371283572	-8.85593983146306
			29.8036436635776	-9.0262463666835
			29.973950198798	-9.19655290190395
			30.1442567340185	-9.36685943712439
			30.3145632692389	-9.53716597234483
			30.4848698044594	-9.53716597234483
			30.6551763396798	-9.70747250756528
			30.8254828749003	-9.87777904278572
			30.8254828749003	-10.0480855780062
			30.9957894101207	-10.0480855780062
			31.1660959453412	-10.2183921132266
			31.3364024805616	-10.3886986484471
			31.506709015782	-10.5590051836675
			31.6770155510025	-10.7293117188879
			31.8473220862229	-10.8996182541084
			32.0176286214434	-11.0699247893288
			32.1879351566638	-11.2402313245493
			32.3582416918843	-11.4105378597697
			32.5285482271047	-11.5808443949902
			32.6988547623251	-11.7511509302106
			32.8691612975456	-11.921457465431
			33.039467832766	-12.0917640006515
			33.2097743679865	-12.2620705358719
			33.3800809032069	-12.4323770710924
			33.5503874384274	-12.6026836063128
			33.7206939736478	-12.7729901415333
			33.7206939736478	-12.9432966767537
			33.8910005088682	-13.1136032119741
			34.0613070440887	-13.2839097471946
			34.2316135793091	-13.2839097471946
			34.4019201145296	-13.454216282415
			34.4019201145296	-13.6245228176355
			34.57222664975	-13.7948293528559
			34.7425331849705	-13.9651358880764
			34.9128397201909	-14.1354424232968
			34.9128397201909	-14.3057489585172
			35.0831462554114	-14.4760554937377
			35.2534527906318	-14.6463620289581
			35.2534527906318	-14.8166685641786
			35.4237593258522	-14.986975099399
			35.5940658610727	-15.1572816346195
			35.7643723962931	-15.3275881698399
			35.7643723962931	-15.4978947050604
			35.9346789315136	-15.6682012402808
			36.104985466734	-15.8385077755012
			36.104985466734	-16.0088143107217
			36.2752920019545	-16.1791208459421
			36.2752920019545	-16.3494273811626
			36.4455985371749	-16.519733916383
			36.4455985371749	-16.6900404516035
			36.6159050723953	-16.8603469868239
			36.6159050723953	-17.0306535220443
			36.7862116076158	-17.0306535220443
			36.7862116076158	-17.2009600572648
			36.7862116076158	-17.3712665924852
			36.9565181428362	-17.5415731277057
			36.9565181428362	-17.7118796629261
			37.1268246780567	-17.8821861981466
			37.1268246780567	-18.052492733367
			37.2971312132771	-18.2227992685874
			37.2971312132771	-18.3931058038079
			37.2971312132771	-18.5634123390283
			37.4674377484976	-18.7337188742488
			37.4674377484976	-18.9040254094692
			37.4674377484976	-19.0743319446897
			37.637744283718	-19.2446384799101
			37.637744283718	-19.4149450151306
			37.637744283718	-19.585251550351
			37.8080508189384	-19.7555580855714
			37.8080508189384	-19.9258646207919
			37.8080508189384	-20.0961711560123
			37.8080508189384	-20.2664776912328
			37.9783573541589	-20.4367842264532
			37.9783573541589	-20.6070907616737
			37.9783573541589	-20.7773972968941
			38.1486638893793	-20.9477038321145
			38.1486638893793	-21.118010367335
			38.1486638893793	-21.2883169025554
			38.1486638893793	-21.4586234377759
			38.1486638893793	-21.6289299729963
			37.9783573541589	-21.7992365082168
			37.9783573541589	-21.9695430434372
			37.8080508189384	-22.1398495786576
			37.637744283718	-22.3101561138781
			37.4674377484976	-22.3101561138781
			37.2971312132771	-22.4804626490985
			37.1268246780567	-22.4804626490985
		</anterior>
		<posterior type=matrix rownames=FALSE colnames=FALSE nrow=111 ncol=2 as.numeric=TRUE >
			18.3931058038079	-22.8210757195394
			18.5634123390283	-22.8210757195394
			18.7337188742488	-22.8210757195394
			18.9040254094692	-22.8210757195394
			19.0743319446897	-22.8210757195394
			19.2446384799101	-22.8210757195394
			19.4149450151306	-22.8210757195394
			19.585251550351	-22.8210757195394
			19.7555580855714	-22.8210757195394
			19.9258646207919	-22.8210757195394
			20.0961711560123	-22.8210757195394
			20.2664776912328	-22.8210757195394
			20.4367842264532	-22.650769184319
			20.6070907616737	-22.650769184319
			20.7773972968941	-22.650769184319
			20.9477038321145	-22.650769184319
			21.118010367335	-22.650769184319
			21.2883169025554	-22.650769184319
			21.4586234377759	-22.650769184319
			21.6289299729963	-22.650769184319
			21.7992365082168	-22.650769184319
			21.9695430434372	-22.650769184319
			22.1398495786576	-22.650769184319
			22.3101561138781	-22.650769184319
			22.4804626490985	-22.650769184319
			22.650769184319	-22.650769184319
			22.8210757195394	-22.650769184319
			22.9913822547599	-22.650769184319
			23.1616887899803	-22.650769184319
			23.3319953252008	-22.650769184319
			23.5023018604212	-22.650769184319
			23.6726083956416	-22.650769184319
			23.8429149308621	-22.650769184319
			24.0132214660825	-22.650769184319
			24.183528001303	-22.650769184319
			24.3538345365234	-22.650769184319
			24.5241410717439	-22.650769184319
			24.6944476069643	-22.650769184319
			24.8647541421847	-22.650769184319
			25.0350606774052	-22.650769184319
			25.2053672126256	-22.650769184319
			25.3756737478461	-22.650769184319
			25.5459802830665	-22.650769184319
			25.716286818287	-22.650769184319
			25.8865933535074	-22.650769184319
			26.0568998887278	-22.650769184319
			26.2272064239483	-22.650769184319
			26.3975129591687	-22.650769184319
			26.5678194943892	-22.650769184319
			26.7381260296096	-22.650769184319
			26.9084325648301	-22.650769184319
			27.0787391000505	-22.650769184319
			27.249045635271	-22.650769184319
			27.4193521704914	-22.650769184319
			27.5896587057118	-22.650769184319
			27.7599652409323	-22.650769184319
			27.9302717761527	-22.650769184319
			28.1005783113732	-22.650769184319
			28.2708848465936	-22.650769184319
			28.4411913818141	-22.650769184319
			28.6114979170345	-22.650769184319
			28.7818044522549	-22.650769184319
			28.9521109874754	-22.650769184319
			29.1224175226958	-22.650769184319
			29.2927240579163	-22.650769184319
			29.4630305931367	-22.650769184319
			29.6333371283572	-22.8210757195394
			29.8036436635776	-22.8210757195394
			29.973950198798	-22.8210757195394
			30.1442567340185	-22.8210757195394
			30.3145632692389	-22.8210757195394
			30.4848698044594	-22.8210757195394
			30.6551763396798	-22.8210757195394
			30.8254828749003	-22.8210757195394
			30.9957894101207	-22.9913822547599
			31.1660959453412	-22.9913822547599
			31.3364024805616	-22.9913822547599
			31.506709015782	-22.9913822547599
			31.6770155510025	-22.9913822547599
			31.8473220862229	-22.9913822547599
			32.0176286214434	-22.9913822547599
			32.1879351566638	-22.9913822547599
			32.3582416918843	-22.9913822547599
			32.5285482271047	-22.9913822547599
			32.6988547623251	-22.9913822547599
			32.8691612975456	-22.9913822547599
			33.039467832766	-22.9913822547599
			33.2097743679865	-22.9913822547599
			33.3800809032069	-22.9913822547599
			33.5503874384274	-22.9913822547599
			33.7206939736478	-22.9913822547599
			33.8910005088682	-22.9913822547599
			34.0613070440887	-22.9913822547599
			34.2316135793091	-22.9913822547599
			34.4019201145296	-22.9913822547599
			34.57222664975	-22.9913822547599
			34.7425331849705	-22.9913822547599
			34.9128397201909	-22.9913822547599
			35.0831462554114	-22.9913822547599
			35.2534527906318	-22.9913822547599
			35.4237593258522	-22.8210757195394
			35.5940658610727	-22.8210757195394
			35.7643723962931	-22.8210757195394
			35.9346789315136	-22.8210757195394
			36.104985466734	-22.8210757195394
			36.2752920019545	-22.650769184319
			36.4455985371749	-22.650769184319
			36.6159050723953	-22.650769184319
			36.7862116076158	-22.650769184319
			36.9565181428362	-22.4804626490985
			37.1268246780567	-22.4804626490985
		</posterior>
	</curves.scaled>
	<ruler.points type=matrix rownames=TRUE colnames=FALSE nrow=2 ncol=2 as.numeric=TRUE >
		Ruler point 1	37	114
		Ruler point 2	219	111
	</ruler.points>
</shapes>

