<shapes type=list>
	<ruler.pixel type=vector names=FALSE length=1 as.numeric=TRUE >276.007246281687</ruler.pixel>
	<ruler.interval type=vector names=FALSE length=1 as.numeric=TRUE >2.7</ruler.interval>
	<scaling.units type=vector names=FALSE length=1 as.numeric=FALSE >cm</scaling.units>
	<scaling type=vector names=FALSE length=1 as.numeric=TRUE >0.00978235186348852</scaling>
	<landmarks.pixel type=matrix rownames=TRUE colnames=FALSE nrow=16 ncol=2 as.numeric=TRUE >
		LM1	161	23
		LM2	161	40
		LM3	161	144
		LM4	161	161
		LM5	215	71
		LM6	191	157
		LM7	192	168
		LM8	213	89
		LM9	217	149
		LM10	162	34
		LM11	277	131
		LM12	303	146
		LM13	161	23
		LM14	267	117
		LM15	306	161
		LM16	305	198
	</landmarks.pixel>
	<landmarks.scaled type=matrix rownames=TRUE colnames=FALSE nrow=16 ncol=2 as.numeric=TRUE >
		LM1	1.57495865002165	-0.224994092860236
		LM2	1.57495865002165	-0.391294074539541
		LM3	1.57495865002165	-1.40865866834235
		LM4	1.57495865002165	-1.57495865002165
		LM5	2.10320565065003	-0.694546982307685
		LM6	1.86842920592631	-1.5358292425677
		LM7	1.8782115577898	-1.64343511306607
		LM8	2.08364094692306	-0.870629315850479
		LM9	2.12277035437701	-1.45757042765979
		LM10	1.58474100188514	-0.33259996335861
		LM11	2.70971146618632	-1.281488094117
		LM12	2.96405261463702	-1.42822337206932
		LM13	1.57495865002165	-0.224994092860236
		LM14	2.61188794755144	-1.14453516802816
		LM15	2.99339967022749	-1.57495865002165
		LM16	2.983617318364	-1.93690566897073
	</landmarks.scaled>
	<curves.control type=list>
		<glabella type=matrix rownames=FALSE colnames=FALSE nrow=9 ncol=2 as.numeric=TRUE >
			161	40
			187	38
			213	61
			218	71
			212	86
			207	110
			190	144
			190	152
			192	168
		</glabella>
		<suture type=matrix rownames=FALSE colnames=FALSE nrow=15 ncol=2 as.numeric=TRUE >
			162	34
			201	39
			224	68
			223	78
			213	89
			243	79
			258	115
			257	152
			223	147
			204	153
			235	161
			252	164
			269	133
			282	125
			303	146
		</suture>
		<anterior type=matrix rownames=FALSE colnames=FALSE nrow=5 ncol=2 as.numeric=TRUE >
			161	23
			254	29
			299	136
			303	144
			306	161
		</anterior>
		<posterior type=matrix rownames=FALSE colnames=FALSE nrow=11 ncol=2 as.numeric=TRUE >
			161	161
			170	166
			193	168
			205	166
			243	172
			266	179
			290	188
			297	192
			306	198
			311	186
			306	161
		</posterior>
	</curves.control>
	<curves.pixel type=list>
		<glabella type=matrix rownames=FALSE colnames=FALSE nrow=165 ncol=2 as.numeric=TRUE >
			161	40
			162	40
			163	40
			164	40
			165	40
			166	40
			167	40
			168	40
			169	40
			170	40
			171	40
			172	40
			173	40
			174	41
			175	41
			176	41
			177	41
			178	41
			179	42
			180	42
			181	42
			182	42
			183	43
			184	43
			185	43
			186	44
			187	44
			188	45
			189	45
			190	45
			191	46
			192	47
			193	47
			194	48
			195	48
			196	49
			197	49
			198	50
			199	50
			200	51
			201	51
			201	52
			202	52
			203	53
			204	54
			205	55
			206	55
			207	56
			208	57
			209	58
			210	58
			211	59
			212	60
			213	61
			213	62
			214	62
			214	63
			214	64
			214	65
			215	66
			215	67
			215	68
			215	69
			215	70
			215	71
			215	72
			215	73
			215	74
			215	75
			215	76
			215	77
			215	78
			214	79
			214	80
			214	81
			213	82
			213	83
			213	84
			212	85
			212	86
			212	87
			211	88
			211	89
			211	90
			211	91
			211	92
			210	93
			210	94
			210	95
			209	96
			209	97
			209	98
			209	99
			208	100
			208	101
			208	102
			207	103
			207	104
			207	105
			206	106
			206	107
			206	108
			205	109
			205	110
			204	111
			204	112
			204	113
			203	114
			203	115
			203	116
			202	117
			202	118
			201	119
			201	120
			201	121
			200	122
			200	123
			199	124
			199	125
			198	126
			198	127
			198	128
			197	128
			197	129
			197	130
			196	131
			196	132
			195	133
			195	134
			195	135
			194	135
			194	136
			193	137
			193	138
			193	139
			192	139
			192	140
			191	141
			191	142
			191	143
			190	144
			190	145
			190	146
			190	147
			190	148
			190	149
			190	150
			190	151
			190	152
			190	153
			191	154
			191	155
			191	156
			191	157
			191	158
			191	159
			191	160
			191	161
			191	162
			191	163
			192	164
			192	165
			192	166
			192	167
			192	168
		</glabella>
		<suture type=matrix rownames=FALSE colnames=FALSE nrow=301 ncol=2 as.numeric=TRUE >
			162	34
			163	34
			164	34
			165	34
			166	35
			167	35
			168	35
			169	35
			170	35
			171	35
			172	36
			173	36
			174	36
			175	36
			175	37
			176	37
			177	37
			178	37
			179	38
			180	38
			181	38
			182	38
			183	39
			184	39
			185	40
			186	40
			187	40
			188	41
			189	41
			190	42
			191	42
			192	43
			193	43
			194	44
			195	44
			196	45
			197	45
			198	46
			199	46
			200	47
			201	47
			202	48
			203	48
			204	49
			205	50
			206	51
			207	52
			208	53
			209	53
			210	54
			211	55
			212	56
			213	57
			214	58
			215	58
			216	59
			217	60
			218	61
			219	62
			220	63
			221	64
			222	65
			223	66
			223	67
			224	68
			224	69
			224	70
			223	71
			223	72
			223	73
			223	74
			222	75
			222	76
			221	77
			221	78
			220	79
			220	80
			219	81
			219	82
			218	83
			217	84
			216	85
			215	86
			215	87
			214	88
			213	89
			214	89
			215	88
			216	88
			217	88
			218	88
			219	87
			220	87
			221	87
			222	87
			223	87
			224	87
			225	87
			226	87
			227	87
			228	87
			229	87
			230	87
			231	87
			232	88
			233	88
			234	88
			235	89
			236	89
			237	89
			238	90
			239	90
			240	91
			241	91
			241	92
			242	93
			243	93
			244	94
			245	95
			246	95
			246	96
			247	97
			248	98
			249	99
			249	100
			250	101
			251	102
			252	103
			252	104
			253	105
			254	106
			254	107
			255	108
			255	109
			256	110
			256	111
			257	112
			257	113
			258	114
			258	115
			258	116
			258	117
			258	118
			258	119
			258	120
			258	121
			257	122
			257	123
			257	124
			257	125
			257	126
			257	127
			256	127
			256	128
			256	129
			256	130
			256	131
			255	131
			255	132
			255	133
			254	134
			254	135
			253	136
			252	137
			252	138
			251	139
			250	140
			249	141
			248	142
			247	143
			246	144
			245	144
			244	145
			243	145
			242	146
			241	146
			240	146
			239	147
			238	147
			237	147
			236	147
			235	147
			234	147
			233	148
			232	148
			231	148
			230	148
			229	148
			228	148
			227	147
			226	147
			225	147
			224	147
			223	147
			222	147
			221	148
			220	148
			219	149
			218	149
			217	150
			216	151
			216	152
			216	153
			217	154
			218	155
			219	155
			220	156
			221	156
			222	157
			223	157
			224	158
			225	158
			226	158
			226	159
			227	159
			228	159
			229	159
			230	160
			231	160
			232	160
			233	161
			234	161
			235	161
			236	161
			237	161
			238	161
			239	161
			240	161
			241	161
			242	161
			243	161
			243	160
			244	160
			245	160
			246	160
			246	159
			247	159
			248	158
			249	158
			250	157
			251	156
			252	156
			253	155
			254	154
			255	153
			255	152
			256	151
			257	150
			258	149
			259	148
			260	147
			261	146
			262	145
			262	144
			263	143
			263	142
			264	142
			264	141
			265	140
			266	139
			266	138
			267	137
			267	136
			268	135
			268	134
			269	133
			270	133
			270	132
			271	132
			272	131
			273	131
			274	131
			275	131
			276	131
			277	131
			278	131
			279	131
			280	131
			281	131
			282	132
			283	132
			284	132
			285	133
			286	133
			287	134
			288	134
			289	135
			290	135
			291	136
			292	137
			293	138
			294	138
			295	139
			296	140
			297	140
			298	141
			299	142
			300	143
			301	144
			302	145
			303	146
		</suture>
		<anterior type=matrix rownames=FALSE colnames=FALSE nrow=197 ncol=2 as.numeric=TRUE >
			161	23
			162	23
			163	23
			164	23
			165	23
			166	23
			167	24
			168	24
			169	24
			170	24
			171	24
			172	24
			173	24
			174	24
			175	25
			176	25
			177	25
			178	25
			179	25
			180	25
			181	26
			182	26
			183	26
			184	26
			185	26
			186	27
			187	27
			188	27
			189	27
			190	28
			191	28
			192	28
			193	28
			194	29
			195	29
			196	29
			197	30
			198	30
			199	30
			200	31
			201	31
			202	32
			203	32
			204	32
			205	32
			206	33
			207	33
			208	34
			209	34
			210	35
			211	35
			212	35
			213	36
			214	36
			214	37
			215	37
			216	38
			217	38
			218	38
			219	39
			220	39
			221	40
			222	40
			222	41
			223	41
			224	42
			225	42
			226	43
			227	43
			228	44
			229	45
			230	46
			231	46
			232	47
			233	48
			234	48
			235	49
			236	50
			237	51
			238	51
			239	52
			240	53
			241	54
			242	54
			243	55
			244	56
			245	57
			246	58
			247	58
			248	59
			249	60
			250	61
			251	62
			252	63
			252	64
			253	65
			254	65
			255	66
			256	67
			257	68
			258	69
			259	70
			260	71
			260	72
			261	73
			262	74
			263	75
			264	76
			265	77
			266	78
			266	79
			267	80
			268	81
			269	82
			270	83
			270	84
			271	85
			272	86
			273	87
			273	88
			274	89
			274	90
			275	91
			275	92
			276	92
			277	93
			277	94
			278	95
			278	96
			279	97
			279	98
			280	98
			280	99
			281	100
			281	101
			282	102
			282	103
			283	104
			284	105
			284	106
			285	106
			285	107
			286	108
			286	109
			287	110
			287	111
			288	112
			288	113
			289	114
			289	115
			290	116
			290	117
			291	118
			291	119
			292	120
			292	121
			293	122
			293	123
			294	124
			294	125
			295	126
			295	127
			295	128
			296	129
			296	130
			297	131
			297	132
			298	133
			298	134
			299	135
			299	136
			299	137
			300	137
			300	138
			300	139
			301	140
			301	141
			302	142
			302	143
			302	144
			302	145
			303	146
			303	147
			303	148
			303	149
			304	150
			304	151
			304	152
			304	153
			305	154
			305	155
			305	156
			305	157
			305	158
			306	159
			306	160
			306	161
		</anterior>
		<posterior type=matrix rownames=FALSE colnames=FALSE nrow=189 ncol=2 as.numeric=TRUE >
			161	161
			162	162
			163	162
			164	163
			165	163
			166	163
			167	164
			168	164
			169	164
			170	164
			170	165
			171	165
			172	165
			173	165
			174	165
			175	166
			176	166
			177	166
			178	166
			179	166
			180	166
			181	167
			182	167
			183	167
			184	167
			185	167
			186	167
			187	167
			188	167
			188	168
			189	168
			190	168
			191	168
			192	168
			193	168
			194	168
			195	168
			196	168
			197	168
			198	168
			199	168
			200	168
			201	168
			202	168
			203	168
			204	168
			205	168
			206	168
			207	168
			208	168
			209	168
			210	168
			211	168
			212	168
			213	168
			214	168
			215	168
			216	168
			217	169
			218	169
			219	169
			220	169
			221	169
			222	169
			223	169
			224	169
			225	169
			226	170
			227	170
			228	170
			229	170
			230	170
			231	170
			232	170
			233	170
			234	171
			235	171
			236	171
			237	171
			238	171
			239	171
			240	172
			241	172
			242	172
			243	172
			244	172
			245	173
			246	173
			247	173
			248	174
			249	174
			250	174
			251	174
			251	175
			252	175
			253	175
			254	175
			255	176
			256	176
			257	176
			258	177
			259	177
			260	177
			261	178
			262	178
			263	178
			264	179
			265	179
			266	179
			267	180
			268	180
			269	180
			270	181
			271	181
			272	182
			273	182
			274	182
			275	183
			276	183
			277	183
			278	184
			279	184
			280	184
			281	185
			282	185
			283	185
			284	186
			285	186
			286	187
			287	187
			288	187
			289	188
			290	188
			291	188
			291	189
			292	189
			293	189
			293	190
			294	190
			294	191
			295	191
			296	191
			296	192
			297	192
			298	193
			299	194
			300	194
			301	195
			302	195
			303	196
			304	197
			305	198
			306	197
			307	196
			307	195
			307	194
			308	193
			308	192
			308	191
			308	190
			308	189
			308	188
			308	187
			308	186
			308	185
			308	184
			308	183
			308	182
			308	181
			308	180
			308	179
			308	178
			308	177
			308	176
			308	175
			308	174
			308	173
			308	172
			308	171
			308	170
			307	169
			307	168
			307	167
			307	166
			307	165
			306	164
			306	163
			306	162
			306	161
		</posterior>
	</curves.pixel>
	<curves.scaled type=list>
		<glabella type=matrix rownames=FALSE colnames=FALSE nrow=165 ncol=2 as.numeric=TRUE >
			1.57495865002165	-0.391294074539541
			1.58474100188514	-0.391294074539541
			1.59452335374863	-0.391294074539541
			1.60430570561212	-0.391294074539541
			1.61408805747561	-0.391294074539541
			1.62387040933909	-0.391294074539541
			1.63365276120258	-0.391294074539541
			1.64343511306607	-0.391294074539541
			1.65321746492956	-0.391294074539541
			1.66299981679305	-0.391294074539541
			1.67278216865654	-0.391294074539541
			1.68256452052003	-0.391294074539541
			1.69234687238351	-0.391294074539541
			1.702129224247	-0.401076426403029
			1.71191157611049	-0.401076426403029
			1.72169392797398	-0.401076426403029
			1.73147627983747	-0.401076426403029
			1.74125863170096	-0.401076426403029
			1.75104098356445	-0.410858778266518
			1.76082333542793	-0.410858778266518
			1.77060568729142	-0.410858778266518
			1.78038803915491	-0.410858778266518
			1.7901703910184	-0.420641130130007
			1.79995274288189	-0.420641130130007
			1.80973509474538	-0.420641130130007
			1.81951744660887	-0.430423481993495
			1.82929979847235	-0.430423481993495
			1.83908215033584	-0.440205833856984
			1.84886450219933	-0.440205833856984
			1.85864685406282	-0.440205833856984
			1.86842920592631	-0.449988185720472
			1.8782115577898	-0.459770537583961
			1.88799390965328	-0.459770537583961
			1.89777626151677	-0.469552889447449
			1.90755861338026	-0.469552889447449
			1.91734096524375	-0.479335241310938
			1.92712331710724	-0.479335241310938
			1.93690566897073	-0.489117593174426
			1.94668802083422	-0.489117593174426
			1.9564703726977	-0.498899945037915
			1.96625272456119	-0.498899945037915
			1.96625272456119	-0.508682296901403
			1.97603507642468	-0.508682296901403
			1.98581742828817	-0.518464648764892
			1.99559978015166	-0.52824700062838
			2.00538213201515	-0.538029352491869
			2.01516448387864	-0.538029352491869
			2.02494683574212	-0.547811704355357
			2.03472918760561	-0.557594056218846
			2.0445115394691	-0.567376408082334
			2.05429389133259	-0.567376408082334
			2.06407624319608	-0.577158759945823
			2.07385859505957	-0.586941111809311
			2.08364094692306	-0.5967234636728
			2.08364094692306	-0.606505815536288
			2.09342329878654	-0.606505815536288
			2.09342329878654	-0.616288167399777
			2.09342329878654	-0.626070519263266
			2.09342329878654	-0.635852871126754
			2.10320565065003	-0.645635222990243
			2.10320565065003	-0.655417574853731
			2.10320565065003	-0.66519992671722
			2.10320565065003	-0.674982278580708
			2.10320565065003	-0.684764630444197
			2.10320565065003	-0.694546982307685
			2.10320565065003	-0.704329334171174
			2.10320565065003	-0.714111686034662
			2.10320565065003	-0.723894037898151
			2.10320565065003	-0.733676389761639
			2.10320565065003	-0.743458741625128
			2.10320565065003	-0.753241093488616
			2.10320565065003	-0.763023445352105
			2.09342329878654	-0.772805797215593
			2.09342329878654	-0.782588149079082
			2.09342329878654	-0.79237050094257
			2.08364094692306	-0.802152852806059
			2.08364094692306	-0.811935204669547
			2.08364094692306	-0.821717556533036
			2.07385859505957	-0.831499908396525
			2.07385859505957	-0.841282260260013
			2.07385859505957	-0.851064612123502
			2.06407624319608	-0.86084696398699
			2.06407624319608	-0.870629315850479
			2.06407624319608	-0.880411667713967
			2.06407624319608	-0.890194019577456
			2.06407624319608	-0.899976371440944
			2.05429389133259	-0.909758723304433
			2.05429389133259	-0.919541075167921
			2.05429389133259	-0.92932342703141
			2.0445115394691	-0.939105778894898
			2.0445115394691	-0.948888130758387
			2.0445115394691	-0.958670482621875
			2.0445115394691	-0.968452834485364
			2.03472918760561	-0.978235186348852
			2.03472918760561	-0.988017538212341
			2.03472918760561	-0.997799890075829
			2.02494683574212	-1.00758224193932
			2.02494683574212	-1.01736459380281
			2.02494683574212	-1.02714694566629
			2.01516448387864	-1.03692929752978
			2.01516448387864	-1.04671164939327
			2.01516448387864	-1.05649400125676
			2.00538213201515	-1.06627635312025
			2.00538213201515	-1.07605870498374
			1.99559978015166	-1.08584105684723
			1.99559978015166	-1.09562340871071
			1.99559978015166	-1.1054057605742
			1.98581742828817	-1.11518811243769
			1.98581742828817	-1.12497046430118
			1.98581742828817	-1.13475281616467
			1.97603507642468	-1.14453516802816
			1.97603507642468	-1.15431751989165
			1.96625272456119	-1.16409987175513
			1.96625272456119	-1.17388222361862
			1.96625272456119	-1.18366457548211
			1.9564703726977	-1.1934469273456
			1.9564703726977	-1.20322927920909
			1.94668802083422	-1.21301163107258
			1.94668802083422	-1.22279398293607
			1.93690566897073	-1.23257633479955
			1.93690566897073	-1.24235868666304
			1.93690566897073	-1.25214103852653
			1.92712331710724	-1.25214103852653
			1.92712331710724	-1.26192339039002
			1.92712331710724	-1.27170574225351
			1.91734096524375	-1.281488094117
			1.91734096524375	-1.29127044598049
			1.90755861338026	-1.30105279784397
			1.90755861338026	-1.31083514970746
			1.90755861338026	-1.32061750157095
			1.89777626151677	-1.32061750157095
			1.89777626151677	-1.33039985343444
			1.88799390965328	-1.34018220529793
			1.88799390965328	-1.34996455716142
			1.88799390965328	-1.3597469090249
			1.8782115577898	-1.3597469090249
			1.8782115577898	-1.36952926088839
			1.86842920592631	-1.37931161275188
			1.86842920592631	-1.38909396461537
			1.86842920592631	-1.39887631647886
			1.85864685406282	-1.40865866834235
			1.85864685406282	-1.41844102020584
			1.85864685406282	-1.42822337206932
			1.85864685406282	-1.43800572393281
			1.85864685406282	-1.4477880757963
			1.85864685406282	-1.45757042765979
			1.85864685406282	-1.46735277952328
			1.85864685406282	-1.47713513138677
			1.85864685406282	-1.48691748325026
			1.85864685406282	-1.49669983511374
			1.86842920592631	-1.50648218697723
			1.86842920592631	-1.51626453884072
			1.86842920592631	-1.52604689070421
			1.86842920592631	-1.5358292425677
			1.86842920592631	-1.54561159443119
			1.86842920592631	-1.55539394629468
			1.86842920592631	-1.56517629815816
			1.86842920592631	-1.57495865002165
			1.86842920592631	-1.58474100188514
			1.86842920592631	-1.59452335374863
			1.8782115577898	-1.60430570561212
			1.8782115577898	-1.61408805747561
			1.8782115577898	-1.62387040933909
			1.8782115577898	-1.63365276120258
			1.8782115577898	-1.64343511306607
		</glabella>
		<suture type=matrix rownames=FALSE colnames=FALSE nrow=301 ncol=2 as.numeric=TRUE >
			1.58474100188514	-0.33259996335861
			1.59452335374863	-0.33259996335861
			1.60430570561212	-0.33259996335861
			1.61408805747561	-0.33259996335861
			1.62387040933909	-0.342382315222098
			1.63365276120258	-0.342382315222098
			1.64343511306607	-0.342382315222098
			1.65321746492956	-0.342382315222098
			1.66299981679305	-0.342382315222098
			1.67278216865654	-0.342382315222098
			1.68256452052003	-0.352164667085587
			1.69234687238351	-0.352164667085587
			1.702129224247	-0.352164667085587
			1.71191157611049	-0.352164667085587
			1.71191157611049	-0.361947018949075
			1.72169392797398	-0.361947018949075
			1.73147627983747	-0.361947018949075
			1.74125863170096	-0.361947018949075
			1.75104098356445	-0.371729370812564
			1.76082333542793	-0.371729370812564
			1.77060568729142	-0.371729370812564
			1.78038803915491	-0.371729370812564
			1.7901703910184	-0.381511722676052
			1.79995274288189	-0.381511722676052
			1.80973509474538	-0.391294074539541
			1.81951744660887	-0.391294074539541
			1.82929979847235	-0.391294074539541
			1.83908215033584	-0.401076426403029
			1.84886450219933	-0.401076426403029
			1.85864685406282	-0.410858778266518
			1.86842920592631	-0.410858778266518
			1.8782115577898	-0.420641130130007
			1.88799390965328	-0.420641130130007
			1.89777626151677	-0.430423481993495
			1.90755861338026	-0.430423481993495
			1.91734096524375	-0.440205833856984
			1.92712331710724	-0.440205833856984
			1.93690566897073	-0.449988185720472
			1.94668802083422	-0.449988185720472
			1.9564703726977	-0.459770537583961
			1.96625272456119	-0.459770537583961
			1.97603507642468	-0.469552889447449
			1.98581742828817	-0.469552889447449
			1.99559978015166	-0.479335241310938
			2.00538213201515	-0.489117593174426
			2.01516448387864	-0.498899945037915
			2.02494683574212	-0.508682296901403
			2.03472918760561	-0.518464648764892
			2.0445115394691	-0.518464648764892
			2.05429389133259	-0.52824700062838
			2.06407624319608	-0.538029352491869
			2.07385859505957	-0.547811704355357
			2.08364094692306	-0.557594056218846
			2.09342329878654	-0.567376408082334
			2.10320565065003	-0.567376408082334
			2.11298800251352	-0.577158759945823
			2.12277035437701	-0.586941111809311
			2.1325527062405	-0.5967234636728
			2.14233505810399	-0.606505815536288
			2.15211740996748	-0.616288167399777
			2.16189976183096	-0.626070519263266
			2.17168211369445	-0.635852871126754
			2.18146446555794	-0.645635222990243
			2.18146446555794	-0.655417574853731
			2.19124681742143	-0.66519992671722
			2.19124681742143	-0.674982278580708
			2.19124681742143	-0.684764630444197
			2.18146446555794	-0.694546982307685
			2.18146446555794	-0.704329334171174
			2.18146446555794	-0.714111686034662
			2.18146446555794	-0.723894037898151
			2.17168211369445	-0.733676389761639
			2.17168211369445	-0.743458741625128
			2.16189976183096	-0.753241093488616
			2.16189976183096	-0.763023445352105
			2.15211740996748	-0.772805797215593
			2.15211740996748	-0.782588149079082
			2.14233505810399	-0.79237050094257
			2.14233505810399	-0.802152852806059
			2.1325527062405	-0.811935204669547
			2.12277035437701	-0.821717556533036
			2.11298800251352	-0.831499908396525
			2.10320565065003	-0.841282260260013
			2.10320565065003	-0.851064612123502
			2.09342329878654	-0.86084696398699
			2.08364094692306	-0.870629315850479
			2.09342329878654	-0.870629315850479
			2.10320565065003	-0.86084696398699
			2.11298800251352	-0.86084696398699
			2.12277035437701	-0.86084696398699
			2.1325527062405	-0.86084696398699
			2.14233505810399	-0.851064612123502
			2.15211740996748	-0.851064612123502
			2.16189976183096	-0.851064612123502
			2.17168211369445	-0.851064612123502
			2.18146446555794	-0.851064612123502
			2.19124681742143	-0.851064612123502
			2.20102916928492	-0.851064612123502
			2.21081152114841	-0.851064612123502
			2.22059387301189	-0.851064612123502
			2.23037622487538	-0.851064612123502
			2.24015857673887	-0.851064612123502
			2.24994092860236	-0.851064612123502
			2.25972328046585	-0.851064612123502
			2.26950563232934	-0.86084696398699
			2.27928798419283	-0.86084696398699
			2.28907033605631	-0.86084696398699
			2.2988526879198	-0.870629315850479
			2.30863503978329	-0.870629315850479
			2.31841739164678	-0.870629315850479
			2.32819974351027	-0.880411667713967
			2.33798209537376	-0.880411667713967
			2.34776444723725	-0.890194019577456
			2.35754679910073	-0.890194019577456
			2.35754679910073	-0.899976371440944
			2.36732915096422	-0.909758723304433
			2.37711150282771	-0.909758723304433
			2.3868938546912	-0.919541075167921
			2.39667620655469	-0.92932342703141
			2.40645855841818	-0.92932342703141
			2.40645855841818	-0.939105778894898
			2.41624091028167	-0.948888130758387
			2.42602326214515	-0.958670482621875
			2.43580561400864	-0.968452834485364
			2.43580561400864	-0.978235186348852
			2.44558796587213	-0.988017538212341
			2.45537031773562	-0.997799890075829
			2.46515266959911	-1.00758224193932
			2.46515266959911	-1.01736459380281
			2.4749350214626	-1.02714694566629
			2.48471737332608	-1.03692929752978
			2.48471737332608	-1.04671164939327
			2.49449972518957	-1.05649400125676
			2.49449972518957	-1.06627635312025
			2.50428207705306	-1.07605870498374
			2.50428207705306	-1.08584105684723
			2.51406442891655	-1.09562340871071
			2.51406442891655	-1.1054057605742
			2.52384678078004	-1.11518811243769
			2.52384678078004	-1.12497046430118
			2.52384678078004	-1.13475281616467
			2.52384678078004	-1.14453516802816
			2.52384678078004	-1.15431751989165
			2.52384678078004	-1.16409987175513
			2.52384678078004	-1.17388222361862
			2.52384678078004	-1.18366457548211
			2.51406442891655	-1.1934469273456
			2.51406442891655	-1.20322927920909
			2.51406442891655	-1.21301163107258
			2.51406442891655	-1.22279398293607
			2.51406442891655	-1.23257633479955
			2.51406442891655	-1.24235868666304
			2.50428207705306	-1.24235868666304
			2.50428207705306	-1.25214103852653
			2.50428207705306	-1.26192339039002
			2.50428207705306	-1.27170574225351
			2.50428207705306	-1.281488094117
			2.49449972518957	-1.281488094117
			2.49449972518957	-1.29127044598049
			2.49449972518957	-1.30105279784397
			2.48471737332608	-1.31083514970746
			2.48471737332608	-1.32061750157095
			2.4749350214626	-1.33039985343444
			2.46515266959911	-1.34018220529793
			2.46515266959911	-1.34996455716142
			2.45537031773562	-1.3597469090249
			2.44558796587213	-1.36952926088839
			2.43580561400864	-1.37931161275188
			2.42602326214515	-1.38909396461537
			2.41624091028167	-1.39887631647886
			2.40645855841818	-1.40865866834235
			2.39667620655469	-1.40865866834235
			2.3868938546912	-1.41844102020584
			2.37711150282771	-1.41844102020584
			2.36732915096422	-1.42822337206932
			2.35754679910073	-1.42822337206932
			2.34776444723725	-1.42822337206932
			2.33798209537376	-1.43800572393281
			2.32819974351027	-1.43800572393281
			2.31841739164678	-1.43800572393281
			2.30863503978329	-1.43800572393281
			2.2988526879198	-1.43800572393281
			2.28907033605631	-1.43800572393281
			2.27928798419283	-1.4477880757963
			2.26950563232934	-1.4477880757963
			2.25972328046585	-1.4477880757963
			2.24994092860236	-1.4477880757963
			2.24015857673887	-1.4477880757963
			2.23037622487538	-1.4477880757963
			2.22059387301189	-1.43800572393281
			2.21081152114841	-1.43800572393281
			2.20102916928492	-1.43800572393281
			2.19124681742143	-1.43800572393281
			2.18146446555794	-1.43800572393281
			2.17168211369445	-1.43800572393281
			2.16189976183096	-1.4477880757963
			2.15211740996748	-1.4477880757963
			2.14233505810399	-1.45757042765979
			2.1325527062405	-1.45757042765979
			2.12277035437701	-1.46735277952328
			2.11298800251352	-1.47713513138677
			2.11298800251352	-1.48691748325026
			2.11298800251352	-1.49669983511374
			2.12277035437701	-1.50648218697723
			2.1325527062405	-1.51626453884072
			2.14233505810399	-1.51626453884072
			2.15211740996748	-1.52604689070421
			2.16189976183096	-1.52604689070421
			2.17168211369445	-1.5358292425677
			2.18146446555794	-1.5358292425677
			2.19124681742143	-1.54561159443119
			2.20102916928492	-1.54561159443119
			2.21081152114841	-1.54561159443119
			2.21081152114841	-1.55539394629468
			2.22059387301189	-1.55539394629468
			2.23037622487538	-1.55539394629468
			2.24015857673887	-1.55539394629468
			2.24994092860236	-1.56517629815816
			2.25972328046585	-1.56517629815816
			2.26950563232934	-1.56517629815816
			2.27928798419283	-1.57495865002165
			2.28907033605631	-1.57495865002165
			2.2988526879198	-1.57495865002165
			2.30863503978329	-1.57495865002165
			2.31841739164678	-1.57495865002165
			2.32819974351027	-1.57495865002165
			2.33798209537376	-1.57495865002165
			2.34776444723725	-1.57495865002165
			2.35754679910073	-1.57495865002165
			2.36732915096422	-1.57495865002165
			2.37711150282771	-1.57495865002165
			2.37711150282771	-1.56517629815816
			2.3868938546912	-1.56517629815816
			2.39667620655469	-1.56517629815816
			2.40645855841818	-1.56517629815816
			2.40645855841818	-1.55539394629468
			2.41624091028167	-1.55539394629468
			2.42602326214515	-1.54561159443119
			2.43580561400864	-1.54561159443119
			2.44558796587213	-1.5358292425677
			2.45537031773562	-1.52604689070421
			2.46515266959911	-1.52604689070421
			2.4749350214626	-1.51626453884072
			2.48471737332608	-1.50648218697723
			2.49449972518957	-1.49669983511374
			2.49449972518957	-1.48691748325026
			2.50428207705306	-1.47713513138677
			2.51406442891655	-1.46735277952328
			2.52384678078004	-1.45757042765979
			2.53362913264353	-1.4477880757963
			2.54341148450702	-1.43800572393281
			2.5531938363705	-1.42822337206932
			2.56297618823399	-1.41844102020584
			2.56297618823399	-1.40865866834235
			2.57275854009748	-1.39887631647886
			2.57275854009748	-1.38909396461537
			2.58254089196097	-1.38909396461537
			2.58254089196097	-1.37931161275188
			2.59232324382446	-1.36952926088839
			2.60210559568795	-1.3597469090249
			2.60210559568795	-1.34996455716142
			2.61188794755144	-1.34018220529793
			2.61188794755144	-1.33039985343444
			2.62167029941492	-1.32061750157095
			2.62167029941492	-1.31083514970746
			2.63145265127841	-1.30105279784397
			2.6412350031419	-1.30105279784397
			2.6412350031419	-1.29127044598049
			2.65101735500539	-1.29127044598049
			2.66079970686888	-1.281488094117
			2.67058205873237	-1.281488094117
			2.68036441059586	-1.281488094117
			2.69014676245934	-1.281488094117
			2.69992911432283	-1.281488094117
			2.70971146618632	-1.281488094117
			2.71949381804981	-1.281488094117
			2.7292761699133	-1.281488094117
			2.73905852177679	-1.281488094117
			2.74884087364028	-1.281488094117
			2.75862322550376	-1.29127044598049
			2.76840557736725	-1.29127044598049
			2.77818792923074	-1.29127044598049
			2.78797028109423	-1.30105279784397
			2.79775263295772	-1.30105279784397
			2.80753498482121	-1.31083514970746
			2.81731733668469	-1.31083514970746
			2.82709968854818	-1.32061750157095
			2.83688204041167	-1.32061750157095
			2.84666439227516	-1.33039985343444
			2.85644674413865	-1.34018220529793
			2.86622909600214	-1.34996455716142
			2.87601144786563	-1.34996455716142
			2.88579379972911	-1.3597469090249
			2.8955761515926	-1.36952926088839
			2.90535850345609	-1.36952926088839
			2.91514085531958	-1.37931161275188
			2.92492320718307	-1.38909396461537
			2.93470555904656	-1.39887631647886
			2.94448791091005	-1.40865866834235
			2.95427026277353	-1.41844102020584
			2.96405261463702	-1.42822337206932
		</suture>
		<anterior type=matrix rownames=FALSE colnames=FALSE nrow=197 ncol=2 as.numeric=TRUE >
			1.57495865002165	-0.224994092860236
			1.58474100188514	-0.224994092860236
			1.59452335374863	-0.224994092860236
			1.60430570561212	-0.224994092860236
			1.61408805747561	-0.224994092860236
			1.62387040933909	-0.224994092860236
			1.63365276120258	-0.234776444723725
			1.64343511306607	-0.234776444723725
			1.65321746492956	-0.234776444723725
			1.66299981679305	-0.234776444723725
			1.67278216865654	-0.234776444723725
			1.68256452052003	-0.234776444723725
			1.69234687238351	-0.234776444723725
			1.702129224247	-0.234776444723725
			1.71191157611049	-0.244558796587213
			1.72169392797398	-0.244558796587213
			1.73147627983747	-0.244558796587213
			1.74125863170096	-0.244558796587213
			1.75104098356445	-0.244558796587213
			1.76082333542793	-0.244558796587213
			1.77060568729142	-0.254341148450702
			1.78038803915491	-0.254341148450702
			1.7901703910184	-0.254341148450702
			1.79995274288189	-0.254341148450702
			1.80973509474538	-0.254341148450702
			1.81951744660887	-0.26412350031419
			1.82929979847235	-0.26412350031419
			1.83908215033584	-0.26412350031419
			1.84886450219933	-0.26412350031419
			1.85864685406282	-0.273905852177679
			1.86842920592631	-0.273905852177679
			1.8782115577898	-0.273905852177679
			1.88799390965328	-0.273905852177679
			1.89777626151677	-0.283688204041167
			1.90755861338026	-0.283688204041167
			1.91734096524375	-0.283688204041167
			1.92712331710724	-0.293470555904656
			1.93690566897073	-0.293470555904656
			1.94668802083422	-0.293470555904656
			1.9564703726977	-0.303252907768144
			1.96625272456119	-0.303252907768144
			1.97603507642468	-0.313035259631633
			1.98581742828817	-0.313035259631633
			1.99559978015166	-0.313035259631633
			2.00538213201515	-0.313035259631633
			2.01516448387864	-0.322817611495121
			2.02494683574212	-0.322817611495121
			2.03472918760561	-0.33259996335861
			2.0445115394691	-0.33259996335861
			2.05429389133259	-0.342382315222098
			2.06407624319608	-0.342382315222098
			2.07385859505957	-0.342382315222098
			2.08364094692306	-0.352164667085587
			2.09342329878654	-0.352164667085587
			2.09342329878654	-0.361947018949075
			2.10320565065003	-0.361947018949075
			2.11298800251352	-0.371729370812564
			2.12277035437701	-0.371729370812564
			2.1325527062405	-0.371729370812564
			2.14233505810399	-0.381511722676052
			2.15211740996748	-0.381511722676052
			2.16189976183096	-0.391294074539541
			2.17168211369445	-0.391294074539541
			2.17168211369445	-0.401076426403029
			2.18146446555794	-0.401076426403029
			2.19124681742143	-0.410858778266518
			2.20102916928492	-0.410858778266518
			2.21081152114841	-0.420641130130007
			2.22059387301189	-0.420641130130007
			2.23037622487538	-0.430423481993495
			2.24015857673887	-0.440205833856984
			2.24994092860236	-0.449988185720472
			2.25972328046585	-0.449988185720472
			2.26950563232934	-0.459770537583961
			2.27928798419283	-0.469552889447449
			2.28907033605631	-0.469552889447449
			2.2988526879198	-0.479335241310938
			2.30863503978329	-0.489117593174426
			2.31841739164678	-0.498899945037915
			2.32819974351027	-0.498899945037915
			2.33798209537376	-0.508682296901403
			2.34776444723725	-0.518464648764892
			2.35754679910073	-0.52824700062838
			2.36732915096422	-0.52824700062838
			2.37711150282771	-0.538029352491869
			2.3868938546912	-0.547811704355357
			2.39667620655469	-0.557594056218846
			2.40645855841818	-0.567376408082334
			2.41624091028167	-0.567376408082334
			2.42602326214515	-0.577158759945823
			2.43580561400864	-0.586941111809311
			2.44558796587213	-0.5967234636728
			2.45537031773562	-0.606505815536288
			2.46515266959911	-0.616288167399777
			2.46515266959911	-0.626070519263266
			2.4749350214626	-0.635852871126754
			2.48471737332608	-0.635852871126754
			2.49449972518957	-0.645635222990243
			2.50428207705306	-0.655417574853731
			2.51406442891655	-0.66519992671722
			2.52384678078004	-0.674982278580708
			2.53362913264353	-0.684764630444197
			2.54341148450702	-0.694546982307685
			2.54341148450702	-0.704329334171174
			2.5531938363705	-0.714111686034662
			2.56297618823399	-0.723894037898151
			2.57275854009748	-0.733676389761639
			2.58254089196097	-0.743458741625128
			2.59232324382446	-0.753241093488616
			2.60210559568795	-0.763023445352105
			2.60210559568795	-0.772805797215593
			2.61188794755144	-0.782588149079082
			2.62167029941492	-0.79237050094257
			2.63145265127841	-0.802152852806059
			2.6412350031419	-0.811935204669547
			2.6412350031419	-0.821717556533036
			2.65101735500539	-0.831499908396525
			2.66079970686888	-0.841282260260013
			2.67058205873237	-0.851064612123502
			2.67058205873237	-0.86084696398699
			2.68036441059586	-0.870629315850479
			2.68036441059586	-0.880411667713967
			2.69014676245934	-0.890194019577456
			2.69014676245934	-0.899976371440944
			2.69992911432283	-0.899976371440944
			2.70971146618632	-0.909758723304433
			2.70971146618632	-0.919541075167921
			2.71949381804981	-0.92932342703141
			2.71949381804981	-0.939105778894898
			2.7292761699133	-0.948888130758387
			2.7292761699133	-0.958670482621875
			2.73905852177679	-0.958670482621875
			2.73905852177679	-0.968452834485364
			2.74884087364028	-0.978235186348852
			2.74884087364028	-0.988017538212341
			2.75862322550376	-0.997799890075829
			2.75862322550376	-1.00758224193932
			2.76840557736725	-1.01736459380281
			2.77818792923074	-1.02714694566629
			2.77818792923074	-1.03692929752978
			2.78797028109423	-1.03692929752978
			2.78797028109423	-1.04671164939327
			2.79775263295772	-1.05649400125676
			2.79775263295772	-1.06627635312025
			2.80753498482121	-1.07605870498374
			2.80753498482121	-1.08584105684723
			2.81731733668469	-1.09562340871071
			2.81731733668469	-1.1054057605742
			2.82709968854818	-1.11518811243769
			2.82709968854818	-1.12497046430118
			2.83688204041167	-1.13475281616467
			2.83688204041167	-1.14453516802816
			2.84666439227516	-1.15431751989165
			2.84666439227516	-1.16409987175513
			2.85644674413865	-1.17388222361862
			2.85644674413865	-1.18366457548211
			2.86622909600214	-1.1934469273456
			2.86622909600214	-1.20322927920909
			2.87601144786563	-1.21301163107258
			2.87601144786563	-1.22279398293607
			2.88579379972911	-1.23257633479955
			2.88579379972911	-1.24235868666304
			2.88579379972911	-1.25214103852653
			2.8955761515926	-1.26192339039002
			2.8955761515926	-1.27170574225351
			2.90535850345609	-1.281488094117
			2.90535850345609	-1.29127044598049
			2.91514085531958	-1.30105279784397
			2.91514085531958	-1.31083514970746
			2.92492320718307	-1.32061750157095
			2.92492320718307	-1.33039985343444
			2.92492320718307	-1.34018220529793
			2.93470555904656	-1.34018220529793
			2.93470555904656	-1.34996455716142
			2.93470555904656	-1.3597469090249
			2.94448791091005	-1.36952926088839
			2.94448791091005	-1.37931161275188
			2.95427026277353	-1.38909396461537
			2.95427026277353	-1.39887631647886
			2.95427026277353	-1.40865866834235
			2.95427026277353	-1.41844102020584
			2.96405261463702	-1.42822337206932
			2.96405261463702	-1.43800572393281
			2.96405261463702	-1.4477880757963
			2.96405261463702	-1.45757042765979
			2.97383496650051	-1.46735277952328
			2.97383496650051	-1.47713513138677
			2.97383496650051	-1.48691748325026
			2.97383496650051	-1.49669983511374
			2.983617318364	-1.50648218697723
			2.983617318364	-1.51626453884072
			2.983617318364	-1.52604689070421
			2.983617318364	-1.5358292425677
			2.983617318364	-1.54561159443119
			2.99339967022749	-1.55539394629468
			2.99339967022749	-1.56517629815816
			2.99339967022749	-1.57495865002165
		</anterior>
		<posterior type=matrix rownames=FALSE colnames=FALSE nrow=189 ncol=2 as.numeric=TRUE >
			1.57495865002165	-1.57495865002165
			1.58474100188514	-1.58474100188514
			1.59452335374863	-1.58474100188514
			1.60430570561212	-1.59452335374863
			1.61408805747561	-1.59452335374863
			1.62387040933909	-1.59452335374863
			1.63365276120258	-1.60430570561212
			1.64343511306607	-1.60430570561212
			1.65321746492956	-1.60430570561212
			1.66299981679305	-1.60430570561212
			1.66299981679305	-1.61408805747561
			1.67278216865654	-1.61408805747561
			1.68256452052003	-1.61408805747561
			1.69234687238351	-1.61408805747561
			1.702129224247	-1.61408805747561
			1.71191157611049	-1.62387040933909
			1.72169392797398	-1.62387040933909
			1.73147627983747	-1.62387040933909
			1.74125863170096	-1.62387040933909
			1.75104098356445	-1.62387040933909
			1.76082333542793	-1.62387040933909
			1.77060568729142	-1.63365276120258
			1.78038803915491	-1.63365276120258
			1.7901703910184	-1.63365276120258
			1.79995274288189	-1.63365276120258
			1.80973509474538	-1.63365276120258
			1.81951744660887	-1.63365276120258
			1.82929979847235	-1.63365276120258
			1.83908215033584	-1.63365276120258
			1.83908215033584	-1.64343511306607
			1.84886450219933	-1.64343511306607
			1.85864685406282	-1.64343511306607
			1.86842920592631	-1.64343511306607
			1.8782115577898	-1.64343511306607
			1.88799390965328	-1.64343511306607
			1.89777626151677	-1.64343511306607
			1.90755861338026	-1.64343511306607
			1.91734096524375	-1.64343511306607
			1.92712331710724	-1.64343511306607
			1.93690566897073	-1.64343511306607
			1.94668802083422	-1.64343511306607
			1.9564703726977	-1.64343511306607
			1.96625272456119	-1.64343511306607
			1.97603507642468	-1.64343511306607
			1.98581742828817	-1.64343511306607
			1.99559978015166	-1.64343511306607
			2.00538213201515	-1.64343511306607
			2.01516448387864	-1.64343511306607
			2.02494683574212	-1.64343511306607
			2.03472918760561	-1.64343511306607
			2.0445115394691	-1.64343511306607
			2.05429389133259	-1.64343511306607
			2.06407624319608	-1.64343511306607
			2.07385859505957	-1.64343511306607
			2.08364094692306	-1.64343511306607
			2.09342329878654	-1.64343511306607
			2.10320565065003	-1.64343511306607
			2.11298800251352	-1.64343511306607
			2.12277035437701	-1.65321746492956
			2.1325527062405	-1.65321746492956
			2.14233505810399	-1.65321746492956
			2.15211740996748	-1.65321746492956
			2.16189976183096	-1.65321746492956
			2.17168211369445	-1.65321746492956
			2.18146446555794	-1.65321746492956
			2.19124681742143	-1.65321746492956
			2.20102916928492	-1.65321746492956
			2.21081152114841	-1.66299981679305
			2.22059387301189	-1.66299981679305
			2.23037622487538	-1.66299981679305
			2.24015857673887	-1.66299981679305
			2.24994092860236	-1.66299981679305
			2.25972328046585	-1.66299981679305
			2.26950563232934	-1.66299981679305
			2.27928798419283	-1.66299981679305
			2.28907033605631	-1.67278216865654
			2.2988526879198	-1.67278216865654
			2.30863503978329	-1.67278216865654
			2.31841739164678	-1.67278216865654
			2.32819974351027	-1.67278216865654
			2.33798209537376	-1.67278216865654
			2.34776444723725	-1.68256452052003
			2.35754679910073	-1.68256452052003
			2.36732915096422	-1.68256452052003
			2.37711150282771	-1.68256452052003
			2.3868938546912	-1.68256452052003
			2.39667620655469	-1.69234687238351
			2.40645855841818	-1.69234687238351
			2.41624091028167	-1.69234687238351
			2.42602326214515	-1.702129224247
			2.43580561400864	-1.702129224247
			2.44558796587213	-1.702129224247
			2.45537031773562	-1.702129224247
			2.45537031773562	-1.71191157611049
			2.46515266959911	-1.71191157611049
			2.4749350214626	-1.71191157611049
			2.48471737332608	-1.71191157611049
			2.49449972518957	-1.72169392797398
			2.50428207705306	-1.72169392797398
			2.51406442891655	-1.72169392797398
			2.52384678078004	-1.73147627983747
			2.53362913264353	-1.73147627983747
			2.54341148450702	-1.73147627983747
			2.5531938363705	-1.74125863170096
			2.56297618823399	-1.74125863170096
			2.57275854009748	-1.74125863170096
			2.58254089196097	-1.75104098356445
			2.59232324382446	-1.75104098356445
			2.60210559568795	-1.75104098356445
			2.61188794755144	-1.76082333542793
			2.62167029941492	-1.76082333542793
			2.63145265127841	-1.76082333542793
			2.6412350031419	-1.77060568729142
			2.65101735500539	-1.77060568729142
			2.66079970686888	-1.78038803915491
			2.67058205873237	-1.78038803915491
			2.68036441059586	-1.78038803915491
			2.69014676245934	-1.7901703910184
			2.69992911432283	-1.7901703910184
			2.70971146618632	-1.7901703910184
			2.71949381804981	-1.79995274288189
			2.7292761699133	-1.79995274288189
			2.73905852177679	-1.79995274288189
			2.74884087364028	-1.80973509474538
			2.75862322550376	-1.80973509474538
			2.76840557736725	-1.80973509474538
			2.77818792923074	-1.81951744660887
			2.78797028109423	-1.81951744660887
			2.79775263295772	-1.82929979847235
			2.80753498482121	-1.82929979847235
			2.81731733668469	-1.82929979847235
			2.82709968854818	-1.83908215033584
			2.83688204041167	-1.83908215033584
			2.84666439227516	-1.83908215033584
			2.84666439227516	-1.84886450219933
			2.85644674413865	-1.84886450219933
			2.86622909600214	-1.84886450219933
			2.86622909600214	-1.85864685406282
			2.87601144786563	-1.85864685406282
			2.87601144786563	-1.86842920592631
			2.88579379972911	-1.86842920592631
			2.8955761515926	-1.86842920592631
			2.8955761515926	-1.8782115577898
			2.90535850345609	-1.8782115577898
			2.91514085531958	-1.88799390965328
			2.92492320718307	-1.89777626151677
			2.93470555904656	-1.89777626151677
			2.94448791091005	-1.90755861338026
			2.95427026277353	-1.90755861338026
			2.96405261463702	-1.91734096524375
			2.97383496650051	-1.92712331710724
			2.983617318364	-1.93690566897073
			2.99339967022749	-1.92712331710724
			3.00318202209098	-1.91734096524375
			3.00318202209098	-1.90755861338026
			3.00318202209098	-1.89777626151677
			3.01296437395447	-1.88799390965328
			3.01296437395447	-1.8782115577898
			3.01296437395447	-1.86842920592631
			3.01296437395447	-1.85864685406282
			3.01296437395447	-1.84886450219933
			3.01296437395447	-1.83908215033584
			3.01296437395447	-1.82929979847235
			3.01296437395447	-1.81951744660887
			3.01296437395447	-1.80973509474538
			3.01296437395447	-1.79995274288189
			3.01296437395447	-1.7901703910184
			3.01296437395447	-1.78038803915491
			3.01296437395447	-1.77060568729142
			3.01296437395447	-1.76082333542793
			3.01296437395447	-1.75104098356445
			3.01296437395447	-1.74125863170096
			3.01296437395447	-1.73147627983747
			3.01296437395447	-1.72169392797398
			3.01296437395447	-1.71191157611049
			3.01296437395447	-1.702129224247
			3.01296437395447	-1.69234687238351
			3.01296437395447	-1.68256452052003
			3.01296437395447	-1.67278216865654
			3.01296437395447	-1.66299981679305
			3.00318202209098	-1.65321746492956
			3.00318202209098	-1.64343511306607
			3.00318202209098	-1.63365276120258
			3.00318202209098	-1.62387040933909
			3.00318202209098	-1.61408805747561
			2.99339967022749	-1.60430570561212
			2.99339967022749	-1.59452335374863
			2.99339967022749	-1.58474100188514
			2.99339967022749	-1.57495865002165
		</posterior>
	</curves.scaled>
	<ruler.points type=matrix rownames=TRUE colnames=FALSE nrow=2 ncol=2 as.numeric=TRUE >
		Ruler point 1	21	169
		Ruler point 2	297	171
	</ruler.points>
</shapes>

