<shapes type=list>
	<ruler.pixel type=vector names=FALSE length=1 as.numeric=TRUE >252.001984119173</ruler.pixel>
	<ruler.interval type=vector names=FALSE length=1 as.numeric=TRUE >9.1</ruler.interval>
	<scaling.units type=vector names=FALSE length=1 as.numeric=FALSE >mm</scaling.units>
	<scaling type=vector names=FALSE length=1 as.numeric=TRUE >0.0361108267929214</scaling>
	<landmarks.pixel type=matrix rownames=TRUE colnames=FALSE nrow=16 ncol=2 as.numeric=TRUE >
		LM1	244	34
		LM2	243	132
		LM3	245	265
		LM4	245	288
		LM5	291	250
		LM6	289	265
		LM7	286	282
		LM8	309	155
		LM9	315	185
		LM10	244	33
		LM11	NaN	NaN
		LM12	346	285
		LM13	244	34
		LM14	327	166
		LM15	427	288
		LM16	357	505
	</landmarks.pixel>
	<landmarks.scaled type=matrix rownames=TRUE colnames=FALSE nrow=16 ncol=2 as.numeric=TRUE >
		LM1	8.81104173747283	-1.22776811095933
		LM2	8.77493091067991	-4.76662913666563
		LM3	8.84715256426575	-9.56936910012418
		LM4	8.84715256426575	-10.3999181163614
		LM5	10.5082505967401	-9.02770669823036
		LM6	10.4360289431543	-9.56936910012418
		LM7	10.3276964627755	-10.1832531556038
		LM8	11.1582454790127	-5.59717815290282
		LM9	11.3749104397703	-6.68050295669047
		LM10	8.81104173747283	-1.19165728416641
		LM11	NaN	NaN
		LM12	12.4943460703508	-10.2915856359826
		LM13	8.81104173747283	-1.22776811095933
		LM14	11.8082403612853	-5.99439724762496
		LM15	15.4193230405775	-10.3999181163614
		LM16	12.891565165073	-18.2359675304253
	</landmarks.scaled>
	<curves.control type=list>
		<glabella type=matrix rownames=FALSE colnames=FALSE nrow=9 ncol=2 as.numeric=TRUE >
			243	132
			292	136
			280	233
			289	231
			291	247
			290	258
			289	265
			289	277
			286	282
		</glabella>
		<suture type=matrix rownames=FALSE colnames=FALSE nrow=11 ncol=2 as.numeric=TRUE >
			244	33
			437	46
			426	271
			433	395
			374	495
			347	515
			357	495
			367	474
			372	428
			383	340
			346	285
		</suture>
		<anterior type=matrix rownames=FALSE colnames=FALSE nrow=3 ncol=2 as.numeric=TRUE >
			244	34
			437	46
			427	288
		</anterior>
		<posterior type=matrix rownames=FALSE colnames=FALSE nrow=15 ncol=2 as.numeric=TRUE >
			245	288
			262	291
			286	283
			319	289
			346	284
			370	327
			373	362
			376	407
			372	428
			367	474
			357	495
			347	515
			374	495
			433	395
			427	288
		</posterior>
	</curves.control>
	<curves.pixel type=list>
		<glabella type=matrix rownames=FALSE colnames=FALSE nrow=174 ncol=2 as.numeric=TRUE >
			243	132
			244	132
			245	132
			246	132
			247	132
			247	133
			248	133
			249	133
			250	133
			251	133
			252	134
			253	134
			254	134
			255	135
			256	135
			257	135
			257	136
			258	136
			259	137
			260	137
			261	138
			262	139
			263	139
			264	140
			265	141
			266	141
			266	142
			267	143
			268	144
			269	145
			270	146
			271	147
			271	148
			272	149
			273	150
			273	151
			273	152
			274	152
			274	153
			274	154
			275	155
			276	156
			276	157
			276	158
			277	159
			277	160
			277	161
			278	162
			278	163
			278	164
			279	165
			279	166
			279	167
			279	168
			279	169
			280	170
			280	171
			280	172
			280	173
			281	174
			281	175
			281	176
			281	177
			281	178
			281	179
			281	180
			281	181
			282	182
			282	183
			282	184
			282	185
			282	186
			282	187
			282	188
			282	189
			282	190
			282	191
			282	192
			282	193
			282	194
			282	195
			282	196
			282	197
			282	198
			282	199
			282	200
			282	201
			282	202
			282	203
			282	204
			282	205
			282	206
			282	207
			282	208
			282	209
			282	210
			282	211
			282	212
			282	213
			282	214
			282	215
			282	216
			282	217
			282	218
			281	219
			281	220
			281	221
			281	222
			281	223
			281	224
			281	225
			281	226
			281	227
			281	228
			280	229
			280	230
			280	231
			280	232
			280	233
			281	233
			282	233
			283	233
			284	233
			285	233
			286	234
			286	235
			287	235
			288	236
			288	237
			289	238
			289	239
			289	240
			290	241
			290	242
			290	243
			290	244
			291	245
			291	246
			291	247
			291	248
			291	249
			291	250
			291	251
			291	252
			290	253
			290	254
			290	255
			290	256
			290	257
			290	258
			290	259
			290	260
			290	261
			289	262
			289	263
			289	264
			289	265
			289	266
			289	267
			289	268
			289	269
			289	270
			289	271
			289	272
			289	273
			288	274
			288	275
			288	276
			288	277
			288	278
			287	279
			287	280
			286	281
			286	282
		</glabella>
		<suture type=matrix rownames=FALSE colnames=FALSE nrow=799 ncol=2 as.numeric=TRUE >
			244	33
			245	33
			246	33
			247	33
			248	33
			249	33
			250	33
			251	34
			252	34
			253	34
			254	34
			255	34
			256	34
			257	34
			258	34
			259	34
			260	34
			261	35
			262	35
			263	35
			264	35
			265	35
			266	35
			267	35
			268	36
			269	36
			270	36
			271	36
			272	36
			273	36
			274	37
			275	37
			276	37
			277	37
			278	37
			279	37
			280	38
			281	38
			282	38
			283	38
			284	38
			285	39
			286	39
			287	39
			288	39
			289	40
			290	40
			291	40
			292	40
			293	41
			294	41
			295	41
			296	41
			297	41
			297	42
			298	42
			299	42
			300	42
			300	43
			301	43
			302	43
			303	43
			304	44
			305	44
			306	44
			307	45
			308	45
			309	45
			310	46
			311	46
			312	46
			313	47
			314	47
			315	48
			316	48
			317	48
			318	49
			319	49
			320	49
			321	50
			322	50
			323	51
			324	51
			325	51
			326	52
			327	52
			328	53
			329	53
			330	54
			331	54
			332	55
			333	55
			334	56
			335	56
			336	57
			337	57
			338	58
			339	58
			340	59
			341	60
			342	60
			343	61
			344	61
			344	62
			345	62
			346	63
			347	63
			348	64
			349	65
			350	65
			351	66
			352	66
			352	67
			353	67
			354	68
			355	69
			356	69
			357	70
			358	71
			359	72
			360	73
			361	73
			362	74
			363	75
			364	76
			365	77
			366	77
			367	78
			368	79
			369	80
			370	81
			370	82
			371	83
			372	83
			373	84
			374	85
			375	86
			376	87
			377	88
			377	89
			378	90
			379	91
			380	92
			381	93
			382	93
			382	94
			383	95
			384	96
			385	97
			385	98
			386	99
			387	100
			388	101
			389	102
			389	103
			390	104
			391	105
			391	106
			392	107
			392	108
			393	109
			394	110
			394	111
			395	112
			396	113
			396	114
			397	115
			397	116
			398	117
			399	118
			399	119
			400	120
			400	121
			401	122
			401	123
			402	124
			402	125
			403	126
			403	127
			404	128
			404	129
			405	130
			405	131
			406	132
			406	133
			407	134
			407	135
			407	136
			408	137
			408	138
			409	139
			409	140
			409	141
			410	142
			410	143
			410	144
			411	145
			411	146
			412	147
			412	148
			412	149
			413	150
			413	151
			413	152
			414	153
			414	154
			414	155
			415	156
			415	157
			415	158
			415	159
			416	160
			416	161
			416	162
			417	163
			417	164
			417	165
			417	166
			418	167
			418	168
			418	169
			418	170
			419	171
			419	172
			419	173
			419	174
			419	175
			420	175
			420	176
			420	177
			420	178
			420	179
			421	180
			421	181
			421	182
			421	183
			421	184
			421	185
			422	186
			422	187
			422	188
			422	189
			422	190
			422	191
			423	192
			423	193
			423	194
			423	195
			423	196
			423	197
			424	198
			424	199
			424	200
			424	201
			424	202
			424	203
			424	204
			424	205
			424	206
			425	207
			425	208
			425	209
			425	210
			425	211
			425	212
			425	213
			425	214
			425	215
			425	216
			425	217
			426	218
			426	219
			426	220
			426	221
			426	222
			426	223
			426	224
			426	225
			426	226
			426	227
			426	228
			426	229
			426	230
			426	231
			426	232
			426	233
			426	234
			426	235
			426	236
			426	237
			427	238
			427	239
			427	240
			427	241
			427	242
			427	243
			427	244
			427	245
			427	246
			427	247
			427	248
			427	249
			427	250
			427	251
			427	252
			427	253
			427	254
			427	255
			427	256
			426	257
			426	258
			426	259
			426	260
			426	261
			426	262
			426	263
			426	264
			426	265
			426	266
			426	267
			426	268
			426	269
			426	270
			426	271
			426	272
			426	273
			426	274
			426	275
			426	276
			426	277
			426	278
			426	279
			426	280
			426	281
			426	282
			427	283
			427	284
			427	285
			427	286
			427	287
			427	288
			427	289
			427	290
			427	291
			427	292
			427	293
			427	294
			427	295
			427	296
			427	297
			427	298
			427	299
			427	300
			427	301
			427	302
			427	303
			427	304
			427	305
			427	306
			427	307
			427	308
			427	309
			427	310
			427	311
			426	312
			426	313
			426	314
			426	315
			426	316
			426	317
			426	318
			426	319
			426	320
			426	321
			426	322
			426	323
			426	324
			426	325
			426	326
			426	327
			426	328
			426	329
			425	330
			425	331
			425	332
			425	333
			425	334
			425	335
			425	336
			425	337
			425	338
			425	339
			425	340
			424	341
			424	342
			424	343
			424	344
			424	345
			424	346
			424	347
			424	348
			424	349
			423	350
			423	351
			423	352
			423	353
			423	354
			423	355
			423	356
			423	357
			422	358
			422	359
			422	360
			422	361
			422	362
			422	363
			421	364
			421	365
			421	366
			421	367
			421	368
			421	369
			420	370
			420	371
			420	372
			420	373
			420	374
			419	375
			419	376
			419	377
			419	378
			419	379
			418	380
			418	381
			418	382
			418	383
			418	384
			417	385
			417	386
			417	387
			417	388
			417	389
			416	390
			416	391
			416	392
			416	393
			415	394
			415	395
			415	396
			415	397
			414	398
			414	399
			414	400
			414	401
			413	402
			413	403
			413	404
			412	405
			412	406
			412	407
			411	408
			411	409
			411	410
			411	411
			411	412
			410	412
			410	413
			410	414
			410	415
			409	416
			409	417
			408	418
			408	419
			408	420
			407	421
			407	422
			407	423
			407	424
			406	425
			406	426
			406	427
			405	428
			405	429
			404	430
			404	431
			404	432
			403	433
			403	434
			403	435
			402	436
			402	437
			402	438
			401	439
			401	440
			401	441
			400	442
			399	443
			399	444
			399	445
			398	446
			398	447
			398	448
			397	449
			397	450
			396	451
			396	452
			395	453
			395	454
			394	455
			394	456
			394	457
			393	458
			393	459
			392	460
			392	461
			391	462
			391	463
			390	464
			390	465
			390	466
			389	467
			389	468
			388	469
			388	470
			387	471
			387	472
			386	473
			386	474
			385	475
			384	476
			384	477
			384	478
			383	478
			383	479
			382	480
			382	481
			381	482
			381	483
			380	484
			380	485
			379	486
			379	487
			378	487
			378	488
			377	489
			377	490
			377	491
			376	491
			376	492
			375	493
			375	494
			374	495
			373	496
			372	496
			372	497
			371	497
			370	498
			369	498
			368	499
			367	500
			366	501
			365	501
			364	502
			363	502
			363	503
			362	503
			361	503
			361	504
			360	504
			359	504
			358	505
			357	505
			356	505
			355	505
			354	504
			354	503
			354	502
			355	501
			355	500
			355	499
			356	498
			356	497
			357	496
			357	495
			358	494
			358	493
			358	492
			359	491
			359	490
			360	489
			360	488
			360	487
			361	486
			361	485
			361	484
			362	483
			362	482
			362	481
			363	480
			363	479
			363	478
			363	477
			364	476
			364	475
			364	474
			365	473
			365	472
			365	471
			365	470
			366	469
			366	468
			366	467
			366	466
			366	465
			367	464
			367	463
			367	462
			367	461
			367	460
			367	459
			368	459
			368	458
			368	457
			368	456
			368	455
			368	454
			369	453
			369	452
			369	451
			369	450
			369	449
			369	448
			370	447
			370	446
			370	445
			370	444
			370	443
			370	442
			370	441
			371	440
			371	439
			371	438
			371	437
			371	436
			371	435
			371	434
			371	433
			372	432
			372	431
			372	430
			372	429
			372	428
			372	427
			372	426
			372	425
			372	424
			373	423
			373	422
			373	421
			373	420
			373	419
			373	418
			373	417
			373	416
			373	415
			373	414
			374	413
			374	412
			374	411
			374	410
			374	409
			374	408
			374	407
			374	406
			374	405
			374	404
			374	403
			374	402
			374	401
			374	400
			374	399
			374	398
			374	397
			374	396
			374	395
			374	394
			374	393
			375	393
			375	392
			375	391
			375	390
			375	389
			375	388
			375	387
			374	386
			374	385
			374	384
			374	383
			374	382
			374	381
			374	380
			374	379
			374	378
			374	377
			374	376
			374	375
			374	374
			374	373
			374	372
			374	371
			374	370
			374	369
			374	368
			374	367
			373	366
			373	365
			373	364
			373	363
			373	362
			373	361
			373	360
			373	359
			373	358
			372	358
			372	357
			372	356
			372	355
			372	354
			372	353
			372	352
			371	351
			371	350
			371	349
			371	348
			371	347
			371	346
			370	345
			370	344
			370	343
			370	342
			369	341
			369	340
			369	339
			369	338
			369	337
			368	336
			368	335
			368	334
			368	333
			367	333
			367	332
			367	331
			367	330
			366	329
			366	328
			366	327
			365	326
			365	325
			365	324
			365	323
			364	322
			364	321
			363	320
			363	319
			363	318
			362	317
			362	316
			362	315
			361	314
			361	313
			360	312
			360	311
			360	310
			359	309
			359	308
			358	307
			358	306
			357	305
			357	304
			357	303
			356	302
			356	301
			355	301
			355	300
			354	299
			354	298
			353	297
			353	296
			352	295
			352	294
			351	293
			351	292
			350	291
			349	290
			348	289
			348	288
			347	287
			346	286
			346	285
		</suture>
		<anterior type=matrix rownames=FALSE colnames=FALSE nrow=346 ncol=2 as.numeric=TRUE >
			244	34
			245	34
			246	34
			247	34
			248	34
			249	34
			250	34
			251	35
			252	35
			253	35
			254	35
			255	35
			256	35
			257	35
			258	35
			259	35
			260	35
			261	36
			262	36
			263	36
			264	36
			265	36
			266	36
			267	36
			268	37
			269	37
			270	37
			271	37
			272	37
			273	37
			274	37
			275	38
			276	38
			277	38
			278	38
			279	38
			280	39
			281	39
			282	39
			283	39
			284	40
			285	40
			286	40
			287	40
			288	40
			289	41
			290	41
			291	41
			292	41
			293	42
			294	42
			295	42
			296	42
			297	43
			298	43
			299	43
			300	43
			300	44
			301	44
			302	44
			303	44
			304	45
			305	45
			306	46
			307	46
			308	46
			309	47
			310	47
			311	47
			312	48
			313	48
			314	48
			315	49
			316	49
			317	49
			318	50
			319	50
			320	51
			321	51
			322	52
			323	52
			324	52
			324	53
			325	53
			326	53
			326	54
			327	54
			328	54
			328	55
			329	55
			330	55
			330	56
			331	56
			332	56
			332	57
			333	57
			334	58
			335	58
			336	59
			337	59
			338	60
			339	60
			339	61
			340	61
			341	61
			342	62
			343	63
			344	64
			345	64
			346	65
			347	65
			348	66
			349	66
			349	67
			350	68
			351	68
			352	69
			353	69
			353	70
			354	71
			355	71
			356	72
			357	72
			357	73
			358	74
			359	74
			360	75
			361	76
			362	77
			363	78
			364	78
			365	79
			366	80
			366	81
			367	82
			368	83
			369	83
			370	84
			371	85
			372	86
			372	87
			373	88
			374	88
			375	89
			376	90
			376	91
			377	92
			378	93
			379	94
			380	95
			380	96
			381	97
			382	98
			383	99
			383	100
			384	100
			385	101
			385	102
			386	103
			387	104
			388	105
			388	106
			389	107
			390	108
			390	109
			391	110
			391	111
			392	111
			392	112
			392	113
			393	113
			393	114
			394	115
			394	116
			395	117
			396	118
			396	119
			397	120
			397	121
			398	122
			398	123
			399	124
			399	125
			400	126
			400	127
			401	128
			401	129
			402	130
			402	131
			403	132
			403	133
			404	134
			404	135
			405	136
			405	137
			406	138
			406	139
			407	140
			407	141
			407	142
			408	143
			408	144
			408	145
			409	146
			409	147
			410	148
			410	149
			410	150
			411	151
			411	152
			411	153
			412	154
			412	155
			412	156
			413	157
			413	158
			413	159
			414	160
			414	161
			414	162
			415	163
			415	164
			415	165
			415	166
			416	167
			416	168
			416	169
			417	170
			417	171
			417	172
			417	173
			418	174
			418	175
			418	176
			418	177
			419	178
			419	179
			419	180
			419	181
			420	182
			420	183
			420	184
			420	185
			420	186
			421	187
			421	188
			421	189
			421	190
			421	191
			421	192
			422	193
			422	194
			422	195
			422	196
			422	197
			422	198
			423	199
			423	200
			423	201
			423	202
			423	203
			423	204
			424	205
			424	206
			424	207
			424	208
			424	209
			424	210
			424	211
			424	212
			425	213
			425	214
			425	215
			425	216
			425	217
			425	218
			425	219
			425	220
			425	221
			426	222
			426	223
			426	224
			426	225
			426	226
			426	227
			426	228
			426	229
			426	230
			426	231
			426	232
			426	233
			427	234
			427	235
			427	236
			427	237
			427	238
			427	239
			427	240
			427	241
			427	242
			427	243
			427	244
			427	245
			427	246
			427	247
			427	248
			427	249
			427	250
			427	251
			427	252
			427	253
			427	254
			427	255
			427	256
			427	257
			427	258
			427	259
			427	260
			427	261
			427	262
			427	263
			427	264
			427	265
			427	266
			427	267
			427	268
			427	269
			427	270
			427	271
			427	272
			427	273
			427	274
			427	275
			427	276
			427	277
			427	278
			427	279
			427	280
			427	281
			427	282
			427	283
			427	284
			427	285
			427	286
			427	287
			427	288
		</anterior>
		<posterior type=matrix rownames=FALSE colnames=FALSE nrow=558 ncol=2 as.numeric=TRUE >
			245	288
			246	288
			247	288
			248	288
			249	289
			250	289
			251	289
			252	289
			253	289
			254	289
			255	289
			256	289
			257	289
			258	289
			259	289
			260	289
			261	289
			262	288
			263	288
			264	288
			265	288
			266	288
			267	288
			268	288
			269	287
			270	287
			271	287
			272	287
			273	287
			274	286
			275	286
			276	286
			277	286
			278	285
			279	285
			280	285
			281	284
			282	284
			283	284
			284	284
			285	283
			286	283
			287	283
			288	283
			289	283
			290	284
			291	284
			292	284
			293	284
			294	284
			295	284
			296	285
			297	285
			298	285
			299	285
			300	285
			301	285
			302	285
			303	285
			304	286
			305	286
			306	286
			307	286
			308	286
			309	286
			310	286
			311	286
			312	286
			313	286
			314	286
			315	286
			316	286
			317	286
			318	286
			319	286
			320	286
			321	286
			322	286
			323	286
			324	286
			325	286
			326	286
			327	286
			328	286
			329	286
			330	286
			331	286
			332	286
			333	286
			334	286
			335	286
			336	285
			337	285
			338	285
			339	285
			340	285
			341	285
			342	285
			343	284
			344	284
			345	284
			346	284
			347	285
			347	286
			348	287
			348	288
			349	289
			349	290
			350	291
			350	292
			351	293
			351	294
			352	294
			352	295
			352	296
			353	297
			353	298
			354	299
			354	300
			355	300
			355	301
			355	302
			356	303
			356	304
			357	305
			357	306
			358	307
			358	308
			359	309
			359	310
			359	311
			360	312
			360	313
			361	314
			361	315
			361	316
			362	317
			362	318
			363	319
			363	320
			363	321
			364	322
			364	323
			364	324
			365	325
			365	326
			365	327
			366	328
			366	329
			366	330
			367	331
			367	332
			367	333
			368	334
			368	335
			368	336
			369	337
			369	338
			369	339
			369	340
			369	341
			370	341
			370	342
			370	343
			370	344
			370	345
			371	346
			371	347
			371	348
			371	349
			371	350
			372	351
			372	352
			372	353
			372	354
			372	355
			372	356
			372	357
			373	358
			373	359
			373	360
			373	361
			373	362
			373	363
			373	364
			373	365
			373	366
			373	367
			373	368
			373	369
			373	370
			374	371
			374	372
			374	373
			374	374
			374	375
			374	376
			374	377
			374	378
			374	379
			374	380
			374	381
			374	382
			374	383
			374	384
			374	385
			374	386
			374	387
			374	388
			374	389
			374	390
			374	391
			374	392
			374	393
			374	394
			374	395
			374	396
			374	397
			374	398
			374	399
			374	400
			374	401
			374	402
			374	403
			374	404
			374	405
			374	406
			374	407
			374	408
			374	409
			374	410
			374	411
			374	412
			374	413
			374	414
			374	415
			374	416
			373	417
			373	418
			373	419
			373	420
			373	421
			373	422
			373	423
			373	424
			373	425
			372	426
			372	427
			372	428
			372	429
			372	430
			372	431
			372	432
			371	433
			371	434
			371	435
			371	436
			371	437
			371	438
			371	439
			371	440
			370	441
			370	442
			370	443
			370	444
			370	445
			370	446
			370	447
			369	448
			369	449
			369	450
			369	451
			369	452
			369	453
			369	454
			368	455
			368	456
			368	457
			368	458
			367	459
			367	460
			367	461
			367	462
			367	463
			367	464
			366	465
			366	466
			366	467
			366	468
			366	469
			365	469
			365	470
			365	471
			365	472
			364	473
			364	474
			364	475
			364	476
			364	477
			363	477
			363	478
			363	479
			363	480
			362	481
			362	482
			362	483
			361	484
			361	485
			361	486
			360	487
			360	488
			360	489
			359	490
			359	491
			358	492
			358	493
			357	494
			357	495
			357	496
			356	497
			356	498
			355	499
			355	500
			355	501
			354	501
			354	502
			354	503
			355	504
			356	505
			357	505
			358	505
			359	504
			360	504
			361	503
			362	503
			363	502
			364	502
			365	501
			366	501
			367	500
			368	499
			369	499
			370	498
			371	497
			372	497
			373	496
			374	495
			374	494
			375	493
			376	492
			376	491
			377	490
			378	489
			378	488
			379	487
			379	486
			380	485
			380	484
			381	483
			381	482
			382	481
			382	480
			383	479
			383	478
			384	478
			384	477
			385	476
			385	475
			386	474
			386	473
			387	472
			387	471
			388	470
			388	469
			389	468
			389	467
			390	466
			390	465
			391	464
			391	463
			392	462
			392	461
			392	460
			393	459
			393	458
			394	457
			394	456
			395	455
			396	454
			396	453
			396	452
			396	451
			397	451
			397	450
			397	449
			398	449
			398	448
			398	447
			399	447
			399	446
			399	445
			400	444
			400	443
			400	442
			401	441
			401	440
			402	439
			402	438
			403	437
			403	436
			403	435
			404	434
			404	433
			405	432
			405	431
			405	430
			406	429
			406	428
			406	427
			407	426
			407	425
			408	424
			408	423
			408	422
			409	421
			409	420
			409	419
			410	418
			410	417
			410	416
			411	415
			411	414
			411	413
			411	412
			412	411
			412	410
			412	409
			413	408
			413	407
			413	406
			414	405
			414	404
			414	403
			414	402
			415	401
			415	400
			415	399
			415	398
			416	397
			416	396
			416	395
			417	394
			417	393
			417	392
			417	391
			418	390
			418	389
			418	388
			418	387
			419	386
			419	385
			419	384
			419	383
			419	382
			420	381
			420	380
			420	379
			420	378
			421	377
			421	376
			421	375
			421	374
			421	373
			421	372
			422	371
			422	370
			422	369
			422	368
			422	367
			423	366
			423	365
			423	364
			423	363
			423	362
			423	361
			424	360
			424	359
			424	358
			424	357
			424	356
			424	355
			424	354
			425	353
			425	352
			425	351
			425	350
			425	349
			425	348
			425	347
			425	346
			426	345
			426	344
			426	343
			426	342
			426	341
			426	340
			426	339
			426	338
			426	337
			426	336
			426	335
			427	334
			427	333
			427	332
			427	331
			427	330
			427	329
			427	328
			427	327
			427	326
			427	325
			427	324
			427	323
			427	322
			427	321
			427	320
			427	319
			427	318
			427	317
			427	316
			427	315
			428	314
			428	313
			428	312
			428	311
			428	310
			428	309
			428	308
			428	307
			428	306
			428	305
			428	304
			428	303
			428	302
			427	301
			427	300
			427	299
			427	298
			427	297
			427	296
			427	295
			427	294
			427	293
			427	292
			427	291
			427	290
			427	289
			427	288
		</posterior>
	</curves.pixel>
	<curves.scaled type=list>
		<glabella type=matrix rownames=FALSE colnames=FALSE nrow=174 ncol=2 as.numeric=TRUE >
			8.77493091067991	-4.76662913666563
			8.81104173747283	-4.76662913666563
			8.84715256426575	-4.76662913666563
			8.88326339105867	-4.76662913666563
			8.91937421785159	-4.76662913666563
			8.91937421785159	-4.80273996345855
			8.95548504464452	-4.80273996345855
			8.99159587143744	-4.80273996345855
			9.02770669823036	-4.80273996345855
			9.06381752502328	-4.80273996345855
			9.0999283518162	-4.83885079025147
			9.13603917860912	-4.83885079025147
			9.17215000540205	-4.83885079025147
			9.20826083219497	-4.87496161704439
			9.24437165898789	-4.87496161704439
			9.28048248578081	-4.87496161704439
			9.28048248578081	-4.91107244383732
			9.31659331257373	-4.91107244383732
			9.35270413936665	-4.94718327063024
			9.38881496615957	-4.94718327063024
			9.42492579295249	-4.98329409742316
			9.46103661974542	-5.01940492421608
			9.49714744653834	-5.01940492421608
			9.53325827333126	-5.055515751009
			9.56936910012418	-5.09162657780192
			9.6054799269171	-5.09162657780192
			9.6054799269171	-5.12773740459484
			9.64159075371002	-5.16384823138777
			9.67770158050294	-5.19995905818069
			9.71381240729587	-5.23606988497361
			9.74992323408879	-5.27218071176653
			9.78603406088171	-5.30829153855945
			9.78603406088171	-5.34440236535237
			9.82214488767463	-5.38051319214529
			9.85825571446755	-5.41662401893822
			9.85825571446755	-5.45273484573114
			9.85825571446755	-5.48884567252406
			9.89436654126047	-5.48884567252406
			9.89436654126047	-5.52495649931698
			9.89436654126047	-5.5610673261099
			9.9304773680534	-5.59717815290282
			9.96658819484632	-5.63328897969574
			9.96658819484632	-5.66939980648867
			9.96658819484632	-5.70551063328159
			10.0026990216392	-5.74162146007451
			10.0026990216392	-5.77773228686743
			10.0026990216392	-5.81384311366035
			10.0388098484322	-5.84995394045327
			10.0388098484322	-5.88606476724619
			10.0388098484322	-5.92217559403912
			10.0749206752251	-5.95828642083204
			10.0749206752251	-5.99439724762496
			10.0749206752251	-6.03050807441788
			10.0749206752251	-6.0666189012108
			10.0749206752251	-6.10272972800372
			10.111031502018	-6.13884055479664
			10.111031502018	-6.17495138158957
			10.111031502018	-6.21106220838249
			10.111031502018	-6.24717303517541
			10.1471423288109	-6.28328386196833
			10.1471423288109	-6.31939468876125
			10.1471423288109	-6.35550551555417
			10.1471423288109	-6.39161634234709
			10.1471423288109	-6.42772716914002
			10.1471423288109	-6.46383799593294
			10.1471423288109	-6.49994882272586
			10.1471423288109	-6.53605964951878
			10.1832531556038	-6.5721704763117
			10.1832531556038	-6.60828130310462
			10.1832531556038	-6.64439212989754
			10.1832531556038	-6.68050295669047
			10.1832531556038	-6.71661378348339
			10.1832531556038	-6.75272461027631
			10.1832531556038	-6.78883543706923
			10.1832531556038	-6.82494626386215
			10.1832531556038	-6.86105709065507
			10.1832531556038	-6.89716791744799
			10.1832531556038	-6.93327874424092
			10.1832531556038	-6.96938957103384
			10.1832531556038	-7.00550039782676
			10.1832531556038	-7.04161122461968
			10.1832531556038	-7.0777220514126
			10.1832531556038	-7.11383287820552
			10.1832531556038	-7.14994370499844
			10.1832531556038	-7.18605453179137
			10.1832531556038	-7.22216535858429
			10.1832531556038	-7.25827618537721
			10.1832531556038	-7.29438701217013
			10.1832531556038	-7.33049783896305
			10.1832531556038	-7.36660866575597
			10.1832531556038	-7.40271949254889
			10.1832531556038	-7.43883031934182
			10.1832531556038	-7.47494114613474
			10.1832531556038	-7.51105197292766
			10.1832531556038	-7.54716279972058
			10.1832531556038	-7.5832736265135
			10.1832531556038	-7.61938445330642
			10.1832531556038	-7.65549528009934
			10.1832531556038	-7.69160610689227
			10.1832531556038	-7.72771693368519
			10.1832531556038	-7.76382776047811
			10.1832531556038	-7.79993858727103
			10.1832531556038	-7.83604941406395
			10.1832531556038	-7.87216024085687
			10.1471423288109	-7.90827106764979
			10.1471423288109	-7.94438189444272
			10.1471423288109	-7.98049272123564
			10.1471423288109	-8.01660354802856
			10.1471423288109	-8.05271437482148
			10.1471423288109	-8.0888252016144
			10.1471423288109	-8.12493602840732
			10.1471423288109	-8.16104685520024
			10.1471423288109	-8.19715768199317
			10.1471423288109	-8.23326850878609
			10.111031502018	-8.26937933557901
			10.111031502018	-8.30549016237193
			10.111031502018	-8.34160098916485
			10.111031502018	-8.37771181595777
			10.111031502018	-8.4138226427507
			10.1471423288109	-8.4138226427507
			10.1832531556038	-8.4138226427507
			10.2193639823968	-8.4138226427507
			10.2554748091897	-8.4138226427507
			10.2915856359826	-8.4138226427507
			10.3276964627755	-8.44993346954362
			10.3276964627755	-8.48604429633654
			10.3638072895685	-8.48604429633654
			10.3999181163614	-8.52215512312946
			10.3999181163614	-8.55826594992238
			10.4360289431543	-8.5943767767153
			10.4360289431543	-8.63048760350822
			10.4360289431543	-8.66659843030114
			10.4721397699472	-8.70270925709407
			10.4721397699472	-8.73882008388699
			10.4721397699472	-8.77493091067991
			10.4721397699472	-8.81104173747283
			10.5082505967401	-8.84715256426575
			10.5082505967401	-8.88326339105867
			10.5082505967401	-8.91937421785159
			10.5082505967401	-8.95548504464452
			10.5082505967401	-8.99159587143744
			10.5082505967401	-9.02770669823036
			10.5082505967401	-9.06381752502328
			10.5082505967401	-9.0999283518162
			10.4721397699472	-9.13603917860912
			10.4721397699472	-9.17215000540205
			10.4721397699472	-9.20826083219497
			10.4721397699472	-9.24437165898789
			10.4721397699472	-9.28048248578081
			10.4721397699472	-9.31659331257373
			10.4721397699472	-9.35270413936665
			10.4721397699472	-9.38881496615957
			10.4721397699472	-9.42492579295249
			10.4360289431543	-9.46103661974542
			10.4360289431543	-9.49714744653834
			10.4360289431543	-9.53325827333126
			10.4360289431543	-9.56936910012418
			10.4360289431543	-9.6054799269171
			10.4360289431543	-9.64159075371002
			10.4360289431543	-9.67770158050294
			10.4360289431543	-9.71381240729587
			10.4360289431543	-9.74992323408879
			10.4360289431543	-9.78603406088171
			10.4360289431543	-9.82214488767463
			10.4360289431543	-9.85825571446755
			10.3999181163614	-9.89436654126047
			10.3999181163614	-9.9304773680534
			10.3999181163614	-9.96658819484632
			10.3999181163614	-10.0026990216392
			10.3999181163614	-10.0388098484322
			10.3638072895685	-10.0749206752251
			10.3638072895685	-10.111031502018
			10.3276964627755	-10.1471423288109
			10.3276964627755	-10.1832531556038
		</glabella>
		<suture type=matrix rownames=FALSE colnames=FALSE nrow=799 ncol=2 as.numeric=TRUE >
			8.81104173747283	-1.19165728416641
			8.84715256426575	-1.19165728416641
			8.88326339105867	-1.19165728416641
			8.91937421785159	-1.19165728416641
			8.95548504464452	-1.19165728416641
			8.99159587143744	-1.19165728416641
			9.02770669823036	-1.19165728416641
			9.06381752502328	-1.22776811095933
			9.0999283518162	-1.22776811095933
			9.13603917860912	-1.22776811095933
			9.17215000540205	-1.22776811095933
			9.20826083219497	-1.22776811095933
			9.24437165898789	-1.22776811095933
			9.28048248578081	-1.22776811095933
			9.31659331257373	-1.22776811095933
			9.35270413936665	-1.22776811095933
			9.38881496615957	-1.22776811095933
			9.42492579295249	-1.26387893775225
			9.46103661974542	-1.26387893775225
			9.49714744653834	-1.26387893775225
			9.53325827333126	-1.26387893775225
			9.56936910012418	-1.26387893775225
			9.6054799269171	-1.26387893775225
			9.64159075371002	-1.26387893775225
			9.67770158050294	-1.29998976454517
			9.71381240729587	-1.29998976454517
			9.74992323408879	-1.29998976454517
			9.78603406088171	-1.29998976454517
			9.82214488767463	-1.29998976454517
			9.85825571446755	-1.29998976454517
			9.89436654126047	-1.33610059133809
			9.9304773680534	-1.33610059133809
			9.96658819484632	-1.33610059133809
			10.0026990216392	-1.33610059133809
			10.0388098484322	-1.33610059133809
			10.0749206752251	-1.33610059133809
			10.111031502018	-1.37221141813101
			10.1471423288109	-1.37221141813101
			10.1832531556038	-1.37221141813101
			10.2193639823968	-1.37221141813101
			10.2554748091897	-1.37221141813101
			10.2915856359826	-1.40832224492394
			10.3276964627755	-1.40832224492394
			10.3638072895685	-1.40832224492394
			10.3999181163614	-1.40832224492394
			10.4360289431543	-1.44443307171686
			10.4721397699472	-1.44443307171686
			10.5082505967401	-1.44443307171686
			10.5443614235331	-1.44443307171686
			10.580472250326	-1.48054389850978
			10.6165830771189	-1.48054389850978
			10.6526939039118	-1.48054389850978
			10.6888047307047	-1.48054389850978
			10.7249155574977	-1.48054389850978
			10.7249155574977	-1.5166547253027
			10.7610263842906	-1.5166547253027
			10.7971372110835	-1.5166547253027
			10.8332480378764	-1.5166547253027
			10.8332480378764	-1.55276555209562
			10.8693588646694	-1.55276555209562
			10.9054696914623	-1.55276555209562
			10.9415805182552	-1.55276555209562
			10.9776913450481	-1.58887637888854
			11.013802171841	-1.58887637888854
			11.049912998634	-1.58887637888854
			11.0860238254269	-1.62498720568146
			11.1221346522198	-1.62498720568146
			11.1582454790127	-1.62498720568146
			11.1943563058056	-1.66109803247439
			11.2304671325986	-1.66109803247439
			11.2665779593915	-1.66109803247439
			11.3026887861844	-1.69720885926731
			11.3387996129773	-1.69720885926731
			11.3749104397703	-1.73331968606023
			11.4110212665632	-1.73331968606023
			11.4471320933561	-1.73331968606023
			11.483242920149	-1.76943051285315
			11.5193537469419	-1.76943051285315
			11.5554645737349	-1.76943051285315
			11.5915754005278	-1.80554133964607
			11.6276862273207	-1.80554133964607
			11.6637970541136	-1.84165216643899
			11.6999078809065	-1.84165216643899
			11.7360187076995	-1.84165216643899
			11.7721295344924	-1.87776299323191
			11.8082403612853	-1.87776299323191
			11.8443511880782	-1.91387382002484
			11.8804620148712	-1.91387382002484
			11.9165728416641	-1.94998464681776
			11.952683668457	-1.94998464681776
			11.9887944952499	-1.98609547361068
			12.0249053220428	-1.98609547361068
			12.0610161488358	-2.0222063004036
			12.0971269756287	-2.0222063004036
			12.1332378024216	-2.05831712719652
			12.1693486292145	-2.05831712719652
			12.2054594560074	-2.09442795398944
			12.2415702828004	-2.09442795398944
			12.2776811095933	-2.13053878078236
			12.3137919363862	-2.16664960757529
			12.3499027631791	-2.16664960757529
			12.3860135899721	-2.20276043436821
			12.422124416765	-2.20276043436821
			12.422124416765	-2.23887126116113
			12.4582352435579	-2.23887126116113
			12.4943460703508	-2.27498208795405
			12.5304568971437	-2.27498208795405
			12.5665677239367	-2.31109291474697
			12.6026785507296	-2.34720374153989
			12.6387893775225	-2.34720374153989
			12.6749002043154	-2.38331456833281
			12.7110110311083	-2.38331456833281
			12.7110110311083	-2.41942539512574
			12.7471218579013	-2.41942539512574
			12.7832326846942	-2.45553622191866
			12.8193435114871	-2.49164704871158
			12.85545433828	-2.49164704871158
			12.891565165073	-2.5277578755045
			12.9276759918659	-2.56386870229742
			12.9637868186588	-2.59997952909034
			12.9998976454517	-2.63609035588326
			13.0360084722446	-2.63609035588326
			13.0721192990376	-2.67220118267619
			13.1082301258305	-2.70831200946911
			13.1443409526234	-2.74442283626203
			13.1804517794163	-2.78053366305495
			13.2165626062092	-2.78053366305495
			13.2526734330022	-2.81664448984787
			13.2887842597951	-2.85275531664079
			13.324895086588	-2.88886614343371
			13.3610059133809	-2.92497697022664
			13.3610059133809	-2.96108779701956
			13.3971167401739	-2.99719862381248
			13.4332275669668	-2.99719862381248
			13.4693383937597	-3.0333094506054
			13.5054492205526	-3.06942027739832
			13.5415600473455	-3.10553110419124
			13.5776708741385	-3.14164193098416
			13.6137817009314	-3.17775275777709
			13.6137817009314	-3.21386358457001
			13.6498925277243	-3.24997441136293
			13.6860033545172	-3.28608523815585
			13.7221141813101	-3.32219606494877
			13.7582250081031	-3.35830689174169
			13.794335834896	-3.35830689174169
			13.794335834896	-3.39441771853461
			13.8304466616889	-3.43052854532754
			13.8665574884818	-3.46663937212046
			13.9026683152748	-3.50275019891338
			13.9026683152748	-3.5388610257063
			13.9387791420677	-3.57497185249922
			13.9748899688606	-3.61108267929214
			14.0110007956535	-3.64719350608507
			14.0471116224464	-3.68330433287799
			14.0471116224464	-3.71941515967091
			14.0832224492394	-3.75552598646383
			14.1193332760323	-3.79163681325675
			14.1193332760323	-3.82774764004967
			14.1554441028252	-3.86385846684259
			14.1554441028252	-3.89996929363552
			14.1915549296181	-3.93608012042844
			14.227665756411	-3.97219094722136
			14.227665756411	-4.00830177401428
			14.263776583204	-4.0444126008072
			14.2998874099969	-4.08052342760012
			14.2998874099969	-4.11663425439304
			14.3359982367898	-4.15274508118596
			14.3359982367898	-4.18885590797889
			14.3721090635827	-4.22496673477181
			14.4082198903757	-4.26107756156473
			14.4082198903757	-4.29718838835765
			14.4443307171686	-4.33329921515057
			14.4443307171686	-4.36941004194349
			14.4804415439615	-4.40552086873642
			14.4804415439615	-4.44163169552934
			14.5165523707544	-4.47774252232226
			14.5165523707544	-4.51385334911518
			14.5526631975473	-4.5499641759081
			14.5526631975473	-4.58607500270102
			14.5887740243403	-4.62218582949394
			14.5887740243403	-4.65829665628686
			14.6248848511332	-4.69440748307979
			14.6248848511332	-4.73051830987271
			14.6609956779261	-4.76662913666563
			14.6609956779261	-4.80273996345855
			14.697106504719	-4.83885079025147
			14.697106504719	-4.87496161704439
			14.697106504719	-4.91107244383732
			14.7332173315119	-4.94718327063024
			14.7332173315119	-4.98329409742316
			14.7693281583049	-5.01940492421608
			14.7693281583049	-5.055515751009
			14.7693281583049	-5.09162657780192
			14.8054389850978	-5.12773740459484
			14.8054389850978	-5.16384823138777
			14.8054389850978	-5.19995905818069
			14.8415498118907	-5.23606988497361
			14.8415498118907	-5.27218071176653
			14.8776606386836	-5.30829153855945
			14.8776606386836	-5.34440236535237
			14.8776606386836	-5.38051319214529
			14.9137714654766	-5.41662401893822
			14.9137714654766	-5.45273484573114
			14.9137714654766	-5.48884567252406
			14.9498822922695	-5.52495649931698
			14.9498822922695	-5.5610673261099
			14.9498822922695	-5.59717815290282
			14.9859931190624	-5.63328897969574
			14.9859931190624	-5.66939980648867
			14.9859931190624	-5.70551063328159
			14.9859931190624	-5.74162146007451
			15.0221039458553	-5.77773228686743
			15.0221039458553	-5.81384311366035
			15.0221039458553	-5.84995394045327
			15.0582147726482	-5.88606476724619
			15.0582147726482	-5.92217559403912
			15.0582147726482	-5.95828642083204
			15.0582147726482	-5.99439724762496
			15.0943255994412	-6.03050807441788
			15.0943255994412	-6.0666189012108
			15.0943255994412	-6.10272972800372
			15.0943255994412	-6.13884055479664
			15.1304364262341	-6.17495138158957
			15.1304364262341	-6.21106220838249
			15.1304364262341	-6.24717303517541
			15.1304364262341	-6.28328386196833
			15.1304364262341	-6.31939468876125
			15.166547253027	-6.31939468876125
			15.166547253027	-6.35550551555417
			15.166547253027	-6.39161634234709
			15.166547253027	-6.42772716914002
			15.166547253027	-6.46383799593294
			15.2026580798199	-6.49994882272586
			15.2026580798199	-6.53605964951878
			15.2026580798199	-6.5721704763117
			15.2026580798199	-6.60828130310462
			15.2026580798199	-6.64439212989754
			15.2026580798199	-6.68050295669047
			15.2387689066128	-6.71661378348339
			15.2387689066128	-6.75272461027631
			15.2387689066128	-6.78883543706923
			15.2387689066128	-6.82494626386215
			15.2387689066128	-6.86105709065507
			15.2387689066128	-6.89716791744799
			15.2748797334058	-6.93327874424092
			15.2748797334058	-6.96938957103384
			15.2748797334058	-7.00550039782676
			15.2748797334058	-7.04161122461968
			15.2748797334058	-7.0777220514126
			15.2748797334058	-7.11383287820552
			15.3109905601987	-7.14994370499844
			15.3109905601987	-7.18605453179137
			15.3109905601987	-7.22216535858429
			15.3109905601987	-7.25827618537721
			15.3109905601987	-7.29438701217013
			15.3109905601987	-7.33049783896305
			15.3109905601987	-7.36660866575597
			15.3109905601987	-7.40271949254889
			15.3109905601987	-7.43883031934182
			15.3471013869916	-7.47494114613474
			15.3471013869916	-7.51105197292766
			15.3471013869916	-7.54716279972058
			15.3471013869916	-7.5832736265135
			15.3471013869916	-7.61938445330642
			15.3471013869916	-7.65549528009934
			15.3471013869916	-7.69160610689227
			15.3471013869916	-7.72771693368519
			15.3471013869916	-7.76382776047811
			15.3471013869916	-7.79993858727103
			15.3471013869916	-7.83604941406395
			15.3832122137845	-7.87216024085687
			15.3832122137845	-7.90827106764979
			15.3832122137845	-7.94438189444272
			15.3832122137845	-7.98049272123564
			15.3832122137845	-8.01660354802856
			15.3832122137845	-8.05271437482148
			15.3832122137845	-8.0888252016144
			15.3832122137845	-8.12493602840732
			15.3832122137845	-8.16104685520024
			15.3832122137845	-8.19715768199317
			15.3832122137845	-8.23326850878609
			15.3832122137845	-8.26937933557901
			15.3832122137845	-8.30549016237193
			15.3832122137845	-8.34160098916485
			15.3832122137845	-8.37771181595777
			15.3832122137845	-8.4138226427507
			15.3832122137845	-8.44993346954362
			15.3832122137845	-8.48604429633654
			15.3832122137845	-8.52215512312946
			15.3832122137845	-8.55826594992238
			15.4193230405775	-8.5943767767153
			15.4193230405775	-8.63048760350822
			15.4193230405775	-8.66659843030114
			15.4193230405775	-8.70270925709407
			15.4193230405775	-8.73882008388699
			15.4193230405775	-8.77493091067991
			15.4193230405775	-8.81104173747283
			15.4193230405775	-8.84715256426575
			15.4193230405775	-8.88326339105867
			15.4193230405775	-8.91937421785159
			15.4193230405775	-8.95548504464452
			15.4193230405775	-8.99159587143744
			15.4193230405775	-9.02770669823036
			15.4193230405775	-9.06381752502328
			15.4193230405775	-9.0999283518162
			15.4193230405775	-9.13603917860912
			15.4193230405775	-9.17215000540205
			15.4193230405775	-9.20826083219497
			15.4193230405775	-9.24437165898789
			15.3832122137845	-9.28048248578081
			15.3832122137845	-9.31659331257373
			15.3832122137845	-9.35270413936665
			15.3832122137845	-9.38881496615957
			15.3832122137845	-9.42492579295249
			15.3832122137845	-9.46103661974542
			15.3832122137845	-9.49714744653834
			15.3832122137845	-9.53325827333126
			15.3832122137845	-9.56936910012418
			15.3832122137845	-9.6054799269171
			15.3832122137845	-9.64159075371002
			15.3832122137845	-9.67770158050294
			15.3832122137845	-9.71381240729587
			15.3832122137845	-9.74992323408879
			15.3832122137845	-9.78603406088171
			15.3832122137845	-9.82214488767463
			15.3832122137845	-9.85825571446755
			15.3832122137845	-9.89436654126047
			15.3832122137845	-9.9304773680534
			15.3832122137845	-9.96658819484632
			15.3832122137845	-10.0026990216392
			15.3832122137845	-10.0388098484322
			15.3832122137845	-10.0749206752251
			15.3832122137845	-10.111031502018
			15.3832122137845	-10.1471423288109
			15.3832122137845	-10.1832531556038
			15.4193230405775	-10.2193639823968
			15.4193230405775	-10.2554748091897
			15.4193230405775	-10.2915856359826
			15.4193230405775	-10.3276964627755
			15.4193230405775	-10.3638072895685
			15.4193230405775	-10.3999181163614
			15.4193230405775	-10.4360289431543
			15.4193230405775	-10.4721397699472
			15.4193230405775	-10.5082505967401
			15.4193230405775	-10.5443614235331
			15.4193230405775	-10.580472250326
			15.4193230405775	-10.6165830771189
			15.4193230405775	-10.6526939039118
			15.4193230405775	-10.6888047307047
			15.4193230405775	-10.7249155574977
			15.4193230405775	-10.7610263842906
			15.4193230405775	-10.7971372110835
			15.4193230405775	-10.8332480378764
			15.4193230405775	-10.8693588646694
			15.4193230405775	-10.9054696914623
			15.4193230405775	-10.9415805182552
			15.4193230405775	-10.9776913450481
			15.4193230405775	-11.013802171841
			15.4193230405775	-11.049912998634
			15.4193230405775	-11.0860238254269
			15.4193230405775	-11.1221346522198
			15.4193230405775	-11.1582454790127
			15.4193230405775	-11.1943563058056
			15.4193230405775	-11.2304671325986
			15.3832122137845	-11.2665779593915
			15.3832122137845	-11.3026887861844
			15.3832122137845	-11.3387996129773
			15.3832122137845	-11.3749104397703
			15.3832122137845	-11.4110212665632
			15.3832122137845	-11.4471320933561
			15.3832122137845	-11.483242920149
			15.3832122137845	-11.5193537469419
			15.3832122137845	-11.5554645737349
			15.3832122137845	-11.5915754005278
			15.3832122137845	-11.6276862273207
			15.3832122137845	-11.6637970541136
			15.3832122137845	-11.6999078809065
			15.3832122137845	-11.7360187076995
			15.3832122137845	-11.7721295344924
			15.3832122137845	-11.8082403612853
			15.3832122137845	-11.8443511880782
			15.3832122137845	-11.8804620148712
			15.3471013869916	-11.9165728416641
			15.3471013869916	-11.952683668457
			15.3471013869916	-11.9887944952499
			15.3471013869916	-12.0249053220428
			15.3471013869916	-12.0610161488358
			15.3471013869916	-12.0971269756287
			15.3471013869916	-12.1332378024216
			15.3471013869916	-12.1693486292145
			15.3471013869916	-12.2054594560074
			15.3471013869916	-12.2415702828004
			15.3471013869916	-12.2776811095933
			15.3109905601987	-12.3137919363862
			15.3109905601987	-12.3499027631791
			15.3109905601987	-12.3860135899721
			15.3109905601987	-12.422124416765
			15.3109905601987	-12.4582352435579
			15.3109905601987	-12.4943460703508
			15.3109905601987	-12.5304568971437
			15.3109905601987	-12.5665677239367
			15.3109905601987	-12.6026785507296
			15.2748797334058	-12.6387893775225
			15.2748797334058	-12.6749002043154
			15.2748797334058	-12.7110110311083
			15.2748797334058	-12.7471218579013
			15.2748797334058	-12.7832326846942
			15.2748797334058	-12.8193435114871
			15.2748797334058	-12.85545433828
			15.2748797334058	-12.891565165073
			15.2387689066128	-12.9276759918659
			15.2387689066128	-12.9637868186588
			15.2387689066128	-12.9998976454517
			15.2387689066128	-13.0360084722446
			15.2387689066128	-13.0721192990376
			15.2387689066128	-13.1082301258305
			15.2026580798199	-13.1443409526234
			15.2026580798199	-13.1804517794163
			15.2026580798199	-13.2165626062092
			15.2026580798199	-13.2526734330022
			15.2026580798199	-13.2887842597951
			15.2026580798199	-13.324895086588
			15.166547253027	-13.3610059133809
			15.166547253027	-13.3971167401739
			15.166547253027	-13.4332275669668
			15.166547253027	-13.4693383937597
			15.166547253027	-13.5054492205526
			15.1304364262341	-13.5415600473455
			15.1304364262341	-13.5776708741385
			15.1304364262341	-13.6137817009314
			15.1304364262341	-13.6498925277243
			15.1304364262341	-13.6860033545172
			15.0943255994412	-13.7221141813101
			15.0943255994412	-13.7582250081031
			15.0943255994412	-13.794335834896
			15.0943255994412	-13.8304466616889
			15.0943255994412	-13.8665574884818
			15.0582147726482	-13.9026683152748
			15.0582147726482	-13.9387791420677
			15.0582147726482	-13.9748899688606
			15.0582147726482	-14.0110007956535
			15.0582147726482	-14.0471116224464
			15.0221039458553	-14.0832224492394
			15.0221039458553	-14.1193332760323
			15.0221039458553	-14.1554441028252
			15.0221039458553	-14.1915549296181
			14.9859931190624	-14.227665756411
			14.9859931190624	-14.263776583204
			14.9859931190624	-14.2998874099969
			14.9859931190624	-14.3359982367898
			14.9498822922695	-14.3721090635827
			14.9498822922695	-14.4082198903757
			14.9498822922695	-14.4443307171686
			14.9498822922695	-14.4804415439615
			14.9137714654766	-14.5165523707544
			14.9137714654766	-14.5526631975473
			14.9137714654766	-14.5887740243403
			14.8776606386836	-14.6248848511332
			14.8776606386836	-14.6609956779261
			14.8776606386836	-14.697106504719
			14.8415498118907	-14.7332173315119
			14.8415498118907	-14.7693281583049
			14.8415498118907	-14.8054389850978
			14.8415498118907	-14.8415498118907
			14.8415498118907	-14.8776606386836
			14.8054389850978	-14.8776606386836
			14.8054389850978	-14.9137714654766
			14.8054389850978	-14.9498822922695
			14.8054389850978	-14.9859931190624
			14.7693281583049	-15.0221039458553
			14.7693281583049	-15.0582147726482
			14.7332173315119	-15.0943255994412
			14.7332173315119	-15.1304364262341
			14.7332173315119	-15.166547253027
			14.697106504719	-15.2026580798199
			14.697106504719	-15.2387689066128
			14.697106504719	-15.2748797334058
			14.697106504719	-15.3109905601987
			14.6609956779261	-15.3471013869916
			14.6609956779261	-15.3832122137845
			14.6609956779261	-15.4193230405775
			14.6248848511332	-15.4554338673704
			14.6248848511332	-15.4915446941633
			14.5887740243403	-15.5276555209562
			14.5887740243403	-15.5637663477491
			14.5887740243403	-15.5998771745421
			14.5526631975473	-15.635988001335
			14.5526631975473	-15.6720988281279
			14.5526631975473	-15.7082096549208
			14.5165523707544	-15.7443204817137
			14.5165523707544	-15.7804313085067
			14.5165523707544	-15.8165421352996
			14.4804415439615	-15.8526529620925
			14.4804415439615	-15.8887637888854
			14.4804415439615	-15.9248746156784
			14.4443307171686	-15.9609854424713
			14.4082198903757	-15.9970962692642
			14.4082198903757	-16.0332070960571
			14.4082198903757	-16.06931792285
			14.3721090635827	-16.105428749643
			14.3721090635827	-16.1415395764359
			14.3721090635827	-16.1776504032288
			14.3359982367898	-16.2137612300217
			14.3359982367898	-16.2498720568146
			14.2998874099969	-16.2859828836076
			14.2998874099969	-16.3220937104005
			14.263776583204	-16.3582045371934
			14.263776583204	-16.3943153639863
			14.227665756411	-16.4304261907793
			14.227665756411	-16.4665370175722
			14.227665756411	-16.5026478443651
			14.1915549296181	-16.538758671158
			14.1915549296181	-16.5748694979509
			14.1554441028252	-16.6109803247439
			14.1554441028252	-16.6470911515368
			14.1193332760323	-16.6832019783297
			14.1193332760323	-16.7193128051226
			14.0832224492394	-16.7554236319155
			14.0832224492394	-16.7915344587085
			14.0832224492394	-16.8276452855014
			14.0471116224464	-16.8637561122943
			14.0471116224464	-16.8998669390872
			14.0110007956535	-16.9359777658802
			14.0110007956535	-16.9720885926731
			13.9748899688606	-17.008199419466
			13.9748899688606	-17.0443102462589
			13.9387791420677	-17.0804210730518
			13.9387791420677	-17.1165318998448
			13.9026683152748	-17.1526427266377
			13.8665574884818	-17.1887535534306
			13.8665574884818	-17.2248643802235
			13.8665574884818	-17.2609752070164
			13.8304466616889	-17.2609752070164
			13.8304466616889	-17.2970860338094
			13.794335834896	-17.3331968606023
			13.794335834896	-17.3693076873952
			13.7582250081031	-17.4054185141881
			13.7582250081031	-17.4415293409811
			13.7221141813101	-17.477640167774
			13.7221141813101	-17.5137509945669
			13.6860033545172	-17.5498618213598
			13.6860033545172	-17.5859726481527
			13.6498925277243	-17.5859726481527
			13.6498925277243	-17.6220834749457
			13.6137817009314	-17.6581943017386
			13.6137817009314	-17.6943051285315
			13.6137817009314	-17.7304159553244
			13.5776708741385	-17.7304159553244
			13.5776708741385	-17.7665267821173
			13.5415600473455	-17.8026376089103
			13.5415600473455	-17.8387484357032
			13.5054492205526	-17.8748592624961
			13.4693383937597	-17.910970089289
			13.4332275669668	-17.910970089289
			13.4332275669668	-17.947080916082
			13.3971167401739	-17.947080916082
			13.3610059133809	-17.9831917428749
			13.324895086588	-17.9831917428749
			13.2887842597951	-18.0193025696678
			13.2526734330022	-18.0554133964607
			13.2165626062092	-18.0915242232536
			13.1804517794163	-18.0915242232536
			13.1443409526234	-18.1276350500466
			13.1082301258305	-18.1276350500466
			13.1082301258305	-18.1637458768395
			13.0721192990376	-18.1637458768395
			13.0360084722446	-18.1637458768395
			13.0360084722446	-18.1998567036324
			12.9998976454517	-18.1998567036324
			12.9637868186588	-18.1998567036324
			12.9276759918659	-18.2359675304253
			12.891565165073	-18.2359675304253
			12.85545433828	-18.2359675304253
			12.8193435114871	-18.2359675304253
			12.7832326846942	-18.1998567036324
			12.7832326846942	-18.1637458768395
			12.7832326846942	-18.1276350500466
			12.8193435114871	-18.0915242232536
			12.8193435114871	-18.0554133964607
			12.8193435114871	-18.0193025696678
			12.85545433828	-17.9831917428749
			12.85545433828	-17.947080916082
			12.891565165073	-17.910970089289
			12.891565165073	-17.8748592624961
			12.9276759918659	-17.8387484357032
			12.9276759918659	-17.8026376089103
			12.9276759918659	-17.7665267821173
			12.9637868186588	-17.7304159553244
			12.9637868186588	-17.6943051285315
			12.9998976454517	-17.6581943017386
			12.9998976454517	-17.6220834749457
			12.9998976454517	-17.5859726481527
			13.0360084722446	-17.5498618213598
			13.0360084722446	-17.5137509945669
			13.0360084722446	-17.477640167774
			13.0721192990376	-17.4415293409811
			13.0721192990376	-17.4054185141881
			13.0721192990376	-17.3693076873952
			13.1082301258305	-17.3331968606023
			13.1082301258305	-17.2970860338094
			13.1082301258305	-17.2609752070164
			13.1082301258305	-17.2248643802235
			13.1443409526234	-17.1887535534306
			13.1443409526234	-17.1526427266377
			13.1443409526234	-17.1165318998448
			13.1804517794163	-17.0804210730518
			13.1804517794163	-17.0443102462589
			13.1804517794163	-17.008199419466
			13.1804517794163	-16.9720885926731
			13.2165626062092	-16.9359777658802
			13.2165626062092	-16.8998669390872
			13.2165626062092	-16.8637561122943
			13.2165626062092	-16.8276452855014
			13.2165626062092	-16.7915344587085
			13.2526734330022	-16.7554236319155
			13.2526734330022	-16.7193128051226
			13.2526734330022	-16.6832019783297
			13.2526734330022	-16.6470911515368
			13.2526734330022	-16.6109803247439
			13.2526734330022	-16.5748694979509
			13.2887842597951	-16.5748694979509
			13.2887842597951	-16.538758671158
			13.2887842597951	-16.5026478443651
			13.2887842597951	-16.4665370175722
			13.2887842597951	-16.4304261907793
			13.2887842597951	-16.3943153639863
			13.324895086588	-16.3582045371934
			13.324895086588	-16.3220937104005
			13.324895086588	-16.2859828836076
			13.324895086588	-16.2498720568146
			13.324895086588	-16.2137612300217
			13.324895086588	-16.1776504032288
			13.3610059133809	-16.1415395764359
			13.3610059133809	-16.105428749643
			13.3610059133809	-16.06931792285
			13.3610059133809	-16.0332070960571
			13.3610059133809	-15.9970962692642
			13.3610059133809	-15.9609854424713
			13.3610059133809	-15.9248746156784
			13.3971167401739	-15.8887637888854
			13.3971167401739	-15.8526529620925
			13.3971167401739	-15.8165421352996
			13.3971167401739	-15.7804313085067
			13.3971167401739	-15.7443204817137
			13.3971167401739	-15.7082096549208
			13.3971167401739	-15.6720988281279
			13.3971167401739	-15.635988001335
			13.4332275669668	-15.5998771745421
			13.4332275669668	-15.5637663477491
			13.4332275669668	-15.5276555209562
			13.4332275669668	-15.4915446941633
			13.4332275669668	-15.4554338673704
			13.4332275669668	-15.4193230405775
			13.4332275669668	-15.3832122137845
			13.4332275669668	-15.3471013869916
			13.4332275669668	-15.3109905601987
			13.4693383937597	-15.2748797334058
			13.4693383937597	-15.2387689066128
			13.4693383937597	-15.2026580798199
			13.4693383937597	-15.166547253027
			13.4693383937597	-15.1304364262341
			13.4693383937597	-15.0943255994412
			13.4693383937597	-15.0582147726482
			13.4693383937597	-15.0221039458553
			13.4693383937597	-14.9859931190624
			13.4693383937597	-14.9498822922695
			13.5054492205526	-14.9137714654766
			13.5054492205526	-14.8776606386836
			13.5054492205526	-14.8415498118907
			13.5054492205526	-14.8054389850978
			13.5054492205526	-14.7693281583049
			13.5054492205526	-14.7332173315119
			13.5054492205526	-14.697106504719
			13.5054492205526	-14.6609956779261
			13.5054492205526	-14.6248848511332
			13.5054492205526	-14.5887740243403
			13.5054492205526	-14.5526631975473
			13.5054492205526	-14.5165523707544
			13.5054492205526	-14.4804415439615
			13.5054492205526	-14.4443307171686
			13.5054492205526	-14.4082198903757
			13.5054492205526	-14.3721090635827
			13.5054492205526	-14.3359982367898
			13.5054492205526	-14.2998874099969
			13.5054492205526	-14.263776583204
			13.5054492205526	-14.227665756411
			13.5054492205526	-14.1915549296181
			13.5415600473455	-14.1915549296181
			13.5415600473455	-14.1554441028252
			13.5415600473455	-14.1193332760323
			13.5415600473455	-14.0832224492394
			13.5415600473455	-14.0471116224464
			13.5415600473455	-14.0110007956535
			13.5415600473455	-13.9748899688606
			13.5054492205526	-13.9387791420677
			13.5054492205526	-13.9026683152748
			13.5054492205526	-13.8665574884818
			13.5054492205526	-13.8304466616889
			13.5054492205526	-13.794335834896
			13.5054492205526	-13.7582250081031
			13.5054492205526	-13.7221141813101
			13.5054492205526	-13.6860033545172
			13.5054492205526	-13.6498925277243
			13.5054492205526	-13.6137817009314
			13.5054492205526	-13.5776708741385
			13.5054492205526	-13.5415600473455
			13.5054492205526	-13.5054492205526
			13.5054492205526	-13.4693383937597
			13.5054492205526	-13.4332275669668
			13.5054492205526	-13.3971167401739
			13.5054492205526	-13.3610059133809
			13.5054492205526	-13.324895086588
			13.5054492205526	-13.2887842597951
			13.5054492205526	-13.2526734330022
			13.4693383937597	-13.2165626062092
			13.4693383937597	-13.1804517794163
			13.4693383937597	-13.1443409526234
			13.4693383937597	-13.1082301258305
			13.4693383937597	-13.0721192990376
			13.4693383937597	-13.0360084722446
			13.4693383937597	-12.9998976454517
			13.4693383937597	-12.9637868186588
			13.4693383937597	-12.9276759918659
			13.4332275669668	-12.9276759918659
			13.4332275669668	-12.891565165073
			13.4332275669668	-12.85545433828
			13.4332275669668	-12.8193435114871
			13.4332275669668	-12.7832326846942
			13.4332275669668	-12.7471218579013
			13.4332275669668	-12.7110110311083
			13.3971167401739	-12.6749002043154
			13.3971167401739	-12.6387893775225
			13.3971167401739	-12.6026785507296
			13.3971167401739	-12.5665677239367
			13.3971167401739	-12.5304568971437
			13.3971167401739	-12.4943460703508
			13.3610059133809	-12.4582352435579
			13.3610059133809	-12.422124416765
			13.3610059133809	-12.3860135899721
			13.3610059133809	-12.3499027631791
			13.324895086588	-12.3137919363862
			13.324895086588	-12.2776811095933
			13.324895086588	-12.2415702828004
			13.324895086588	-12.2054594560074
			13.324895086588	-12.1693486292145
			13.2887842597951	-12.1332378024216
			13.2887842597951	-12.0971269756287
			13.2887842597951	-12.0610161488358
			13.2887842597951	-12.0249053220428
			13.2526734330022	-12.0249053220428
			13.2526734330022	-11.9887944952499
			13.2526734330022	-11.952683668457
			13.2526734330022	-11.9165728416641
			13.2165626062092	-11.8804620148712
			13.2165626062092	-11.8443511880782
			13.2165626062092	-11.8082403612853
			13.1804517794163	-11.7721295344924
			13.1804517794163	-11.7360187076995
			13.1804517794163	-11.6999078809065
			13.1804517794163	-11.6637970541136
			13.1443409526234	-11.6276862273207
			13.1443409526234	-11.5915754005278
			13.1082301258305	-11.5554645737349
			13.1082301258305	-11.5193537469419
			13.1082301258305	-11.483242920149
			13.0721192990376	-11.4471320933561
			13.0721192990376	-11.4110212665632
			13.0721192990376	-11.3749104397703
			13.0360084722446	-11.3387996129773
			13.0360084722446	-11.3026887861844
			12.9998976454517	-11.2665779593915
			12.9998976454517	-11.2304671325986
			12.9998976454517	-11.1943563058056
			12.9637868186588	-11.1582454790127
			12.9637868186588	-11.1221346522198
			12.9276759918659	-11.0860238254269
			12.9276759918659	-11.049912998634
			12.891565165073	-11.013802171841
			12.891565165073	-10.9776913450481
			12.891565165073	-10.9415805182552
			12.85545433828	-10.9054696914623
			12.85545433828	-10.8693588646694
			12.8193435114871	-10.8693588646694
			12.8193435114871	-10.8332480378764
			12.7832326846942	-10.7971372110835
			12.7832326846942	-10.7610263842906
			12.7471218579013	-10.7249155574977
			12.7471218579013	-10.6888047307047
			12.7110110311083	-10.6526939039118
			12.7110110311083	-10.6165830771189
			12.6749002043154	-10.580472250326
			12.6749002043154	-10.5443614235331
			12.6387893775225	-10.5082505967401
			12.6026785507296	-10.4721397699472
			12.5665677239367	-10.4360289431543
			12.5665677239367	-10.3999181163614
			12.5304568971437	-10.3638072895685
			12.4943460703508	-10.3276964627755
			12.4943460703508	-10.2915856359826
		</suture>
		<anterior type=matrix rownames=FALSE colnames=FALSE nrow=346 ncol=2 as.numeric=TRUE >
			8.81104173747283	-1.22776811095933
			8.84715256426575	-1.22776811095933
			8.88326339105867	-1.22776811095933
			8.91937421785159	-1.22776811095933
			8.95548504464452	-1.22776811095933
			8.99159587143744	-1.22776811095933
			9.02770669823036	-1.22776811095933
			9.06381752502328	-1.26387893775225
			9.0999283518162	-1.26387893775225
			9.13603917860912	-1.26387893775225
			9.17215000540205	-1.26387893775225
			9.20826083219497	-1.26387893775225
			9.24437165898789	-1.26387893775225
			9.28048248578081	-1.26387893775225
			9.31659331257373	-1.26387893775225
			9.35270413936665	-1.26387893775225
			9.38881496615957	-1.26387893775225
			9.42492579295249	-1.29998976454517
			9.46103661974542	-1.29998976454517
			9.49714744653834	-1.29998976454517
			9.53325827333126	-1.29998976454517
			9.56936910012418	-1.29998976454517
			9.6054799269171	-1.29998976454517
			9.64159075371002	-1.29998976454517
			9.67770158050294	-1.33610059133809
			9.71381240729587	-1.33610059133809
			9.74992323408879	-1.33610059133809
			9.78603406088171	-1.33610059133809
			9.82214488767463	-1.33610059133809
			9.85825571446755	-1.33610059133809
			9.89436654126047	-1.33610059133809
			9.9304773680534	-1.37221141813101
			9.96658819484632	-1.37221141813101
			10.0026990216392	-1.37221141813101
			10.0388098484322	-1.37221141813101
			10.0749206752251	-1.37221141813101
			10.111031502018	-1.40832224492394
			10.1471423288109	-1.40832224492394
			10.1832531556038	-1.40832224492394
			10.2193639823968	-1.40832224492394
			10.2554748091897	-1.44443307171686
			10.2915856359826	-1.44443307171686
			10.3276964627755	-1.44443307171686
			10.3638072895685	-1.44443307171686
			10.3999181163614	-1.44443307171686
			10.4360289431543	-1.48054389850978
			10.4721397699472	-1.48054389850978
			10.5082505967401	-1.48054389850978
			10.5443614235331	-1.48054389850978
			10.580472250326	-1.5166547253027
			10.6165830771189	-1.5166547253027
			10.6526939039118	-1.5166547253027
			10.6888047307047	-1.5166547253027
			10.7249155574977	-1.55276555209562
			10.7610263842906	-1.55276555209562
			10.7971372110835	-1.55276555209562
			10.8332480378764	-1.55276555209562
			10.8332480378764	-1.58887637888854
			10.8693588646694	-1.58887637888854
			10.9054696914623	-1.58887637888854
			10.9415805182552	-1.58887637888854
			10.9776913450481	-1.62498720568146
			11.013802171841	-1.62498720568146
			11.049912998634	-1.66109803247439
			11.0860238254269	-1.66109803247439
			11.1221346522198	-1.66109803247439
			11.1582454790127	-1.69720885926731
			11.1943563058056	-1.69720885926731
			11.2304671325986	-1.69720885926731
			11.2665779593915	-1.73331968606023
			11.3026887861844	-1.73331968606023
			11.3387996129773	-1.73331968606023
			11.3749104397703	-1.76943051285315
			11.4110212665632	-1.76943051285315
			11.4471320933561	-1.76943051285315
			11.483242920149	-1.80554133964607
			11.5193537469419	-1.80554133964607
			11.5554645737349	-1.84165216643899
			11.5915754005278	-1.84165216643899
			11.6276862273207	-1.87776299323191
			11.6637970541136	-1.87776299323191
			11.6999078809065	-1.87776299323191
			11.6999078809065	-1.91387382002484
			11.7360187076995	-1.91387382002484
			11.7721295344924	-1.91387382002484
			11.7721295344924	-1.94998464681776
			11.8082403612853	-1.94998464681776
			11.8443511880782	-1.94998464681776
			11.8443511880782	-1.98609547361068
			11.8804620148712	-1.98609547361068
			11.9165728416641	-1.98609547361068
			11.9165728416641	-2.0222063004036
			11.952683668457	-2.0222063004036
			11.9887944952499	-2.0222063004036
			11.9887944952499	-2.05831712719652
			12.0249053220428	-2.05831712719652
			12.0610161488358	-2.09442795398944
			12.0971269756287	-2.09442795398944
			12.1332378024216	-2.13053878078236
			12.1693486292145	-2.13053878078236
			12.2054594560074	-2.16664960757529
			12.2415702828004	-2.16664960757529
			12.2415702828004	-2.20276043436821
			12.2776811095933	-2.20276043436821
			12.3137919363862	-2.20276043436821
			12.3499027631791	-2.23887126116113
			12.3860135899721	-2.27498208795405
			12.422124416765	-2.31109291474697
			12.4582352435579	-2.31109291474697
			12.4943460703508	-2.34720374153989
			12.5304568971437	-2.34720374153989
			12.5665677239367	-2.38331456833281
			12.6026785507296	-2.38331456833281
			12.6026785507296	-2.41942539512574
			12.6387893775225	-2.45553622191866
			12.6749002043154	-2.45553622191866
			12.7110110311083	-2.49164704871158
			12.7471218579013	-2.49164704871158
			12.7471218579013	-2.5277578755045
			12.7832326846942	-2.56386870229742
			12.8193435114871	-2.56386870229742
			12.85545433828	-2.59997952909034
			12.891565165073	-2.59997952909034
			12.891565165073	-2.63609035588326
			12.9276759918659	-2.67220118267619
			12.9637868186588	-2.67220118267619
			12.9998976454517	-2.70831200946911
			13.0360084722446	-2.74442283626203
			13.0721192990376	-2.78053366305495
			13.1082301258305	-2.81664448984787
			13.1443409526234	-2.81664448984787
			13.1804517794163	-2.85275531664079
			13.2165626062092	-2.88886614343371
			13.2165626062092	-2.92497697022664
			13.2526734330022	-2.96108779701956
			13.2887842597951	-2.99719862381248
			13.324895086588	-2.99719862381248
			13.3610059133809	-3.0333094506054
			13.3971167401739	-3.06942027739832
			13.4332275669668	-3.10553110419124
			13.4332275669668	-3.14164193098416
			13.4693383937597	-3.17775275777709
			13.5054492205526	-3.17775275777709
			13.5415600473455	-3.21386358457001
			13.5776708741385	-3.24997441136293
			13.5776708741385	-3.28608523815585
			13.6137817009314	-3.32219606494877
			13.6498925277243	-3.35830689174169
			13.6860033545172	-3.39441771853461
			13.7221141813101	-3.43052854532754
			13.7221141813101	-3.46663937212046
			13.7582250081031	-3.50275019891338
			13.794335834896	-3.5388610257063
			13.8304466616889	-3.57497185249922
			13.8304466616889	-3.61108267929214
			13.8665574884818	-3.61108267929214
			13.9026683152748	-3.64719350608507
			13.9026683152748	-3.68330433287799
			13.9387791420677	-3.71941515967091
			13.9748899688606	-3.75552598646383
			14.0110007956535	-3.79163681325675
			14.0110007956535	-3.82774764004967
			14.0471116224464	-3.86385846684259
			14.0832224492394	-3.89996929363552
			14.0832224492394	-3.93608012042844
			14.1193332760323	-3.97219094722136
			14.1193332760323	-4.00830177401428
			14.1554441028252	-4.00830177401428
			14.1554441028252	-4.0444126008072
			14.1554441028252	-4.08052342760012
			14.1915549296181	-4.08052342760012
			14.1915549296181	-4.11663425439304
			14.227665756411	-4.15274508118596
			14.227665756411	-4.18885590797889
			14.263776583204	-4.22496673477181
			14.2998874099969	-4.26107756156473
			14.2998874099969	-4.29718838835765
			14.3359982367898	-4.33329921515057
			14.3359982367898	-4.36941004194349
			14.3721090635827	-4.40552086873642
			14.3721090635827	-4.44163169552934
			14.4082198903757	-4.47774252232226
			14.4082198903757	-4.51385334911518
			14.4443307171686	-4.5499641759081
			14.4443307171686	-4.58607500270102
			14.4804415439615	-4.62218582949394
			14.4804415439615	-4.65829665628686
			14.5165523707544	-4.69440748307979
			14.5165523707544	-4.73051830987271
			14.5526631975473	-4.76662913666563
			14.5526631975473	-4.80273996345855
			14.5887740243403	-4.83885079025147
			14.5887740243403	-4.87496161704439
			14.6248848511332	-4.91107244383732
			14.6248848511332	-4.94718327063024
			14.6609956779261	-4.98329409742316
			14.6609956779261	-5.01940492421608
			14.697106504719	-5.055515751009
			14.697106504719	-5.09162657780192
			14.697106504719	-5.12773740459484
			14.7332173315119	-5.16384823138777
			14.7332173315119	-5.19995905818069
			14.7332173315119	-5.23606988497361
			14.7693281583049	-5.27218071176653
			14.7693281583049	-5.30829153855945
			14.8054389850978	-5.34440236535237
			14.8054389850978	-5.38051319214529
			14.8054389850978	-5.41662401893822
			14.8415498118907	-5.45273484573114
			14.8415498118907	-5.48884567252406
			14.8415498118907	-5.52495649931698
			14.8776606386836	-5.5610673261099
			14.8776606386836	-5.59717815290282
			14.8776606386836	-5.63328897969574
			14.9137714654766	-5.66939980648867
			14.9137714654766	-5.70551063328159
			14.9137714654766	-5.74162146007451
			14.9498822922695	-5.77773228686743
			14.9498822922695	-5.81384311366035
			14.9498822922695	-5.84995394045327
			14.9859931190624	-5.88606476724619
			14.9859931190624	-5.92217559403912
			14.9859931190624	-5.95828642083204
			14.9859931190624	-5.99439724762496
			15.0221039458553	-6.03050807441788
			15.0221039458553	-6.0666189012108
			15.0221039458553	-6.10272972800372
			15.0582147726482	-6.13884055479664
			15.0582147726482	-6.17495138158957
			15.0582147726482	-6.21106220838249
			15.0582147726482	-6.24717303517541
			15.0943255994412	-6.28328386196833
			15.0943255994412	-6.31939468876125
			15.0943255994412	-6.35550551555417
			15.0943255994412	-6.39161634234709
			15.1304364262341	-6.42772716914002
			15.1304364262341	-6.46383799593294
			15.1304364262341	-6.49994882272586
			15.1304364262341	-6.53605964951878
			15.166547253027	-6.5721704763117
			15.166547253027	-6.60828130310462
			15.166547253027	-6.64439212989754
			15.166547253027	-6.68050295669047
			15.166547253027	-6.71661378348339
			15.2026580798199	-6.75272461027631
			15.2026580798199	-6.78883543706923
			15.2026580798199	-6.82494626386215
			15.2026580798199	-6.86105709065507
			15.2026580798199	-6.89716791744799
			15.2026580798199	-6.93327874424092
			15.2387689066128	-6.96938957103384
			15.2387689066128	-7.00550039782676
			15.2387689066128	-7.04161122461968
			15.2387689066128	-7.0777220514126
			15.2387689066128	-7.11383287820552
			15.2387689066128	-7.14994370499844
			15.2748797334058	-7.18605453179137
			15.2748797334058	-7.22216535858429
			15.2748797334058	-7.25827618537721
			15.2748797334058	-7.29438701217013
			15.2748797334058	-7.33049783896305
			15.2748797334058	-7.36660866575597
			15.3109905601987	-7.40271949254889
			15.3109905601987	-7.43883031934182
			15.3109905601987	-7.47494114613474
			15.3109905601987	-7.51105197292766
			15.3109905601987	-7.54716279972058
			15.3109905601987	-7.5832736265135
			15.3109905601987	-7.61938445330642
			15.3109905601987	-7.65549528009934
			15.3471013869916	-7.69160610689227
			15.3471013869916	-7.72771693368519
			15.3471013869916	-7.76382776047811
			15.3471013869916	-7.79993858727103
			15.3471013869916	-7.83604941406395
			15.3471013869916	-7.87216024085687
			15.3471013869916	-7.90827106764979
			15.3471013869916	-7.94438189444272
			15.3471013869916	-7.98049272123564
			15.3832122137845	-8.01660354802856
			15.3832122137845	-8.05271437482148
			15.3832122137845	-8.0888252016144
			15.3832122137845	-8.12493602840732
			15.3832122137845	-8.16104685520024
			15.3832122137845	-8.19715768199317
			15.3832122137845	-8.23326850878609
			15.3832122137845	-8.26937933557901
			15.3832122137845	-8.30549016237193
			15.3832122137845	-8.34160098916485
			15.3832122137845	-8.37771181595777
			15.3832122137845	-8.4138226427507
			15.4193230405775	-8.44993346954362
			15.4193230405775	-8.48604429633654
			15.4193230405775	-8.52215512312946
			15.4193230405775	-8.55826594992238
			15.4193230405775	-8.5943767767153
			15.4193230405775	-8.63048760350822
			15.4193230405775	-8.66659843030114
			15.4193230405775	-8.70270925709407
			15.4193230405775	-8.73882008388699
			15.4193230405775	-8.77493091067991
			15.4193230405775	-8.81104173747283
			15.4193230405775	-8.84715256426575
			15.4193230405775	-8.88326339105867
			15.4193230405775	-8.91937421785159
			15.4193230405775	-8.95548504464452
			15.4193230405775	-8.99159587143744
			15.4193230405775	-9.02770669823036
			15.4193230405775	-9.06381752502328
			15.4193230405775	-9.0999283518162
			15.4193230405775	-9.13603917860912
			15.4193230405775	-9.17215000540205
			15.4193230405775	-9.20826083219497
			15.4193230405775	-9.24437165898789
			15.4193230405775	-9.28048248578081
			15.4193230405775	-9.31659331257373
			15.4193230405775	-9.35270413936665
			15.4193230405775	-9.38881496615957
			15.4193230405775	-9.42492579295249
			15.4193230405775	-9.46103661974542
			15.4193230405775	-9.49714744653834
			15.4193230405775	-9.53325827333126
			15.4193230405775	-9.56936910012418
			15.4193230405775	-9.6054799269171
			15.4193230405775	-9.64159075371002
			15.4193230405775	-9.67770158050294
			15.4193230405775	-9.71381240729587
			15.4193230405775	-9.74992323408879
			15.4193230405775	-9.78603406088171
			15.4193230405775	-9.82214488767463
			15.4193230405775	-9.85825571446755
			15.4193230405775	-9.89436654126047
			15.4193230405775	-9.9304773680534
			15.4193230405775	-9.96658819484632
			15.4193230405775	-10.0026990216392
			15.4193230405775	-10.0388098484322
			15.4193230405775	-10.0749206752251
			15.4193230405775	-10.111031502018
			15.4193230405775	-10.1471423288109
			15.4193230405775	-10.1832531556038
			15.4193230405775	-10.2193639823968
			15.4193230405775	-10.2554748091897
			15.4193230405775	-10.2915856359826
			15.4193230405775	-10.3276964627755
			15.4193230405775	-10.3638072895685
			15.4193230405775	-10.3999181163614
		</anterior>
		<posterior type=matrix rownames=FALSE colnames=FALSE nrow=558 ncol=2 as.numeric=TRUE >
			8.84715256426575	-10.3999181163614
			8.88326339105867	-10.3999181163614
			8.91937421785159	-10.3999181163614
			8.95548504464452	-10.3999181163614
			8.99159587143744	-10.4360289431543
			9.02770669823036	-10.4360289431543
			9.06381752502328	-10.4360289431543
			9.0999283518162	-10.4360289431543
			9.13603917860912	-10.4360289431543
			9.17215000540205	-10.4360289431543
			9.20826083219497	-10.4360289431543
			9.24437165898789	-10.4360289431543
			9.28048248578081	-10.4360289431543
			9.31659331257373	-10.4360289431543
			9.35270413936665	-10.4360289431543
			9.38881496615957	-10.4360289431543
			9.42492579295249	-10.4360289431543
			9.46103661974542	-10.3999181163614
			9.49714744653834	-10.3999181163614
			9.53325827333126	-10.3999181163614
			9.56936910012418	-10.3999181163614
			9.6054799269171	-10.3999181163614
			9.64159075371002	-10.3999181163614
			9.67770158050294	-10.3999181163614
			9.71381240729587	-10.3638072895685
			9.74992323408879	-10.3638072895685
			9.78603406088171	-10.3638072895685
			9.82214488767463	-10.3638072895685
			9.85825571446755	-10.3638072895685
			9.89436654126047	-10.3276964627755
			9.9304773680534	-10.3276964627755
			9.96658819484632	-10.3276964627755
			10.0026990216392	-10.3276964627755
			10.0388098484322	-10.2915856359826
			10.0749206752251	-10.2915856359826
			10.111031502018	-10.2915856359826
			10.1471423288109	-10.2554748091897
			10.1832531556038	-10.2554748091897
			10.2193639823968	-10.2554748091897
			10.2554748091897	-10.2554748091897
			10.2915856359826	-10.2193639823968
			10.3276964627755	-10.2193639823968
			10.3638072895685	-10.2193639823968
			10.3999181163614	-10.2193639823968
			10.4360289431543	-10.2193639823968
			10.4721397699472	-10.2554748091897
			10.5082505967401	-10.2554748091897
			10.5443614235331	-10.2554748091897
			10.580472250326	-10.2554748091897
			10.6165830771189	-10.2554748091897
			10.6526939039118	-10.2554748091897
			10.6888047307047	-10.2915856359826
			10.7249155574977	-10.2915856359826
			10.7610263842906	-10.2915856359826
			10.7971372110835	-10.2915856359826
			10.8332480378764	-10.2915856359826
			10.8693588646694	-10.2915856359826
			10.9054696914623	-10.2915856359826
			10.9415805182552	-10.2915856359826
			10.9776913450481	-10.3276964627755
			11.013802171841	-10.3276964627755
			11.049912998634	-10.3276964627755
			11.0860238254269	-10.3276964627755
			11.1221346522198	-10.3276964627755
			11.1582454790127	-10.3276964627755
			11.1943563058056	-10.3276964627755
			11.2304671325986	-10.3276964627755
			11.2665779593915	-10.3276964627755
			11.3026887861844	-10.3276964627755
			11.3387996129773	-10.3276964627755
			11.3749104397703	-10.3276964627755
			11.4110212665632	-10.3276964627755
			11.4471320933561	-10.3276964627755
			11.483242920149	-10.3276964627755
			11.5193537469419	-10.3276964627755
			11.5554645737349	-10.3276964627755
			11.5915754005278	-10.3276964627755
			11.6276862273207	-10.3276964627755
			11.6637970541136	-10.3276964627755
			11.6999078809065	-10.3276964627755
			11.7360187076995	-10.3276964627755
			11.7721295344924	-10.3276964627755
			11.8082403612853	-10.3276964627755
			11.8443511880782	-10.3276964627755
			11.8804620148712	-10.3276964627755
			11.9165728416641	-10.3276964627755
			11.952683668457	-10.3276964627755
			11.9887944952499	-10.3276964627755
			12.0249053220428	-10.3276964627755
			12.0610161488358	-10.3276964627755
			12.0971269756287	-10.3276964627755
			12.1332378024216	-10.2915856359826
			12.1693486292145	-10.2915856359826
			12.2054594560074	-10.2915856359826
			12.2415702828004	-10.2915856359826
			12.2776811095933	-10.2915856359826
			12.3137919363862	-10.2915856359826
			12.3499027631791	-10.2915856359826
			12.3860135899721	-10.2554748091897
			12.422124416765	-10.2554748091897
			12.4582352435579	-10.2554748091897
			12.4943460703508	-10.2554748091897
			12.5304568971437	-10.2915856359826
			12.5304568971437	-10.3276964627755
			12.5665677239367	-10.3638072895685
			12.5665677239367	-10.3999181163614
			12.6026785507296	-10.4360289431543
			12.6026785507296	-10.4721397699472
			12.6387893775225	-10.5082505967401
			12.6387893775225	-10.5443614235331
			12.6749002043154	-10.580472250326
			12.6749002043154	-10.6165830771189
			12.7110110311083	-10.6165830771189
			12.7110110311083	-10.6526939039118
			12.7110110311083	-10.6888047307047
			12.7471218579013	-10.7249155574977
			12.7471218579013	-10.7610263842906
			12.7832326846942	-10.7971372110835
			12.7832326846942	-10.8332480378764
			12.8193435114871	-10.8332480378764
			12.8193435114871	-10.8693588646694
			12.8193435114871	-10.9054696914623
			12.85545433828	-10.9415805182552
			12.85545433828	-10.9776913450481
			12.891565165073	-11.013802171841
			12.891565165073	-11.049912998634
			12.9276759918659	-11.0860238254269
			12.9276759918659	-11.1221346522198
			12.9637868186588	-11.1582454790127
			12.9637868186588	-11.1943563058056
			12.9637868186588	-11.2304671325986
			12.9998976454517	-11.2665779593915
			12.9998976454517	-11.3026887861844
			13.0360084722446	-11.3387996129773
			13.0360084722446	-11.3749104397703
			13.0360084722446	-11.4110212665632
			13.0721192990376	-11.4471320933561
			13.0721192990376	-11.483242920149
			13.1082301258305	-11.5193537469419
			13.1082301258305	-11.5554645737349
			13.1082301258305	-11.5915754005278
			13.1443409526234	-11.6276862273207
			13.1443409526234	-11.6637970541136
			13.1443409526234	-11.6999078809065
			13.1804517794163	-11.7360187076995
			13.1804517794163	-11.7721295344924
			13.1804517794163	-11.8082403612853
			13.2165626062092	-11.8443511880782
			13.2165626062092	-11.8804620148712
			13.2165626062092	-11.9165728416641
			13.2526734330022	-11.952683668457
			13.2526734330022	-11.9887944952499
			13.2526734330022	-12.0249053220428
			13.2887842597951	-12.0610161488358
			13.2887842597951	-12.0971269756287
			13.2887842597951	-12.1332378024216
			13.324895086588	-12.1693486292145
			13.324895086588	-12.2054594560074
			13.324895086588	-12.2415702828004
			13.324895086588	-12.2776811095933
			13.324895086588	-12.3137919363862
			13.3610059133809	-12.3137919363862
			13.3610059133809	-12.3499027631791
			13.3610059133809	-12.3860135899721
			13.3610059133809	-12.422124416765
			13.3610059133809	-12.4582352435579
			13.3971167401739	-12.4943460703508
			13.3971167401739	-12.5304568971437
			13.3971167401739	-12.5665677239367
			13.3971167401739	-12.6026785507296
			13.3971167401739	-12.6387893775225
			13.4332275669668	-12.6749002043154
			13.4332275669668	-12.7110110311083
			13.4332275669668	-12.7471218579013
			13.4332275669668	-12.7832326846942
			13.4332275669668	-12.8193435114871
			13.4332275669668	-12.85545433828
			13.4332275669668	-12.891565165073
			13.4693383937597	-12.9276759918659
			13.4693383937597	-12.9637868186588
			13.4693383937597	-12.9998976454517
			13.4693383937597	-13.0360084722446
			13.4693383937597	-13.0721192990376
			13.4693383937597	-13.1082301258305
			13.4693383937597	-13.1443409526234
			13.4693383937597	-13.1804517794163
			13.4693383937597	-13.2165626062092
			13.4693383937597	-13.2526734330022
			13.4693383937597	-13.2887842597951
			13.4693383937597	-13.324895086588
			13.4693383937597	-13.3610059133809
			13.5054492205526	-13.3971167401739
			13.5054492205526	-13.4332275669668
			13.5054492205526	-13.4693383937597
			13.5054492205526	-13.5054492205526
			13.5054492205526	-13.5415600473455
			13.5054492205526	-13.5776708741385
			13.5054492205526	-13.6137817009314
			13.5054492205526	-13.6498925277243
			13.5054492205526	-13.6860033545172
			13.5054492205526	-13.7221141813101
			13.5054492205526	-13.7582250081031
			13.5054492205526	-13.794335834896
			13.5054492205526	-13.8304466616889
			13.5054492205526	-13.8665574884818
			13.5054492205526	-13.9026683152748
			13.5054492205526	-13.9387791420677
			13.5054492205526	-13.9748899688606
			13.5054492205526	-14.0110007956535
			13.5054492205526	-14.0471116224464
			13.5054492205526	-14.0832224492394
			13.5054492205526	-14.1193332760323
			13.5054492205526	-14.1554441028252
			13.5054492205526	-14.1915549296181
			13.5054492205526	-14.227665756411
			13.5054492205526	-14.263776583204
			13.5054492205526	-14.2998874099969
			13.5054492205526	-14.3359982367898
			13.5054492205526	-14.3721090635827
			13.5054492205526	-14.4082198903757
			13.5054492205526	-14.4443307171686
			13.5054492205526	-14.4804415439615
			13.5054492205526	-14.5165523707544
			13.5054492205526	-14.5526631975473
			13.5054492205526	-14.5887740243403
			13.5054492205526	-14.6248848511332
			13.5054492205526	-14.6609956779261
			13.5054492205526	-14.697106504719
			13.5054492205526	-14.7332173315119
			13.5054492205526	-14.7693281583049
			13.5054492205526	-14.8054389850978
			13.5054492205526	-14.8415498118907
			13.5054492205526	-14.8776606386836
			13.5054492205526	-14.9137714654766
			13.5054492205526	-14.9498822922695
			13.5054492205526	-14.9859931190624
			13.5054492205526	-15.0221039458553
			13.4693383937597	-15.0582147726482
			13.4693383937597	-15.0943255994412
			13.4693383937597	-15.1304364262341
			13.4693383937597	-15.166547253027
			13.4693383937597	-15.2026580798199
			13.4693383937597	-15.2387689066128
			13.4693383937597	-15.2748797334058
			13.4693383937597	-15.3109905601987
			13.4693383937597	-15.3471013869916
			13.4332275669668	-15.3832122137845
			13.4332275669668	-15.4193230405775
			13.4332275669668	-15.4554338673704
			13.4332275669668	-15.4915446941633
			13.4332275669668	-15.5276555209562
			13.4332275669668	-15.5637663477491
			13.4332275669668	-15.5998771745421
			13.3971167401739	-15.635988001335
			13.3971167401739	-15.6720988281279
			13.3971167401739	-15.7082096549208
			13.3971167401739	-15.7443204817137
			13.3971167401739	-15.7804313085067
			13.3971167401739	-15.8165421352996
			13.3971167401739	-15.8526529620925
			13.3971167401739	-15.8887637888854
			13.3610059133809	-15.9248746156784
			13.3610059133809	-15.9609854424713
			13.3610059133809	-15.9970962692642
			13.3610059133809	-16.0332070960571
			13.3610059133809	-16.06931792285
			13.3610059133809	-16.105428749643
			13.3610059133809	-16.1415395764359
			13.324895086588	-16.1776504032288
			13.324895086588	-16.2137612300217
			13.324895086588	-16.2498720568146
			13.324895086588	-16.2859828836076
			13.324895086588	-16.3220937104005
			13.324895086588	-16.3582045371934
			13.324895086588	-16.3943153639863
			13.2887842597951	-16.4304261907793
			13.2887842597951	-16.4665370175722
			13.2887842597951	-16.5026478443651
			13.2887842597951	-16.538758671158
			13.2526734330022	-16.5748694979509
			13.2526734330022	-16.6109803247439
			13.2526734330022	-16.6470911515368
			13.2526734330022	-16.6832019783297
			13.2526734330022	-16.7193128051226
			13.2526734330022	-16.7554236319155
			13.2165626062092	-16.7915344587085
			13.2165626062092	-16.8276452855014
			13.2165626062092	-16.8637561122943
			13.2165626062092	-16.8998669390872
			13.2165626062092	-16.9359777658802
			13.1804517794163	-16.9359777658802
			13.1804517794163	-16.9720885926731
			13.1804517794163	-17.008199419466
			13.1804517794163	-17.0443102462589
			13.1443409526234	-17.0804210730518
			13.1443409526234	-17.1165318998448
			13.1443409526234	-17.1526427266377
			13.1443409526234	-17.1887535534306
			13.1443409526234	-17.2248643802235
			13.1082301258305	-17.2248643802235
			13.1082301258305	-17.2609752070164
			13.1082301258305	-17.2970860338094
			13.1082301258305	-17.3331968606023
			13.0721192990376	-17.3693076873952
			13.0721192990376	-17.4054185141881
			13.0721192990376	-17.4415293409811
			13.0360084722446	-17.477640167774
			13.0360084722446	-17.5137509945669
			13.0360084722446	-17.5498618213598
			12.9998976454517	-17.5859726481527
			12.9998976454517	-17.6220834749457
			12.9998976454517	-17.6581943017386
			12.9637868186588	-17.6943051285315
			12.9637868186588	-17.7304159553244
			12.9276759918659	-17.7665267821173
			12.9276759918659	-17.8026376089103
			12.891565165073	-17.8387484357032
			12.891565165073	-17.8748592624961
			12.891565165073	-17.910970089289
			12.85545433828	-17.947080916082
			12.85545433828	-17.9831917428749
			12.8193435114871	-18.0193025696678
			12.8193435114871	-18.0554133964607
			12.8193435114871	-18.0915242232536
			12.7832326846942	-18.0915242232536
			12.7832326846942	-18.1276350500466
			12.7832326846942	-18.1637458768395
			12.8193435114871	-18.1998567036324
			12.85545433828	-18.2359675304253
			12.891565165073	-18.2359675304253
			12.9276759918659	-18.2359675304253
			12.9637868186588	-18.1998567036324
			12.9998976454517	-18.1998567036324
			13.0360084722446	-18.1637458768395
			13.0721192990376	-18.1637458768395
			13.1082301258305	-18.1276350500466
			13.1443409526234	-18.1276350500466
			13.1804517794163	-18.0915242232536
			13.2165626062092	-18.0915242232536
			13.2526734330022	-18.0554133964607
			13.2887842597951	-18.0193025696678
			13.324895086588	-18.0193025696678
			13.3610059133809	-17.9831917428749
			13.3971167401739	-17.947080916082
			13.4332275669668	-17.947080916082
			13.4693383937597	-17.910970089289
			13.5054492205526	-17.8748592624961
			13.5054492205526	-17.8387484357032
			13.5415600473455	-17.8026376089103
			13.5776708741385	-17.7665267821173
			13.5776708741385	-17.7304159553244
			13.6137817009314	-17.6943051285315
			13.6498925277243	-17.6581943017386
			13.6498925277243	-17.6220834749457
			13.6860033545172	-17.5859726481527
			13.6860033545172	-17.5498618213598
			13.7221141813101	-17.5137509945669
			13.7221141813101	-17.477640167774
			13.7582250081031	-17.4415293409811
			13.7582250081031	-17.4054185141881
			13.794335834896	-17.3693076873952
			13.794335834896	-17.3331968606023
			13.8304466616889	-17.2970860338094
			13.8304466616889	-17.2609752070164
			13.8665574884818	-17.2609752070164
			13.8665574884818	-17.2248643802235
			13.9026683152748	-17.1887535534306
			13.9026683152748	-17.1526427266377
			13.9387791420677	-17.1165318998448
			13.9387791420677	-17.0804210730518
			13.9748899688606	-17.0443102462589
			13.9748899688606	-17.008199419466
			14.0110007956535	-16.9720885926731
			14.0110007956535	-16.9359777658802
			14.0471116224464	-16.8998669390872
			14.0471116224464	-16.8637561122943
			14.0832224492394	-16.8276452855014
			14.0832224492394	-16.7915344587085
			14.1193332760323	-16.7554236319155
			14.1193332760323	-16.7193128051226
			14.1554441028252	-16.6832019783297
			14.1554441028252	-16.6470911515368
			14.1554441028252	-16.6109803247439
			14.1915549296181	-16.5748694979509
			14.1915549296181	-16.538758671158
			14.227665756411	-16.5026478443651
			14.227665756411	-16.4665370175722
			14.263776583204	-16.4304261907793
			14.2998874099969	-16.3943153639863
			14.2998874099969	-16.3582045371934
			14.2998874099969	-16.3220937104005
			14.2998874099969	-16.2859828836076
			14.3359982367898	-16.2859828836076
			14.3359982367898	-16.2498720568146
			14.3359982367898	-16.2137612300217
			14.3721090635827	-16.2137612300217
			14.3721090635827	-16.1776504032288
			14.3721090635827	-16.1415395764359
			14.4082198903757	-16.1415395764359
			14.4082198903757	-16.105428749643
			14.4082198903757	-16.06931792285
			14.4443307171686	-16.0332070960571
			14.4443307171686	-15.9970962692642
			14.4443307171686	-15.9609854424713
			14.4804415439615	-15.9248746156784
			14.4804415439615	-15.8887637888854
			14.5165523707544	-15.8526529620925
			14.5165523707544	-15.8165421352996
			14.5526631975473	-15.7804313085067
			14.5526631975473	-15.7443204817137
			14.5526631975473	-15.7082096549208
			14.5887740243403	-15.6720988281279
			14.5887740243403	-15.635988001335
			14.6248848511332	-15.5998771745421
			14.6248848511332	-15.5637663477491
			14.6248848511332	-15.5276555209562
			14.6609956779261	-15.4915446941633
			14.6609956779261	-15.4554338673704
			14.6609956779261	-15.4193230405775
			14.697106504719	-15.3832122137845
			14.697106504719	-15.3471013869916
			14.7332173315119	-15.3109905601987
			14.7332173315119	-15.2748797334058
			14.7332173315119	-15.2387689066128
			14.7693281583049	-15.2026580798199
			14.7693281583049	-15.166547253027
			14.7693281583049	-15.1304364262341
			14.8054389850978	-15.0943255994412
			14.8054389850978	-15.0582147726482
			14.8054389850978	-15.0221039458553
			14.8415498118907	-14.9859931190624
			14.8415498118907	-14.9498822922695
			14.8415498118907	-14.9137714654766
			14.8415498118907	-14.8776606386836
			14.8776606386836	-14.8415498118907
			14.8776606386836	-14.8054389850978
			14.8776606386836	-14.7693281583049
			14.9137714654766	-14.7332173315119
			14.9137714654766	-14.697106504719
			14.9137714654766	-14.6609956779261
			14.9498822922695	-14.6248848511332
			14.9498822922695	-14.5887740243403
			14.9498822922695	-14.5526631975473
			14.9498822922695	-14.5165523707544
			14.9859931190624	-14.4804415439615
			14.9859931190624	-14.4443307171686
			14.9859931190624	-14.4082198903757
			14.9859931190624	-14.3721090635827
			15.0221039458553	-14.3359982367898
			15.0221039458553	-14.2998874099969
			15.0221039458553	-14.263776583204
			15.0582147726482	-14.227665756411
			15.0582147726482	-14.1915549296181
			15.0582147726482	-14.1554441028252
			15.0582147726482	-14.1193332760323
			15.0943255994412	-14.0832224492394
			15.0943255994412	-14.0471116224464
			15.0943255994412	-14.0110007956535
			15.0943255994412	-13.9748899688606
			15.1304364262341	-13.9387791420677
			15.1304364262341	-13.9026683152748
			15.1304364262341	-13.8665574884818
			15.1304364262341	-13.8304466616889
			15.1304364262341	-13.794335834896
			15.166547253027	-13.7582250081031
			15.166547253027	-13.7221141813101
			15.166547253027	-13.6860033545172
			15.166547253027	-13.6498925277243
			15.2026580798199	-13.6137817009314
			15.2026580798199	-13.5776708741385
			15.2026580798199	-13.5415600473455
			15.2026580798199	-13.5054492205526
			15.2026580798199	-13.4693383937597
			15.2026580798199	-13.4332275669668
			15.2387689066128	-13.3971167401739
			15.2387689066128	-13.3610059133809
			15.2387689066128	-13.324895086588
			15.2387689066128	-13.2887842597951
			15.2387689066128	-13.2526734330022
			15.2748797334058	-13.2165626062092
			15.2748797334058	-13.1804517794163
			15.2748797334058	-13.1443409526234
			15.2748797334058	-13.1082301258305
			15.2748797334058	-13.0721192990376
			15.2748797334058	-13.0360084722446
			15.3109905601987	-12.9998976454517
			15.3109905601987	-12.9637868186588
			15.3109905601987	-12.9276759918659
			15.3109905601987	-12.891565165073
			15.3109905601987	-12.85545433828
			15.3109905601987	-12.8193435114871
			15.3109905601987	-12.7832326846942
			15.3471013869916	-12.7471218579013
			15.3471013869916	-12.7110110311083
			15.3471013869916	-12.6749002043154
			15.3471013869916	-12.6387893775225
			15.3471013869916	-12.6026785507296
			15.3471013869916	-12.5665677239367
			15.3471013869916	-12.5304568971437
			15.3471013869916	-12.4943460703508
			15.3832122137845	-12.4582352435579
			15.3832122137845	-12.422124416765
			15.3832122137845	-12.3860135899721
			15.3832122137845	-12.3499027631791
			15.3832122137845	-12.3137919363862
			15.3832122137845	-12.2776811095933
			15.3832122137845	-12.2415702828004
			15.3832122137845	-12.2054594560074
			15.3832122137845	-12.1693486292145
			15.3832122137845	-12.1332378024216
			15.3832122137845	-12.0971269756287
			15.4193230405775	-12.0610161488358
			15.4193230405775	-12.0249053220428
			15.4193230405775	-11.9887944952499
			15.4193230405775	-11.952683668457
			15.4193230405775	-11.9165728416641
			15.4193230405775	-11.8804620148712
			15.4193230405775	-11.8443511880782
			15.4193230405775	-11.8082403612853
			15.4193230405775	-11.7721295344924
			15.4193230405775	-11.7360187076995
			15.4193230405775	-11.6999078809065
			15.4193230405775	-11.6637970541136
			15.4193230405775	-11.6276862273207
			15.4193230405775	-11.5915754005278
			15.4193230405775	-11.5554645737349
			15.4193230405775	-11.5193537469419
			15.4193230405775	-11.483242920149
			15.4193230405775	-11.4471320933561
			15.4193230405775	-11.4110212665632
			15.4193230405775	-11.3749104397703
			15.4554338673704	-11.3387996129773
			15.4554338673704	-11.3026887861844
			15.4554338673704	-11.2665779593915
			15.4554338673704	-11.2304671325986
			15.4554338673704	-11.1943563058056
			15.4554338673704	-11.1582454790127
			15.4554338673704	-11.1221346522198
			15.4554338673704	-11.0860238254269
			15.4554338673704	-11.049912998634
			15.4554338673704	-11.013802171841
			15.4554338673704	-10.9776913450481
			15.4554338673704	-10.9415805182552
			15.4554338673704	-10.9054696914623
			15.4193230405775	-10.8693588646694
			15.4193230405775	-10.8332480378764
			15.4193230405775	-10.7971372110835
			15.4193230405775	-10.7610263842906
			15.4193230405775	-10.7249155574977
			15.4193230405775	-10.6888047307047
			15.4193230405775	-10.6526939039118
			15.4193230405775	-10.6165830771189
			15.4193230405775	-10.580472250326
			15.4193230405775	-10.5443614235331
			15.4193230405775	-10.5082505967401
			15.4193230405775	-10.4721397699472
			15.4193230405775	-10.4360289431543
			15.4193230405775	-10.3999181163614
		</posterior>
	</curves.scaled>
	<ruler.points type=matrix rownames=TRUE colnames=FALSE nrow=2 ncol=2 as.numeric=TRUE >
		Ruler point 1	14	250
		Ruler point 2	13	502
	</ruler.points>
</shapes>

