<shapes type=list>
	<ruler.pixel type=vector names=FALSE length=1 as.numeric=TRUE >289</ruler.pixel>
	<ruler.interval type=vector names=FALSE length=1 as.numeric=TRUE >15.6</ruler.interval>
	<scaling.units type=vector names=FALSE length=1 as.numeric=FALSE >mm</scaling.units>
	<scaling type=vector names=FALSE length=1 as.numeric=TRUE >0.0539792387543253</scaling>
	<landmarks.pixel type=matrix rownames=TRUE colnames=FALSE nrow=16 ncol=2 as.numeric=TRUE >
		LM1	143	7
		LM2	143	7
		LM3	141	183
		LM4	141	219
		LM5	234	75
		LM6	206	202
		LM7	205	217
		LM8	250	99
		LM9	258	127
		LM10	143	7
		LM11	284	135
		LM12	299	141
		LM13	143	7
		LM14	265	114
		LM15	332	219
		LM16	321	222
	</landmarks.pixel>
	<landmarks.scaled type=matrix rownames=TRUE colnames=FALSE nrow=16 ncol=2 as.numeric=TRUE >
		LM1	7.71903114186851	-0.377854671280277
		LM2	7.71903114186851	-0.377854671280277
		LM3	7.61107266435986	-9.87820069204152
		LM4	7.61107266435986	-11.8214532871972
		LM5	12.6311418685121	-4.04844290657439
		LM6	11.119723183391	-10.9038062283737
		LM7	11.0657439446367	-11.7134948096886
		LM8	13.4948096885813	-5.3439446366782
		LM9	13.9266435986159	-6.85536332179931
		LM10	7.71903114186851	-0.377854671280277
		LM11	15.3301038062284	-7.28719723183391
		LM12	16.1397923875433	-7.61107266435986
		LM13	7.71903114186851	-0.377854671280277
		LM14	14.3044982698962	-6.15363321799308
		LM15	17.921107266436	-11.8214532871972
		LM16	17.3273356401384	-11.9833910034602
	</landmarks.scaled>
	<curves.control type=list>
		<glabella type=matrix rownames=FALSE colnames=FALSE nrow=11 ncol=2 as.numeric=TRUE >
			143	7
			199	12
			231	64
			237	86
			225	94
			224	107
			220	124
			212	149
			211	186
			205	208
			205	217
		</glabella>
		<suture type=matrix rownames=FALSE colnames=FALSE nrow=11 ncol=2 as.numeric=TRUE >
			143	7
			211	15
			233	72
			231	97
			243	103
			266	109
			255	127
			247	131
			263	137
			281	132
			299	141
		</suture>
		<anterior type=matrix rownames=FALSE colnames=FALSE nrow=11 ncol=2 as.numeric=TRUE >
			143	7
			193	14
			221	42
			243	60
			254	82
			258	90
			276	109
			304	143
			309	156
			328	198
			332	219
		</anterior>
		<posterior type=matrix rownames=FALSE colnames=FALSE nrow=19 ncol=2 as.numeric=TRUE >
			141	219
			168	221
			191	220
			205	218
			202	218
			210	216
			221	217
			241	213
			256	210
			268	209
			278	213
			295	214
			310	200
			314	200
			322	207
			330	218
			326	229
			331	227
			332	219
		</posterior>
	</curves.control>
	<curves.pixel type=list>
		<glabella type=matrix rownames=FALSE colnames=FALSE nrow=255 ncol=2 as.numeric=TRUE >
			143	7
			144	7
			145	7
			146	7
			147	7
			148	8
			149	8
			150	8
			151	8
			152	8
			153	8
			154	8
			155	9
			156	9
			157	9
			158	9
			159	10
			160	10
			161	10
			162	10
			163	11
			164	11
			165	11
			166	11
			167	12
			168	12
			169	12
			170	13
			171	13
			172	13
			173	14
			174	14
			175	14
			176	15
			177	15
			178	16
			179	16
			180	16
			181	17
			182	17
			182	18
			183	18
			184	19
			185	19
			186	20
			187	20
			188	21
			189	21
			190	22
			191	23
			192	23
			193	24
			194	25
			195	25
			196	26
			197	27
			198	28
			199	28
			200	29
			201	30
			202	31
			203	31
			204	32
			205	33
			206	34
			207	35
			208	35
			209	36
			210	37
			211	38
			212	39
			213	40
			213	41
			214	42
			215	43
			216	44
			217	45
			218	46
			219	47
			219	48
			220	49
			221	50
			222	51
			223	52
			224	53
			224	54
			225	55
			226	56
			226	57
			227	58
			228	59
			228	60
			229	61
			230	62
			230	63
			231	63
			231	64
			231	65
			231	66
			232	66
			232	67
			232	68
			232	69
			232	70
			233	71
			233	72
			233	73
			233	74
			233	75
			233	76
			233	77
			233	78
			233	79
			233	80
			233	81
			233	82
			232	83
			232	84
			232	85
			232	86
			231	87
			230	88
			230	89
			229	90
			228	91
			228	92
			227	92
			226	93
			226	94
			225	94
			225	95
			225	96
			225	97
			225	98
			225	99
			224	100
			224	101
			224	102
			224	103
			224	104
			224	105
			224	106
			223	107
			223	108
			223	109
			223	110
			223	111
			223	112
			222	113
			222	114
			222	115
			222	116
			222	117
			221	117
			221	118
			221	119
			221	120
			221	121
			221	122
			220	123
			220	124
			220	125
			219	126
			219	127
			219	128
			219	129
			218	130
			218	131
			218	132
			218	133
			217	134
			217	135
			217	136
			217	137
			216	138
			216	139
			216	140
			216	141
			216	142
			215	143
			215	144
			215	145
			215	146
			215	147
			214	148
			214	149
			214	150
			214	151
			214	152
			214	153
			213	154
			213	155
			213	156
			213	157
			213	158
			213	159
			213	160
			213	161
			212	162
			212	163
			212	164
			212	165
			212	166
			212	167
			212	168
			212	169
			212	170
			212	171
			212	172
			212	173
			212	174
			211	175
			211	176
			211	177
			211	178
			211	179
			211	180
			211	181
			211	182
			211	183
			211	184
			211	185
			211	186
			211	187
			211	188
			210	189
			210	190
			210	191
			209	192
			209	193
			209	194
			209	195
			208	196
			208	197
			208	198
			208	199
			207	200
			207	201
			207	202
			207	203
			207	204
			207	205
			206	206
			206	207
			206	208
			206	209
			206	210
			206	211
			205	211
			205	212
			205	213
			205	214
			205	215
			205	216
			205	217
		</glabella>
		<suture type=matrix rownames=FALSE colnames=FALSE nrow=222 ncol=2 as.numeric=TRUE >
			143	7
			144	7
			145	7
			146	7
			147	8
			148	8
			149	8
			150	8
			151	8
			152	8
			153	8
			154	9
			155	9
			156	9
			157	9
			158	9
			159	10
			160	10
			161	10
			162	11
			163	11
			164	11
			165	11
			166	11
			167	12
			168	12
			169	12
			170	13
			171	13
			172	13
			173	14
			174	14
			175	14
			176	15
			177	15
			178	16
			179	16
			180	17
			181	17
			182	17
			183	18
			184	18
			185	19
			186	19
			187	20
			188	20
			189	21
			190	21
			191	22
			192	22
			193	23
			194	23
			195	24
			196	25
			197	26
			198	26
			199	27
			200	28
			201	29
			202	29
			203	30
			204	31
			205	32
			206	33
			207	33
			208	34
			209	35
			210	36
			211	37
			212	38
			212	39
			213	39
			214	40
			215	41
			216	42
			217	43
			217	44
			218	45
			219	46
			220	47
			220	48
			221	49
			222	50
			222	51
			223	52
			224	53
			224	54
			225	55
			225	56
			226	57
			227	58
			227	59
			228	60
			228	61
			228	62
			229	62
			229	63
			230	64
			230	65
			230	66
			231	67
			231	68
			232	69
			232	70
			233	71
			233	72
			233	73
			233	74
			233	75
			233	76
			233	77
			233	78
			233	79
			233	80
			233	81
			233	82
			233	83
			233	84
			233	85
			233	86
			233	87
			233	88
			234	89
			234	90
			234	91
			234	92
			235	93
			235	94
			236	95
			236	96
			237	97
			237	98
			238	99
			239	100
			240	101
			241	102
			242	102
			243	103
			244	103
			245	104
			246	104
			247	104
			248	105
			249	105
			250	105
			251	106
			252	106
			252	107
			253	107
			254	108
			255	109
			256	110
			257	111
			257	112
			258	113
			258	114
			258	115
			259	116
			259	117
			258	118
			258	119
			258	120
			258	121
			257	122
			257	123
			257	124
			256	124
			256	125
			256	126
			255	127
			254	128
			253	128
			253	129
			252	130
			252	131
			253	131
			254	132
			255	133
			256	134
			257	135
			258	135
			259	135
			260	136
			261	136
			262	137
			263	137
			264	137
			265	137
			266	136
			267	136
			268	136
			269	136
			270	136
			271	135
			272	135
			273	135
			274	135
			275	135
			276	135
			277	135
			278	135
			279	135
			280	135
			281	136
			282	136
			283	136
			284	136
			285	136
			286	136
			287	137
			288	137
			289	137
			290	137
			291	138
			292	138
			293	138
			294	139
			295	139
			296	140
			297	140
			298	141
			299	141
		</suture>
		<anterior type=matrix rownames=FALSE colnames=FALSE nrow=274 ncol=2 as.numeric=TRUE >
			143	7
			144	7
			145	7
			146	7
			147	8
			148	8
			149	8
			150	8
			151	8
			152	8
			153	9
			154	9
			155	9
			156	9
			157	9
			158	10
			159	10
			160	10
			161	10
			162	11
			163	11
			164	11
			165	11
			166	12
			167	12
			168	12
			169	12
			170	13
			171	13
			172	13
			173	14
			174	14
			175	15
			176	15
			177	15
			178	15
			178	16
			179	16
			180	16
			181	16
			182	17
			183	17
			184	18
			185	18
			186	19
			187	19
			188	19
			189	20
			190	20
			191	21
			192	21
			193	22
			194	23
			195	23
			196	24
			197	24
			198	25
			199	25
			200	26
			201	26
			202	27
			203	27
			203	28
			204	28
			205	29
			206	30
			207	30
			208	31
			209	31
			209	32
			210	33
			211	33
			212	34
			213	35
			214	35
			214	36
			215	37
			216	37
			217	38
			217	39
			218	39
			219	40
			220	41
			221	42
			222	43
			223	44
			224	45
			225	46
			226	46
			226	47
			227	47
			228	48
			229	49
			230	50
			231	51
			232	52
			233	53
			234	54
			235	55
			236	56
			237	57
			237	58
			238	59
			239	59
			240	60
			240	61
			241	62
			242	63
			243	64
			243	65
			244	66
			245	67
			245	68
			246	68
			247	69
			247	70
			248	71
			248	72
			249	73
			250	74
			250	75
			251	76
			251	77
			252	78
			252	79
			253	80
			253	81
			254	82
			254	83
			255	83
			255	84
			256	85
			256	86
			257	87
			258	88
			259	89
			259	90
			260	91
			261	92
			262	93
			262	94
			263	95
			264	95
			264	96
			265	97
			266	98
			267	99
			267	100
			268	100
			269	101
			270	102
			271	103
			271	104
			272	105
			273	106
			274	107
			275	108
			276	109
			277	110
			278	111
			279	112
			279	113
			280	114
			281	115
			282	116
			283	117
			284	118
			284	119
			285	120
			286	121
			287	122
			287	123
			288	124
			289	125
			290	126
			290	127
			291	128
			292	129
			292	130
			293	130
			294	131
			294	132
			295	133
			295	134
			296	135
			297	135
			297	136
			298	137
			298	138
			299	138
			299	139
			300	140
			300	141
			301	141
			301	142
			302	143
			303	144
			303	145
			304	146
			304	147
			305	148
			306	149
			306	150
			307	151
			307	152
			307	153
			308	153
			308	154
			308	155
			309	155
			309	156
			309	157
			310	158
			310	159
			311	160
			311	161
			312	162
			312	163
			313	164
			313	165
			314	166
			314	167
			314	168
			315	169
			315	170
			316	171
			316	172
			316	173
			317	174
			317	175
			318	176
			318	177
			319	178
			319	179
			320	180
			320	181
			320	182
			321	183
			321	184
			321	185
			322	186
			322	187
			323	188
			323	189
			323	190
			324	191
			324	192
			324	193
			325	194
			325	195
			325	196
			326	197
			326	198
			327	199
			327	200
			327	201
			328	202
			328	203
			328	204
			328	205
			329	206
			329	207
			329	208
			330	209
			330	210
			330	211
			330	212
			331	213
			331	214
			331	215
			331	216
			332	217
			332	218
			332	219
		</anterior>
		<posterior type=matrix rownames=FALSE colnames=FALSE nrow=220 ncol=2 as.numeric=TRUE >
			141	219
			142	219
			143	219
			144	219
			145	219
			146	219
			147	219
			148	219
			149	220
			150	220
			151	220
			152	220
			153	220
			154	220
			155	220
			156	220
			157	220
			158	220
			159	220
			160	220
			161	220
			162	220
			163	220
			164	220
			165	220
			166	220
			167	220
			168	220
			169	220
			170	220
			171	220
			172	220
			173	220
			174	220
			175	220
			176	220
			177	220
			178	220
			179	220
			180	220
			181	220
			182	220
			183	220
			184	220
			185	220
			186	220
			187	220
			188	220
			189	220
			190	220
			191	220
			192	220
			193	220
			194	220
			195	219
			196	219
			197	219
			198	219
			199	219
			200	219
			201	218
			202	218
			203	218
			202	218
			203	218
			204	218
			205	217
			206	217
			207	217
			208	217
			209	217
			210	217
			211	217
			212	217
			213	217
			214	217
			215	217
			216	217
			217	217
			218	217
			219	217
			220	217
			221	217
			222	217
			223	217
			224	216
			225	216
			226	216
			227	216
			228	216
			229	215
			230	215
			231	215
			232	215
			233	215
			234	214
			235	214
			236	214
			237	214
			238	214
			239	213
			240	213
			241	213
			242	213
			243	213
			244	212
			245	212
			246	212
			247	212
			248	212
			249	211
			250	211
			251	211
			252	211
			253	211
			254	210
			255	210
			256	210
			257	210
			258	210
			259	210
			260	210
			261	210
			262	210
			263	210
			264	210
			265	210
			266	210
			267	210
			268	210
			269	210
			269	211
			270	211
			271	211
			272	211
			273	211
			274	212
			275	212
			276	212
			277	213
			278	213
			279	213
			280	213
			281	213
			282	213
			283	213
			284	213
			285	213
			286	213
			287	212
			288	212
			289	212
			290	212
			291	211
			292	211
			293	211
			294	210
			295	210
			296	210
			297	209
			298	209
			299	208
			300	208
			301	207
			302	206
			303	206
			304	205
			305	205
			305	204
			306	203
			307	202
			308	202
			309	201
			310	200
			311	200
			312	200
			313	201
			314	201
			315	202
			316	202
			317	203
			318	204
			319	204
			320	205
			321	206
			322	207
			323	208
			323	209
			324	210
			324	211
			325	212
			325	213
			326	214
			326	215
			326	216
			327	216
			327	217
			327	218
			327	219
			327	220
			327	221
			327	222
			327	223
			327	224
			327	225
			327	226
			327	227
			326	228
			326	229
			327	229
			328	228
			329	227
			330	226
			330	225
			331	224
			331	223
			331	222
			332	221
			332	220
			332	219
		</posterior>
	</curves.pixel>
	<curves.scaled type=list>
		<glabella type=matrix rownames=FALSE colnames=FALSE nrow=255 ncol=2 as.numeric=TRUE >
			7.71903114186851	-0.377854671280277
			7.77301038062284	-0.377854671280277
			7.82698961937716	-0.377854671280277
			7.88096885813149	-0.377854671280277
			7.93494809688581	-0.377854671280277
			7.98892733564014	-0.431833910034602
			8.04290657439446	-0.431833910034602
			8.09688581314879	-0.431833910034602
			8.15086505190311	-0.431833910034602
			8.20484429065744	-0.431833910034602
			8.25882352941177	-0.431833910034602
			8.31280276816609	-0.431833910034602
			8.36678200692042	-0.485813148788927
			8.42076124567474	-0.485813148788927
			8.47474048442907	-0.485813148788927
			8.52871972318339	-0.485813148788927
			8.58269896193772	-0.539792387543253
			8.63667820069204	-0.539792387543253
			8.69065743944637	-0.539792387543253
			8.74463667820069	-0.539792387543253
			8.79861591695502	-0.593771626297578
			8.85259515570934	-0.593771626297578
			8.90657439446367	-0.593771626297578
			8.96055363321799	-0.593771626297578
			9.01453287197232	-0.647750865051903
			9.06851211072664	-0.647750865051903
			9.12249134948097	-0.647750865051903
			9.17647058823529	-0.701730103806228
			9.23044982698962	-0.701730103806228
			9.28442906574394	-0.701730103806228
			9.33840830449827	-0.755709342560554
			9.3923875432526	-0.755709342560554
			9.44636678200692	-0.755709342560554
			9.50034602076125	-0.809688581314879
			9.55432525951557	-0.809688581314879
			9.6083044982699	-0.863667820069204
			9.66228373702422	-0.863667820069204
			9.71626297577855	-0.863667820069204
			9.77024221453287	-0.917647058823529
			9.8242214532872	-0.917647058823529
			9.8242214532872	-0.971626297577855
			9.87820069204152	-0.971626297577855
			9.93217993079585	-1.02560553633218
			9.98615916955017	-1.02560553633218
			10.0401384083045	-1.07958477508651
			10.0941176470588	-1.07958477508651
			10.1480968858131	-1.13356401384083
			10.2020761245675	-1.13356401384083
			10.2560553633218	-1.18754325259516
			10.3100346020761	-1.24152249134948
			10.3640138408305	-1.24152249134948
			10.4179930795848	-1.29550173010381
			10.4719723183391	-1.34948096885813
			10.5259515570934	-1.34948096885813
			10.5799307958478	-1.40346020761246
			10.6339100346021	-1.45743944636678
			10.6878892733564	-1.51141868512111
			10.7418685121107	-1.51141868512111
			10.7958477508651	-1.56539792387543
			10.8498269896194	-1.61937716262976
			10.9038062283737	-1.67335640138408
			10.957785467128	-1.67335640138408
			11.0117647058824	-1.72733564013841
			11.0657439446367	-1.78131487889273
			11.119723183391	-1.83529411764706
			11.1737024221453	-1.88927335640138
			11.2276816608997	-1.88927335640138
			11.281660899654	-1.94325259515571
			11.3356401384083	-1.99723183391003
			11.3896193771626	-2.05121107266436
			11.443598615917	-2.10519031141868
			11.4975778546713	-2.15916955017301
			11.4975778546713	-2.21314878892734
			11.5515570934256	-2.26712802768166
			11.6055363321799	-2.32110726643599
			11.6595155709343	-2.37508650519031
			11.7134948096886	-2.42906574394464
			11.7674740484429	-2.48304498269896
			11.8214532871972	-2.53702422145329
			11.8214532871972	-2.59100346020761
			11.8754325259516	-2.64498269896194
			11.9294117647059	-2.69896193771626
			11.9833910034602	-2.75294117647059
			12.0373702422145	-2.80692041522491
			12.0913494809689	-2.86089965397924
			12.0913494809689	-2.91487889273356
			12.1453287197232	-2.96885813148789
			12.1993079584775	-3.02283737024221
			12.1993079584775	-3.07681660899654
			12.2532871972318	-3.13079584775087
			12.3072664359862	-3.18477508650519
			12.3072664359862	-3.23875432525952
			12.3612456747405	-3.29273356401384
			12.4152249134948	-3.34671280276817
			12.4152249134948	-3.40069204152249
			12.4692041522491	-3.40069204152249
			12.4692041522491	-3.45467128027682
			12.4692041522491	-3.50865051903114
			12.4692041522491	-3.56262975778547
			12.5231833910035	-3.56262975778547
			12.5231833910035	-3.61660899653979
			12.5231833910035	-3.67058823529412
			12.5231833910035	-3.72456747404844
			12.5231833910035	-3.77854671280277
			12.5771626297578	-3.83252595155709
			12.5771626297578	-3.88650519031142
			12.5771626297578	-3.94048442906574
			12.5771626297578	-3.99446366782007
			12.5771626297578	-4.04844290657439
			12.5771626297578	-4.10242214532872
			12.5771626297578	-4.15640138408305
			12.5771626297578	-4.21038062283737
			12.5771626297578	-4.2643598615917
			12.5771626297578	-4.31833910034602
			12.5771626297578	-4.37231833910035
			12.5771626297578	-4.42629757785467
			12.5231833910035	-4.480276816609
			12.5231833910035	-4.53425605536332
			12.5231833910035	-4.58823529411765
			12.5231833910035	-4.64221453287197
			12.4692041522491	-4.6961937716263
			12.4152249134948	-4.75017301038062
			12.4152249134948	-4.80415224913495
			12.3612456747405	-4.85813148788927
			12.3072664359862	-4.9121107266436
			12.3072664359862	-4.96608996539792
			12.2532871972318	-4.96608996539792
			12.1993079584775	-5.02006920415225
			12.1993079584775	-5.07404844290657
			12.1453287197232	-5.07404844290657
			12.1453287197232	-5.1280276816609
			12.1453287197232	-5.18200692041523
			12.1453287197232	-5.23598615916955
			12.1453287197232	-5.28996539792388
			12.1453287197232	-5.3439446366782
			12.0913494809689	-5.39792387543253
			12.0913494809689	-5.45190311418685
			12.0913494809689	-5.50588235294118
			12.0913494809689	-5.5598615916955
			12.0913494809689	-5.61384083044983
			12.0913494809689	-5.66782006920415
			12.0913494809689	-5.72179930795848
			12.0373702422145	-5.7757785467128
			12.0373702422145	-5.82975778546713
			12.0373702422145	-5.88373702422145
			12.0373702422145	-5.93771626297578
			12.0373702422145	-5.9916955017301
			12.0373702422145	-6.04567474048443
			11.9833910034602	-6.09965397923875
			11.9833910034602	-6.15363321799308
			11.9833910034602	-6.20761245674741
			11.9833910034602	-6.26159169550173
			11.9833910034602	-6.31557093425606
			11.9294117647059	-6.31557093425606
			11.9294117647059	-6.36955017301038
			11.9294117647059	-6.42352941176471
			11.9294117647059	-6.47750865051903
			11.9294117647059	-6.53148788927336
			11.9294117647059	-6.58546712802768
			11.8754325259516	-6.63944636678201
			11.8754325259516	-6.69342560553633
			11.8754325259516	-6.74740484429066
			11.8214532871972	-6.80138408304498
			11.8214532871972	-6.85536332179931
			11.8214532871972	-6.90934256055363
			11.8214532871972	-6.96332179930796
			11.7674740484429	-7.01730103806228
			11.7674740484429	-7.07128027681661
			11.7674740484429	-7.12525951557093
			11.7674740484429	-7.17923875432526
			11.7134948096886	-7.23321799307958
			11.7134948096886	-7.28719723183391
			11.7134948096886	-7.34117647058824
			11.7134948096886	-7.39515570934256
			11.6595155709343	-7.44913494809689
			11.6595155709343	-7.50311418685121
			11.6595155709343	-7.55709342560554
			11.6595155709343	-7.61107266435986
			11.6595155709343	-7.66505190311419
			11.6055363321799	-7.71903114186851
			11.6055363321799	-7.77301038062284
			11.6055363321799	-7.82698961937716
			11.6055363321799	-7.88096885813149
			11.6055363321799	-7.93494809688581
			11.5515570934256	-7.98892733564014
			11.5515570934256	-8.04290657439446
			11.5515570934256	-8.09688581314879
			11.5515570934256	-8.15086505190311
			11.5515570934256	-8.20484429065744
			11.5515570934256	-8.25882352941177
			11.4975778546713	-8.31280276816609
			11.4975778546713	-8.36678200692042
			11.4975778546713	-8.42076124567474
			11.4975778546713	-8.47474048442907
			11.4975778546713	-8.52871972318339
			11.4975778546713	-8.58269896193772
			11.4975778546713	-8.63667820069204
			11.4975778546713	-8.69065743944637
			11.443598615917	-8.74463667820069
			11.443598615917	-8.79861591695502
			11.443598615917	-8.85259515570934
			11.443598615917	-8.90657439446367
			11.443598615917	-8.96055363321799
			11.443598615917	-9.01453287197232
			11.443598615917	-9.06851211072664
			11.443598615917	-9.12249134948097
			11.443598615917	-9.17647058823529
			11.443598615917	-9.23044982698962
			11.443598615917	-9.28442906574394
			11.443598615917	-9.33840830449827
			11.443598615917	-9.3923875432526
			11.3896193771626	-9.44636678200692
			11.3896193771626	-9.50034602076125
			11.3896193771626	-9.55432525951557
			11.3896193771626	-9.6083044982699
			11.3896193771626	-9.66228373702422
			11.3896193771626	-9.71626297577855
			11.3896193771626	-9.77024221453287
			11.3896193771626	-9.8242214532872
			11.3896193771626	-9.87820069204152
			11.3896193771626	-9.93217993079585
			11.3896193771626	-9.98615916955017
			11.3896193771626	-10.0401384083045
			11.3896193771626	-10.0941176470588
			11.3896193771626	-10.1480968858131
			11.3356401384083	-10.2020761245675
			11.3356401384083	-10.2560553633218
			11.3356401384083	-10.3100346020761
			11.281660899654	-10.3640138408305
			11.281660899654	-10.4179930795848
			11.281660899654	-10.4719723183391
			11.281660899654	-10.5259515570934
			11.2276816608997	-10.5799307958478
			11.2276816608997	-10.6339100346021
			11.2276816608997	-10.6878892733564
			11.2276816608997	-10.7418685121107
			11.1737024221453	-10.7958477508651
			11.1737024221453	-10.8498269896194
			11.1737024221453	-10.9038062283737
			11.1737024221453	-10.957785467128
			11.1737024221453	-11.0117647058824
			11.1737024221453	-11.0657439446367
			11.119723183391	-11.119723183391
			11.119723183391	-11.1737024221453
			11.119723183391	-11.2276816608997
			11.119723183391	-11.281660899654
			11.119723183391	-11.3356401384083
			11.119723183391	-11.3896193771626
			11.0657439446367	-11.3896193771626
			11.0657439446367	-11.443598615917
			11.0657439446367	-11.4975778546713
			11.0657439446367	-11.5515570934256
			11.0657439446367	-11.6055363321799
			11.0657439446367	-11.6595155709343
			11.0657439446367	-11.7134948096886
		</glabella>
		<suture type=matrix rownames=FALSE colnames=FALSE nrow=222 ncol=2 as.numeric=TRUE >
			7.71903114186851	-0.377854671280277
			7.77301038062284	-0.377854671280277
			7.82698961937716	-0.377854671280277
			7.88096885813149	-0.377854671280277
			7.93494809688581	-0.431833910034602
			7.98892733564014	-0.431833910034602
			8.04290657439446	-0.431833910034602
			8.09688581314879	-0.431833910034602
			8.15086505190311	-0.431833910034602
			8.20484429065744	-0.431833910034602
			8.25882352941177	-0.431833910034602
			8.31280276816609	-0.485813148788927
			8.36678200692042	-0.485813148788927
			8.42076124567474	-0.485813148788927
			8.47474048442907	-0.485813148788927
			8.52871972318339	-0.485813148788927
			8.58269896193772	-0.539792387543253
			8.63667820069204	-0.539792387543253
			8.69065743944637	-0.539792387543253
			8.74463667820069	-0.593771626297578
			8.79861591695502	-0.593771626297578
			8.85259515570934	-0.593771626297578
			8.90657439446367	-0.593771626297578
			8.96055363321799	-0.593771626297578
			9.01453287197232	-0.647750865051903
			9.06851211072664	-0.647750865051903
			9.12249134948097	-0.647750865051903
			9.17647058823529	-0.701730103806228
			9.23044982698962	-0.701730103806228
			9.28442906574394	-0.701730103806228
			9.33840830449827	-0.755709342560554
			9.3923875432526	-0.755709342560554
			9.44636678200692	-0.755709342560554
			9.50034602076125	-0.809688581314879
			9.55432525951557	-0.809688581314879
			9.6083044982699	-0.863667820069204
			9.66228373702422	-0.863667820069204
			9.71626297577855	-0.917647058823529
			9.77024221453287	-0.917647058823529
			9.8242214532872	-0.917647058823529
			9.87820069204152	-0.971626297577855
			9.93217993079585	-0.971626297577855
			9.98615916955017	-1.02560553633218
			10.0401384083045	-1.02560553633218
			10.0941176470588	-1.07958477508651
			10.1480968858131	-1.07958477508651
			10.2020761245675	-1.13356401384083
			10.2560553633218	-1.13356401384083
			10.3100346020761	-1.18754325259516
			10.3640138408305	-1.18754325259516
			10.4179930795848	-1.24152249134948
			10.4719723183391	-1.24152249134948
			10.5259515570934	-1.29550173010381
			10.5799307958478	-1.34948096885813
			10.6339100346021	-1.40346020761246
			10.6878892733564	-1.40346020761246
			10.7418685121107	-1.45743944636678
			10.7958477508651	-1.51141868512111
			10.8498269896194	-1.56539792387543
			10.9038062283737	-1.56539792387543
			10.957785467128	-1.61937716262976
			11.0117647058824	-1.67335640138408
			11.0657439446367	-1.72733564013841
			11.119723183391	-1.78131487889273
			11.1737024221453	-1.78131487889273
			11.2276816608997	-1.83529411764706
			11.281660899654	-1.88927335640138
			11.3356401384083	-1.94325259515571
			11.3896193771626	-1.99723183391003
			11.443598615917	-2.05121107266436
			11.443598615917	-2.10519031141868
			11.4975778546713	-2.10519031141868
			11.5515570934256	-2.15916955017301
			11.6055363321799	-2.21314878892734
			11.6595155709343	-2.26712802768166
			11.7134948096886	-2.32110726643599
			11.7134948096886	-2.37508650519031
			11.7674740484429	-2.42906574394464
			11.8214532871972	-2.48304498269896
			11.8754325259516	-2.53702422145329
			11.8754325259516	-2.59100346020761
			11.9294117647059	-2.64498269896194
			11.9833910034602	-2.69896193771626
			11.9833910034602	-2.75294117647059
			12.0373702422145	-2.80692041522491
			12.0913494809689	-2.86089965397924
			12.0913494809689	-2.91487889273356
			12.1453287197232	-2.96885813148789
			12.1453287197232	-3.02283737024221
			12.1993079584775	-3.07681660899654
			12.2532871972318	-3.13079584775087
			12.2532871972318	-3.18477508650519
			12.3072664359862	-3.23875432525952
			12.3072664359862	-3.29273356401384
			12.3072664359862	-3.34671280276817
			12.3612456747405	-3.34671280276817
			12.3612456747405	-3.40069204152249
			12.4152249134948	-3.45467128027682
			12.4152249134948	-3.50865051903114
			12.4152249134948	-3.56262975778547
			12.4692041522491	-3.61660899653979
			12.4692041522491	-3.67058823529412
			12.5231833910035	-3.72456747404844
			12.5231833910035	-3.77854671280277
			12.5771626297578	-3.83252595155709
			12.5771626297578	-3.88650519031142
			12.5771626297578	-3.94048442906574
			12.5771626297578	-3.99446366782007
			12.5771626297578	-4.04844290657439
			12.5771626297578	-4.10242214532872
			12.5771626297578	-4.15640138408305
			12.5771626297578	-4.21038062283737
			12.5771626297578	-4.2643598615917
			12.5771626297578	-4.31833910034602
			12.5771626297578	-4.37231833910035
			12.5771626297578	-4.42629757785467
			12.5771626297578	-4.480276816609
			12.5771626297578	-4.53425605536332
			12.5771626297578	-4.58823529411765
			12.5771626297578	-4.64221453287197
			12.5771626297578	-4.6961937716263
			12.5771626297578	-4.75017301038062
			12.6311418685121	-4.80415224913495
			12.6311418685121	-4.85813148788927
			12.6311418685121	-4.9121107266436
			12.6311418685121	-4.96608996539792
			12.6851211072664	-5.02006920415225
			12.6851211072664	-5.07404844290657
			12.7391003460208	-5.1280276816609
			12.7391003460208	-5.18200692041523
			12.7930795847751	-5.23598615916955
			12.7930795847751	-5.28996539792388
			12.8470588235294	-5.3439446366782
			12.9010380622837	-5.39792387543253
			12.9550173010381	-5.45190311418685
			13.0089965397924	-5.50588235294118
			13.0629757785467	-5.50588235294118
			13.116955017301	-5.5598615916955
			13.1709342560554	-5.5598615916955
			13.2249134948097	-5.61384083044983
			13.278892733564	-5.61384083044983
			13.3328719723183	-5.61384083044983
			13.3868512110727	-5.66782006920415
			13.440830449827	-5.66782006920415
			13.4948096885813	-5.66782006920415
			13.5487889273356	-5.72179930795848
			13.60276816609	-5.72179930795848
			13.60276816609	-5.7757785467128
			13.6567474048443	-5.7757785467128
			13.7107266435986	-5.82975778546713
			13.7647058823529	-5.88373702422145
			13.8186851211073	-5.93771626297578
			13.8726643598616	-5.9916955017301
			13.8726643598616	-6.04567474048443
			13.9266435986159	-6.09965397923875
			13.9266435986159	-6.15363321799308
			13.9266435986159	-6.20761245674741
			13.9806228373702	-6.26159169550173
			13.9806228373702	-6.31557093425606
			13.9266435986159	-6.36955017301038
			13.9266435986159	-6.42352941176471
			13.9266435986159	-6.47750865051903
			13.9266435986159	-6.53148788927336
			13.8726643598616	-6.58546712802768
			13.8726643598616	-6.63944636678201
			13.8726643598616	-6.69342560553633
			13.8186851211073	-6.69342560553633
			13.8186851211073	-6.74740484429066
			13.8186851211073	-6.80138408304498
			13.7647058823529	-6.85536332179931
			13.7107266435986	-6.90934256055363
			13.6567474048443	-6.90934256055363
			13.6567474048443	-6.96332179930796
			13.60276816609	-7.01730103806228
			13.60276816609	-7.07128027681661
			13.6567474048443	-7.07128027681661
			13.7107266435986	-7.12525951557093
			13.7647058823529	-7.17923875432526
			13.8186851211073	-7.23321799307958
			13.8726643598616	-7.28719723183391
			13.9266435986159	-7.28719723183391
			13.9806228373702	-7.28719723183391
			14.0346020761246	-7.34117647058824
			14.0885813148789	-7.34117647058824
			14.1425605536332	-7.39515570934256
			14.1965397923875	-7.39515570934256
			14.2505190311419	-7.39515570934256
			14.3044982698962	-7.39515570934256
			14.3584775086505	-7.34117647058824
			14.4124567474048	-7.34117647058824
			14.4664359861592	-7.34117647058824
			14.5204152249135	-7.34117647058824
			14.5743944636678	-7.34117647058824
			14.6283737024221	-7.28719723183391
			14.6823529411765	-7.28719723183391
			14.7363321799308	-7.28719723183391
			14.7903114186851	-7.28719723183391
			14.8442906574394	-7.28719723183391
			14.8982698961938	-7.28719723183391
			14.9522491349481	-7.28719723183391
			15.0062283737024	-7.28719723183391
			15.0602076124567	-7.28719723183391
			15.1141868512111	-7.28719723183391
			15.1681660899654	-7.34117647058824
			15.2221453287197	-7.34117647058824
			15.276124567474	-7.34117647058824
			15.3301038062284	-7.34117647058824
			15.3840830449827	-7.34117647058824
			15.438062283737	-7.34117647058824
			15.4920415224914	-7.39515570934256
			15.5460207612457	-7.39515570934256
			15.6	-7.39515570934256
			15.6539792387543	-7.39515570934256
			15.7079584775087	-7.44913494809689
			15.761937716263	-7.44913494809689
			15.8159169550173	-7.44913494809689
			15.8698961937716	-7.50311418685121
			15.923875432526	-7.50311418685121
			15.9778546712803	-7.55709342560554
			16.0318339100346	-7.55709342560554
			16.0858131487889	-7.61107266435986
			16.1397923875433	-7.61107266435986
		</suture>
		<anterior type=matrix rownames=FALSE colnames=FALSE nrow=274 ncol=2 as.numeric=TRUE >
			7.71903114186851	-0.377854671280277
			7.77301038062284	-0.377854671280277
			7.82698961937716	-0.377854671280277
			7.88096885813149	-0.377854671280277
			7.93494809688581	-0.431833910034602
			7.98892733564014	-0.431833910034602
			8.04290657439446	-0.431833910034602
			8.09688581314879	-0.431833910034602
			8.15086505190311	-0.431833910034602
			8.20484429065744	-0.431833910034602
			8.25882352941177	-0.485813148788927
			8.31280276816609	-0.485813148788927
			8.36678200692042	-0.485813148788927
			8.42076124567474	-0.485813148788927
			8.47474048442907	-0.485813148788927
			8.52871972318339	-0.539792387543253
			8.58269896193772	-0.539792387543253
			8.63667820069204	-0.539792387543253
			8.69065743944637	-0.539792387543253
			8.74463667820069	-0.593771626297578
			8.79861591695502	-0.593771626297578
			8.85259515570934	-0.593771626297578
			8.90657439446367	-0.593771626297578
			8.96055363321799	-0.647750865051903
			9.01453287197232	-0.647750865051903
			9.06851211072664	-0.647750865051903
			9.12249134948097	-0.647750865051903
			9.17647058823529	-0.701730103806228
			9.23044982698962	-0.701730103806228
			9.28442906574394	-0.701730103806228
			9.33840830449827	-0.755709342560554
			9.3923875432526	-0.755709342560554
			9.44636678200692	-0.809688581314879
			9.50034602076125	-0.809688581314879
			9.55432525951557	-0.809688581314879
			9.6083044982699	-0.809688581314879
			9.6083044982699	-0.863667820069204
			9.66228373702422	-0.863667820069204
			9.71626297577855	-0.863667820069204
			9.77024221453287	-0.863667820069204
			9.8242214532872	-0.917647058823529
			9.87820069204152	-0.917647058823529
			9.93217993079585	-0.971626297577855
			9.98615916955017	-0.971626297577855
			10.0401384083045	-1.02560553633218
			10.0941176470588	-1.02560553633218
			10.1480968858131	-1.02560553633218
			10.2020761245675	-1.07958477508651
			10.2560553633218	-1.07958477508651
			10.3100346020761	-1.13356401384083
			10.3640138408305	-1.13356401384083
			10.4179930795848	-1.18754325259516
			10.4719723183391	-1.24152249134948
			10.5259515570934	-1.24152249134948
			10.5799307958478	-1.29550173010381
			10.6339100346021	-1.29550173010381
			10.6878892733564	-1.34948096885813
			10.7418685121107	-1.34948096885813
			10.7958477508651	-1.40346020761246
			10.8498269896194	-1.40346020761246
			10.9038062283737	-1.45743944636678
			10.957785467128	-1.45743944636678
			10.957785467128	-1.51141868512111
			11.0117647058824	-1.51141868512111
			11.0657439446367	-1.56539792387543
			11.119723183391	-1.61937716262976
			11.1737024221453	-1.61937716262976
			11.2276816608997	-1.67335640138408
			11.281660899654	-1.67335640138408
			11.281660899654	-1.72733564013841
			11.3356401384083	-1.78131487889273
			11.3896193771626	-1.78131487889273
			11.443598615917	-1.83529411764706
			11.4975778546713	-1.88927335640138
			11.5515570934256	-1.88927335640138
			11.5515570934256	-1.94325259515571
			11.6055363321799	-1.99723183391003
			11.6595155709343	-1.99723183391003
			11.7134948096886	-2.05121107266436
			11.7134948096886	-2.10519031141868
			11.7674740484429	-2.10519031141868
			11.8214532871972	-2.15916955017301
			11.8754325259516	-2.21314878892734
			11.9294117647059	-2.26712802768166
			11.9833910034602	-2.32110726643599
			12.0373702422145	-2.37508650519031
			12.0913494809689	-2.42906574394464
			12.1453287197232	-2.48304498269896
			12.1993079584775	-2.48304498269896
			12.1993079584775	-2.53702422145329
			12.2532871972318	-2.53702422145329
			12.3072664359862	-2.59100346020761
			12.3612456747405	-2.64498269896194
			12.4152249134948	-2.69896193771626
			12.4692041522491	-2.75294117647059
			12.5231833910035	-2.80692041522491
			12.5771626297578	-2.86089965397924
			12.6311418685121	-2.91487889273356
			12.6851211072664	-2.96885813148789
			12.7391003460208	-3.02283737024221
			12.7930795847751	-3.07681660899654
			12.7930795847751	-3.13079584775087
			12.8470588235294	-3.18477508650519
			12.9010380622837	-3.18477508650519
			12.9550173010381	-3.23875432525952
			12.9550173010381	-3.29273356401384
			13.0089965397924	-3.34671280276817
			13.0629757785467	-3.40069204152249
			13.116955017301	-3.45467128027682
			13.116955017301	-3.50865051903114
			13.1709342560554	-3.56262975778547
			13.2249134948097	-3.61660899653979
			13.2249134948097	-3.67058823529412
			13.278892733564	-3.67058823529412
			13.3328719723183	-3.72456747404844
			13.3328719723183	-3.77854671280277
			13.3868512110727	-3.83252595155709
			13.3868512110727	-3.88650519031142
			13.440830449827	-3.94048442906574
			13.4948096885813	-3.99446366782007
			13.4948096885813	-4.04844290657439
			13.5487889273356	-4.10242214532872
			13.5487889273356	-4.15640138408305
			13.60276816609	-4.21038062283737
			13.60276816609	-4.2643598615917
			13.6567474048443	-4.31833910034602
			13.6567474048443	-4.37231833910035
			13.7107266435986	-4.42629757785467
			13.7107266435986	-4.480276816609
			13.7647058823529	-4.480276816609
			13.7647058823529	-4.53425605536332
			13.8186851211073	-4.58823529411765
			13.8186851211073	-4.64221453287197
			13.8726643598616	-4.6961937716263
			13.9266435986159	-4.75017301038062
			13.9806228373702	-4.80415224913495
			13.9806228373702	-4.85813148788927
			14.0346020761246	-4.9121107266436
			14.0885813148789	-4.96608996539792
			14.1425605536332	-5.02006920415225
			14.1425605536332	-5.07404844290657
			14.1965397923875	-5.1280276816609
			14.2505190311419	-5.1280276816609
			14.2505190311419	-5.18200692041523
			14.3044982698962	-5.23598615916955
			14.3584775086505	-5.28996539792388
			14.4124567474048	-5.3439446366782
			14.4124567474048	-5.39792387543253
			14.4664359861592	-5.39792387543253
			14.5204152249135	-5.45190311418685
			14.5743944636678	-5.50588235294118
			14.6283737024221	-5.5598615916955
			14.6283737024221	-5.61384083044983
			14.6823529411765	-5.66782006920415
			14.7363321799308	-5.72179930795848
			14.7903114186851	-5.7757785467128
			14.8442906574394	-5.82975778546713
			14.8982698961938	-5.88373702422145
			14.9522491349481	-5.93771626297578
			15.0062283737024	-5.9916955017301
			15.0602076124567	-6.04567474048443
			15.0602076124567	-6.09965397923875
			15.1141868512111	-6.15363321799308
			15.1681660899654	-6.20761245674741
			15.2221453287197	-6.26159169550173
			15.276124567474	-6.31557093425606
			15.3301038062284	-6.36955017301038
			15.3301038062284	-6.42352941176471
			15.3840830449827	-6.47750865051903
			15.438062283737	-6.53148788927336
			15.4920415224914	-6.58546712802768
			15.4920415224914	-6.63944636678201
			15.5460207612457	-6.69342560553633
			15.6	-6.74740484429066
			15.6539792387543	-6.80138408304498
			15.6539792387543	-6.85536332179931
			15.7079584775087	-6.90934256055363
			15.761937716263	-6.96332179930796
			15.761937716263	-7.01730103806228
			15.8159169550173	-7.01730103806228
			15.8698961937716	-7.07128027681661
			15.8698961937716	-7.12525951557093
			15.923875432526	-7.17923875432526
			15.923875432526	-7.23321799307958
			15.9778546712803	-7.28719723183391
			16.0318339100346	-7.28719723183391
			16.0318339100346	-7.34117647058824
			16.0858131487889	-7.39515570934256
			16.0858131487889	-7.44913494809689
			16.1397923875433	-7.44913494809689
			16.1397923875433	-7.50311418685121
			16.1937716262976	-7.55709342560554
			16.1937716262976	-7.61107266435986
			16.2477508650519	-7.61107266435986
			16.2477508650519	-7.66505190311419
			16.3017301038062	-7.71903114186851
			16.3557093425606	-7.77301038062284
			16.3557093425606	-7.82698961937716
			16.4096885813149	-7.88096885813149
			16.4096885813149	-7.93494809688581
			16.4636678200692	-7.98892733564014
			16.5176470588235	-8.04290657439446
			16.5176470588235	-8.09688581314879
			16.5716262975779	-8.15086505190311
			16.5716262975779	-8.20484429065744
			16.5716262975779	-8.25882352941177
			16.6256055363322	-8.25882352941177
			16.6256055363322	-8.31280276816609
			16.6256055363322	-8.36678200692042
			16.6795847750865	-8.36678200692042
			16.6795847750865	-8.42076124567474
			16.6795847750865	-8.47474048442907
			16.7335640138408	-8.52871972318339
			16.7335640138408	-8.58269896193772
			16.7875432525952	-8.63667820069204
			16.7875432525952	-8.69065743944637
			16.8415224913495	-8.74463667820069
			16.8415224913495	-8.79861591695502
			16.8955017301038	-8.85259515570934
			16.8955017301038	-8.90657439446367
			16.9494809688581	-8.96055363321799
			16.9494809688581	-9.01453287197232
			16.9494809688581	-9.06851211072664
			17.0034602076125	-9.12249134948097
			17.0034602076125	-9.17647058823529
			17.0574394463668	-9.23044982698962
			17.0574394463668	-9.28442906574394
			17.0574394463668	-9.33840830449827
			17.1114186851211	-9.3923875432526
			17.1114186851211	-9.44636678200692
			17.1653979238754	-9.50034602076125
			17.1653979238754	-9.55432525951557
			17.2193771626298	-9.6083044982699
			17.2193771626298	-9.66228373702422
			17.2733564013841	-9.71626297577855
			17.2733564013841	-9.77024221453287
			17.2733564013841	-9.8242214532872
			17.3273356401384	-9.87820069204152
			17.3273356401384	-9.93217993079585
			17.3273356401384	-9.98615916955017
			17.3813148788927	-10.0401384083045
			17.3813148788927	-10.0941176470588
			17.4352941176471	-10.1480968858131
			17.4352941176471	-10.2020761245675
			17.4352941176471	-10.2560553633218
			17.4892733564014	-10.3100346020761
			17.4892733564014	-10.3640138408305
			17.4892733564014	-10.4179930795848
			17.5432525951557	-10.4719723183391
			17.5432525951557	-10.5259515570934
			17.5432525951557	-10.5799307958478
			17.59723183391	-10.6339100346021
			17.59723183391	-10.6878892733564
			17.6512110726644	-10.7418685121107
			17.6512110726644	-10.7958477508651
			17.6512110726644	-10.8498269896194
			17.7051903114187	-10.9038062283737
			17.7051903114187	-10.957785467128
			17.7051903114187	-11.0117647058824
			17.7051903114187	-11.0657439446367
			17.759169550173	-11.119723183391
			17.759169550173	-11.1737024221453
			17.759169550173	-11.2276816608997
			17.8131487889273	-11.281660899654
			17.8131487889273	-11.3356401384083
			17.8131487889273	-11.3896193771626
			17.8131487889273	-11.443598615917
			17.8671280276817	-11.4975778546713
			17.8671280276817	-11.5515570934256
			17.8671280276817	-11.6055363321799
			17.8671280276817	-11.6595155709343
			17.921107266436	-11.7134948096886
			17.921107266436	-11.7674740484429
			17.921107266436	-11.8214532871972
		</anterior>
		<posterior type=matrix rownames=FALSE colnames=FALSE nrow=220 ncol=2 as.numeric=TRUE >
			7.61107266435986	-11.8214532871972
			7.66505190311419	-11.8214532871972
			7.71903114186851	-11.8214532871972
			7.77301038062284	-11.8214532871972
			7.82698961937716	-11.8214532871972
			7.88096885813149	-11.8214532871972
			7.93494809688581	-11.8214532871972
			7.98892733564014	-11.8214532871972
			8.04290657439446	-11.8754325259516
			8.09688581314879	-11.8754325259516
			8.15086505190311	-11.8754325259516
			8.20484429065744	-11.8754325259516
			8.25882352941177	-11.8754325259516
			8.31280276816609	-11.8754325259516
			8.36678200692042	-11.8754325259516
			8.42076124567474	-11.8754325259516
			8.47474048442907	-11.8754325259516
			8.52871972318339	-11.8754325259516
			8.58269896193772	-11.8754325259516
			8.63667820069204	-11.8754325259516
			8.69065743944637	-11.8754325259516
			8.74463667820069	-11.8754325259516
			8.79861591695502	-11.8754325259516
			8.85259515570934	-11.8754325259516
			8.90657439446367	-11.8754325259516
			8.96055363321799	-11.8754325259516
			9.01453287197232	-11.8754325259516
			9.06851211072664	-11.8754325259516
			9.12249134948097	-11.8754325259516
			9.17647058823529	-11.8754325259516
			9.23044982698962	-11.8754325259516
			9.28442906574394	-11.8754325259516
			9.33840830449827	-11.8754325259516
			9.3923875432526	-11.8754325259516
			9.44636678200692	-11.8754325259516
			9.50034602076125	-11.8754325259516
			9.55432525951557	-11.8754325259516
			9.6083044982699	-11.8754325259516
			9.66228373702422	-11.8754325259516
			9.71626297577855	-11.8754325259516
			9.77024221453287	-11.8754325259516
			9.8242214532872	-11.8754325259516
			9.87820069204152	-11.8754325259516
			9.93217993079585	-11.8754325259516
			9.98615916955017	-11.8754325259516
			10.0401384083045	-11.8754325259516
			10.0941176470588	-11.8754325259516
			10.1480968858131	-11.8754325259516
			10.2020761245675	-11.8754325259516
			10.2560553633218	-11.8754325259516
			10.3100346020761	-11.8754325259516
			10.3640138408305	-11.8754325259516
			10.4179930795848	-11.8754325259516
			10.4719723183391	-11.8754325259516
			10.5259515570934	-11.8214532871972
			10.5799307958478	-11.8214532871972
			10.6339100346021	-11.8214532871972
			10.6878892733564	-11.8214532871972
			10.7418685121107	-11.8214532871972
			10.7958477508651	-11.8214532871972
			10.8498269896194	-11.7674740484429
			10.9038062283737	-11.7674740484429
			10.957785467128	-11.7674740484429
			10.9038062283737	-11.7674740484429
			10.957785467128	-11.7674740484429
			11.0117647058824	-11.7674740484429
			11.0657439446367	-11.7134948096886
			11.119723183391	-11.7134948096886
			11.1737024221453	-11.7134948096886
			11.2276816608997	-11.7134948096886
			11.281660899654	-11.7134948096886
			11.3356401384083	-11.7134948096886
			11.3896193771626	-11.7134948096886
			11.443598615917	-11.7134948096886
			11.4975778546713	-11.7134948096886
			11.5515570934256	-11.7134948096886
			11.6055363321799	-11.7134948096886
			11.6595155709343	-11.7134948096886
			11.7134948096886	-11.7134948096886
			11.7674740484429	-11.7134948096886
			11.8214532871972	-11.7134948096886
			11.8754325259516	-11.7134948096886
			11.9294117647059	-11.7134948096886
			11.9833910034602	-11.7134948096886
			12.0373702422145	-11.7134948096886
			12.0913494809689	-11.6595155709343
			12.1453287197232	-11.6595155709343
			12.1993079584775	-11.6595155709343
			12.2532871972318	-11.6595155709343
			12.3072664359862	-11.6595155709343
			12.3612456747405	-11.6055363321799
			12.4152249134948	-11.6055363321799
			12.4692041522491	-11.6055363321799
			12.5231833910035	-11.6055363321799
			12.5771626297578	-11.6055363321799
			12.6311418685121	-11.5515570934256
			12.6851211072664	-11.5515570934256
			12.7391003460208	-11.5515570934256
			12.7930795847751	-11.5515570934256
			12.8470588235294	-11.5515570934256
			12.9010380622837	-11.4975778546713
			12.9550173010381	-11.4975778546713
			13.0089965397924	-11.4975778546713
			13.0629757785467	-11.4975778546713
			13.116955017301	-11.4975778546713
			13.1709342560554	-11.443598615917
			13.2249134948097	-11.443598615917
			13.278892733564	-11.443598615917
			13.3328719723183	-11.443598615917
			13.3868512110727	-11.443598615917
			13.440830449827	-11.3896193771626
			13.4948096885813	-11.3896193771626
			13.5487889273356	-11.3896193771626
			13.60276816609	-11.3896193771626
			13.6567474048443	-11.3896193771626
			13.7107266435986	-11.3356401384083
			13.7647058823529	-11.3356401384083
			13.8186851211073	-11.3356401384083
			13.8726643598616	-11.3356401384083
			13.9266435986159	-11.3356401384083
			13.9806228373702	-11.3356401384083
			14.0346020761246	-11.3356401384083
			14.0885813148789	-11.3356401384083
			14.1425605536332	-11.3356401384083
			14.1965397923875	-11.3356401384083
			14.2505190311419	-11.3356401384083
			14.3044982698962	-11.3356401384083
			14.3584775086505	-11.3356401384083
			14.4124567474048	-11.3356401384083
			14.4664359861592	-11.3356401384083
			14.5204152249135	-11.3356401384083
			14.5204152249135	-11.3896193771626
			14.5743944636678	-11.3896193771626
			14.6283737024221	-11.3896193771626
			14.6823529411765	-11.3896193771626
			14.7363321799308	-11.3896193771626
			14.7903114186851	-11.443598615917
			14.8442906574394	-11.443598615917
			14.8982698961938	-11.443598615917
			14.9522491349481	-11.4975778546713
			15.0062283737024	-11.4975778546713
			15.0602076124567	-11.4975778546713
			15.1141868512111	-11.4975778546713
			15.1681660899654	-11.4975778546713
			15.2221453287197	-11.4975778546713
			15.276124567474	-11.4975778546713
			15.3301038062284	-11.4975778546713
			15.3840830449827	-11.4975778546713
			15.438062283737	-11.4975778546713
			15.4920415224914	-11.443598615917
			15.5460207612457	-11.443598615917
			15.6	-11.443598615917
			15.6539792387543	-11.443598615917
			15.7079584775087	-11.3896193771626
			15.761937716263	-11.3896193771626
			15.8159169550173	-11.3896193771626
			15.8698961937716	-11.3356401384083
			15.923875432526	-11.3356401384083
			15.9778546712803	-11.3356401384083
			16.0318339100346	-11.281660899654
			16.0858131487889	-11.281660899654
			16.1397923875433	-11.2276816608997
			16.1937716262976	-11.2276816608997
			16.2477508650519	-11.1737024221453
			16.3017301038062	-11.119723183391
			16.3557093425606	-11.119723183391
			16.4096885813149	-11.0657439446367
			16.4636678200692	-11.0657439446367
			16.4636678200692	-11.0117647058824
			16.5176470588235	-10.957785467128
			16.5716262975779	-10.9038062283737
			16.6256055363322	-10.9038062283737
			16.6795847750865	-10.8498269896194
			16.7335640138408	-10.7958477508651
			16.7875432525952	-10.7958477508651
			16.8415224913495	-10.7958477508651
			16.8955017301038	-10.8498269896194
			16.9494809688581	-10.8498269896194
			17.0034602076125	-10.9038062283737
			17.0574394463668	-10.9038062283737
			17.1114186851211	-10.957785467128
			17.1653979238754	-11.0117647058824
			17.2193771626298	-11.0117647058824
			17.2733564013841	-11.0657439446367
			17.3273356401384	-11.119723183391
			17.3813148788927	-11.1737024221453
			17.4352941176471	-11.2276816608997
			17.4352941176471	-11.281660899654
			17.4892733564014	-11.3356401384083
			17.4892733564014	-11.3896193771626
			17.5432525951557	-11.443598615917
			17.5432525951557	-11.4975778546713
			17.59723183391	-11.5515570934256
			17.59723183391	-11.6055363321799
			17.59723183391	-11.6595155709343
			17.6512110726644	-11.6595155709343
			17.6512110726644	-11.7134948096886
			17.6512110726644	-11.7674740484429
			17.6512110726644	-11.8214532871972
			17.6512110726644	-11.8754325259516
			17.6512110726644	-11.9294117647059
			17.6512110726644	-11.9833910034602
			17.6512110726644	-12.0373702422145
			17.6512110726644	-12.0913494809689
			17.6512110726644	-12.1453287197232
			17.6512110726644	-12.1993079584775
			17.6512110726644	-12.2532871972318
			17.59723183391	-12.3072664359862
			17.59723183391	-12.3612456747405
			17.6512110726644	-12.3612456747405
			17.7051903114187	-12.3072664359862
			17.759169550173	-12.2532871972318
			17.8131487889273	-12.1993079584775
			17.8131487889273	-12.1453287197232
			17.8671280276817	-12.0913494809689
			17.8671280276817	-12.0373702422145
			17.8671280276817	-11.9833910034602
			17.921107266436	-11.9294117647059
			17.921107266436	-11.8754325259516
			17.921107266436	-11.8214532871972
		</posterior>
	</curves.scaled>
	<ruler.points type=matrix rownames=TRUE colnames=FALSE nrow=2 ncol=2 as.numeric=TRUE >
		Ruler point 1	25	229
		Ruler point 2	314	229
	</ruler.points>
</shapes>

