<shapes type=list>
	<ruler.pixel type=vector names=FALSE length=1 as.numeric=TRUE >74</ruler.pixel>
	<ruler.interval type=vector names=FALSE length=1 as.numeric=TRUE >5</ruler.interval>
	<scaling.units type=vector names=FALSE length=1 as.numeric=FALSE >mm</scaling.units>
	<scaling type=vector names=FALSE length=1 as.numeric=TRUE >0.0675675675675676</scaling>
	<landmarks.pixel type=matrix rownames=TRUE colnames=FALSE nrow=16 ncol=2 as.numeric=TRUE >
		LM1	163	19
		LM2	163	24
		LM3	163	131
		LM4	163	150
		LM5	248	118
		LM6	210	138
		LM7	212	142
		LM8	251	83
		LM9	257	105
		LM10	163	19
		LM11	266	117
		LM12	273	123
		LM13	163	19
		LM14	266	93
		LM15	250	140
		LM16	326	125
	</landmarks.pixel>
	<landmarks.scaled type=matrix rownames=TRUE colnames=FALSE nrow=16 ncol=2 as.numeric=TRUE >
		LM1	11.0135135135135	-1.28378378378378
		LM2	11.0135135135135	-1.62162162162162
		LM3	11.0135135135135	-8.85135135135135
		LM4	11.0135135135135	-10.1351351351351
		LM5	16.7567567567568	-7.97297297297297
		LM6	14.1891891891892	-9.32432432432432
		LM7	14.3243243243243	-9.59459459459459
		LM8	16.9594594594595	-5.60810810810811
		LM9	17.3648648648649	-7.09459459459459
		LM10	11.0135135135135	-1.28378378378378
		LM11	17.972972972973	-7.90540540540541
		LM12	18.4459459459459	-8.31081081081081
		LM13	11.0135135135135	-1.28378378378378
		LM14	17.972972972973	-6.28378378378378
		LM15	16.8918918918919	-9.45945945945946
		LM16	22.027027027027	-8.44594594594595
	</landmarks.scaled>
	<curves.control type=list>
		<glabella type=matrix rownames=FALSE colnames=FALSE nrow=11 ncol=2 as.numeric=TRUE >
			163	24
			190	25
			203	43
			227	57
			228	84
			238	92
			248	118
			248	131
			210	138
			213	138
			212	142
		</glabella>
		<suture type=matrix rownames=FALSE colnames=FALSE nrow=15 ncol=2 as.numeric=TRUE >
			163	19
			186	21
			205	31
			219	41
			230	60
			245	71
			250	82
			267	92
			257	105
			252	117
			259	109
			263	106
			268	109
			271	113
			273	123
		</suture>
		<anterior type=matrix rownames=FALSE colnames=FALSE nrow=21 ncol=2 as.numeric=TRUE >
			163	19
			186	21
			205	31
			217	39
			228	56
			229	61
			236	63
			246	69
			254	77
			269	83
			274	88
			285	91
			307	101
			320	107
			329	125
			322	128
			318	121
			298	111
			273	123
			265	134
			250	140
		</anterior>
		<posterior type=matrix rownames=FALSE colnames=FALSE nrow=7 ncol=2 as.numeric=TRUE >
			163	150
			173	152
			212	142
			216	142
			226	143
			235	142
			250	140
		</posterior>
	</curves.control>
	<curves.pixel type=list>
		<glabella type=matrix rownames=FALSE colnames=FALSE nrow=176 ncol=2 as.numeric=TRUE >
			163	24
			164	24
			165	24
			166	24
			167	24
			168	24
			169	24
			169	25
			170	25
			171	25
			172	25
			173	25
			174	25
			175	25
			176	26
			177	26
			178	26
			179	26
			180	27
			181	27
			182	27
			183	28
			184	28
			185	29
			186	29
			187	29
			188	30
			189	30
			190	31
			191	31
			191	32
			192	32
			193	33
			194	34
			195	34
			195	35
			196	36
			197	36
			198	37
			198	38
			199	38
			200	39
			200	40
			201	40
			202	41
			202	42
			203	43
			204	44
			205	44
			206	45
			207	46
			208	46
			209	47
			210	48
			211	49
			212	49
			213	50
			214	51
			214	52
			215	52
			216	53
			217	54
			217	55
			218	56
			219	57
			220	58
			220	59
			221	60
			222	61
			222	62
			223	63
			223	64
			224	65
			224	66
			225	67
			225	68
			225	69
			226	70
			226	71
			226	72
			226	73
			227	74
			227	75
			227	76
			227	77
			227	78
			228	79
			228	80
			228	81
			228	82
			228	83
			228	84
			229	85
			230	85
			230	86
			231	87
			232	88
			233	89
			234	90
			234	91
			235	92
			236	93
			237	94
			237	95
			237	96
			238	96
			238	97
			239	98
			239	99
			240	100
			240	101
			241	102
			241	103
			242	104
			242	105
			243	106
			243	107
			244	108
			244	109
			245	110
			245	111
			246	112
			246	113
			247	114
			247	115
			247	116
			247	117
			248	117
			248	118
			248	119
			248	120
			247	121
			247	122
			246	123
			246	124
			245	125
			244	126
			243	126
			242	127
			241	128
			240	128
			239	129
			238	130
			237	130
			236	131
			235	131
			234	131
			233	132
			232	132
			231	133
			230	133
			229	133
			228	134
			227	134
			226	134
			225	135
			224	135
			223	135
			222	135
			221	136
			220	136
			219	136
			218	136
			217	137
			216	137
			215	137
			214	137
			213	137
			212	138
			211	138
			210	138
			211	138
			212	139
			212	140
			212	141
			212	142
		</glabella>
		<suture type=matrix rownames=FALSE colnames=FALSE nrow=166 ncol=2 as.numeric=TRUE >
			163	19
			164	19
			165	19
			166	19
			167	19
			168	20
			169	20
			170	20
			171	20
			172	20
			173	20
			174	20
			175	21
			176	21
			177	21
			178	21
			179	22
			180	22
			181	22
			182	22
			183	22
			184	23
			185	23
			186	23
			187	24
			188	24
			189	24
			190	25
			191	25
			192	25
			193	26
			194	26
			195	26
			196	27
			197	27
			198	28
			199	28
			200	29
			201	29
			202	29
			203	30
			204	30
			205	31
			206	31
			206	32
			207	32
			208	33
			209	34
			210	35
			211	36
			212	37
			213	37
			213	38
			214	39
			215	40
			216	40
			216	41
			217	42
			218	43
			219	44
			220	45
			221	46
			221	47
			222	48
			223	49
			224	50
			224	51
			225	52
			226	53
			226	54
			227	55
			227	56
			228	57
			229	58
			229	59
			230	59
			230	60
			231	61
			232	61
			233	62
			234	63
			235	64
			236	65
			237	65
			238	66
			238	67
			239	67
			240	68
			240	69
			241	69
			242	70
			242	71
			243	71
			244	72
			244	73
			245	74
			246	75
			247	76
			247	77
			248	78
			248	79
			249	79
			249	80
			250	81
			250	82
			251	83
			252	83
			253	84
			254	85
			255	86
			256	86
			257	87
			257	88
			258	89
			259	89
			259	90
			260	91
			260	92
			260	93
			260	94
			261	94
			261	95
			261	96
			261	97
			260	98
			260	99
			260	100
			260	101
			259	102
			258	103
			258	104
			257	105
			257	106
			256	107
			256	108
			255	109
			255	110
			255	111
			255	112
			256	112
			257	111
			258	110
			259	109
			260	108
			261	108
			262	108
			263	108
			264	108
			265	108
			266	108
			267	108
			268	109
			269	110
			269	111
			270	112
			270	113
			270	114
			271	115
			271	116
			272	117
			272	118
			272	119
			272	120
			273	121
			273	122
			273	123
		</suture>
		<anterior type=matrix rownames=FALSE colnames=FALSE nrow=279 ncol=2 as.numeric=TRUE >
			163	19
			164	19
			165	19
			166	19
			167	19
			168	19
			169	20
			170	20
			171	20
			172	20
			173	20
			174	20
			174	21
			175	21
			176	21
			177	21
			178	21
			179	21
			180	22
			181	22
			182	22
			183	22
			184	23
			185	23
			186	23
			187	23
			187	24
			188	24
			189	24
			190	25
			191	25
			192	25
			193	26
			194	26
			195	26
			196	27
			197	27
			198	28
			199	28
			200	29
			201	29
			202	30
			203	30
			204	31
			205	31
			206	31
			206	32
			207	32
			208	33
			209	34
			210	35
			211	36
			212	37
			213	37
			214	38
			214	39
			215	40
			216	40
			217	41
			217	42
			218	43
			219	43
			219	44
			220	45
			221	46
			221	47
			222	48
			223	49
			224	50
			225	51
			225	52
			226	53
			226	54
			227	54
			227	55
			228	56
			228	57
			229	58
			229	59
			230	60
			231	61
			232	61
			233	62
			234	62
			235	63
			236	63
			237	64
			238	64
			239	65
			240	65
			240	66
			241	66
			242	67
			243	68
			244	68
			245	69
			246	70
			247	71
			248	72
			249	72
			250	73
			251	74
			252	75
			253	76
			254	77
			255	77
			256	78
			257	78
			258	79
			259	79
			260	79
			260	80
			261	80
			262	81
			263	81
			264	81
			264	82
			265	82
			266	82
			266	83
			267	83
			268	83
			268	84
			269	84
			269	85
			270	85
			271	85
			271	86
			272	86
			272	87
			273	87
			274	88
			275	88
			276	89
			277	89
			278	89
			279	90
			280	90
			281	90
			282	91
			283	91
			284	91
			285	92
			286	92
			287	92
			288	93
			289	93
			290	94
			291	94
			292	94
			293	95
			294	95
			295	96
			296	96
			297	97
			298	97
			299	98
			300	98
			301	98
			302	99
			303	99
			304	100
			305	100
			306	100
			307	101
			308	101
			309	102
			310	103
			311	103
			312	104
			313	105
			314	105
			315	106
			316	107
			317	108
			318	109
			319	110
			320	111
			320	112
			321	113
			322	114
			323	115
			324	116
			325	117
			325	118
			326	119
			326	120
			327	120
			327	121
			327	122
			328	123
			328	124
			329	125
			328	125
			327	126
			326	126
			325	126
			324	126
			323	126
			323	125
			322	125
			321	125
			321	124
			320	124
			320	123
			319	123
			319	122
			318	121
			317	121
			316	120
			315	120
			314	119
			313	119
			312	119
			311	118
			310	118
			309	118
			308	117
			307	117
			306	117
			305	117
			304	117
			303	117
			302	117
			301	117
			300	116
			299	116
			298	116
			297	116
			296	117
			295	117
			294	117
			293	117
			292	117
			291	117
			290	117
			289	118
			288	118
			287	118
			286	118
			285	119
			284	119
			283	119
			282	119
			281	120
			280	120
			279	120
			278	121
			277	121
			276	122
			275	122
			274	123
			273	123
			272	124
			272	125
			271	125
			270	126
			270	127
			269	128
			268	128
			268	129
			267	130
			266	131
			265	131
			264	132
			263	133
			262	134
			261	135
			260	135
			259	135
			258	136
			257	137
			256	137
			255	138
			254	138
			253	139
			252	139
			251	140
			250	140
		</anterior>
		<posterior type=matrix rownames=FALSE colnames=FALSE nrow=88 ncol=2 as.numeric=TRUE >
			163	150
			164	150
			165	150
			166	150
			167	150
			168	150
			169	150
			170	150
			171	150
			172	150
			173	150
			174	150
			175	150
			176	150
			177	149
			178	149
			179	149
			180	149
			181	149
			182	149
			183	148
			184	148
			185	148
			186	148
			187	148
			188	148
			189	147
			190	147
			191	147
			192	147
			193	147
			194	146
			195	146
			196	146
			197	146
			198	146
			199	145
			200	145
			201	145
			202	145
			203	144
			204	144
			205	144
			206	143
			207	143
			208	143
			209	143
			210	142
			211	142
			212	142
			213	142
			214	142
			215	142
			216	142
			217	142
			218	142
			219	142
			220	142
			221	143
			222	143
			223	143
			224	143
			225	143
			226	143
			227	143
			228	143
			229	143
			230	143
			231	142
			232	142
			233	142
			234	142
			235	142
			236	142
			237	142
			238	142
			239	141
			240	141
			241	141
			242	141
			243	141
			244	141
			245	141
			246	140
			247	140
			248	140
			249	140
			250	140
		</posterior>
	</curves.pixel>
	<curves.scaled type=list>
		<glabella type=matrix rownames=FALSE colnames=FALSE nrow=176 ncol=2 as.numeric=TRUE >
			11.0135135135135	-1.62162162162162
			11.0810810810811	-1.62162162162162
			11.1486486486486	-1.62162162162162
			11.2162162162162	-1.62162162162162
			11.2837837837838	-1.62162162162162
			11.3513513513514	-1.62162162162162
			11.4189189189189	-1.62162162162162
			11.4189189189189	-1.68918918918919
			11.4864864864865	-1.68918918918919
			11.5540540540541	-1.68918918918919
			11.6216216216216	-1.68918918918919
			11.6891891891892	-1.68918918918919
			11.7567567567568	-1.68918918918919
			11.8243243243243	-1.68918918918919
			11.8918918918919	-1.75675675675676
			11.9594594594595	-1.75675675675676
			12.027027027027	-1.75675675675676
			12.0945945945946	-1.75675675675676
			12.1621621621622	-1.82432432432432
			12.2297297297297	-1.82432432432432
			12.2972972972973	-1.82432432432432
			12.3648648648649	-1.89189189189189
			12.4324324324324	-1.89189189189189
			12.5	-1.95945945945946
			12.5675675675676	-1.95945945945946
			12.6351351351351	-1.95945945945946
			12.7027027027027	-2.02702702702703
			12.7702702702703	-2.02702702702703
			12.8378378378378	-2.09459459459459
			12.9054054054054	-2.09459459459459
			12.9054054054054	-2.16216216216216
			12.972972972973	-2.16216216216216
			13.0405405405405	-2.22972972972973
			13.1081081081081	-2.2972972972973
			13.1756756756757	-2.2972972972973
			13.1756756756757	-2.36486486486486
			13.2432432432432	-2.43243243243243
			13.3108108108108	-2.43243243243243
			13.3783783783784	-2.5
			13.3783783783784	-2.56756756756757
			13.4459459459459	-2.56756756756757
			13.5135135135135	-2.63513513513514
			13.5135135135135	-2.7027027027027
			13.5810810810811	-2.7027027027027
			13.6486486486486	-2.77027027027027
			13.6486486486486	-2.83783783783784
			13.7162162162162	-2.90540540540541
			13.7837837837838	-2.97297297297297
			13.8513513513514	-2.97297297297297
			13.9189189189189	-3.04054054054054
			13.9864864864865	-3.10810810810811
			14.0540540540541	-3.10810810810811
			14.1216216216216	-3.17567567567568
			14.1891891891892	-3.24324324324324
			14.2567567567568	-3.31081081081081
			14.3243243243243	-3.31081081081081
			14.3918918918919	-3.37837837837838
			14.4594594594595	-3.44594594594595
			14.4594594594595	-3.51351351351351
			14.527027027027	-3.51351351351351
			14.5945945945946	-3.58108108108108
			14.6621621621622	-3.64864864864865
			14.6621621621622	-3.71621621621622
			14.7297297297297	-3.78378378378378
			14.7972972972973	-3.85135135135135
			14.8648648648649	-3.91891891891892
			14.8648648648649	-3.98648648648649
			14.9324324324324	-4.05405405405405
			15	-4.12162162162162
			15	-4.18918918918919
			15.0675675675676	-4.25675675675676
			15.0675675675676	-4.32432432432432
			15.1351351351351	-4.39189189189189
			15.1351351351351	-4.45945945945946
			15.2027027027027	-4.52702702702703
			15.2027027027027	-4.59459459459459
			15.2027027027027	-4.66216216216216
			15.2702702702703	-4.72972972972973
			15.2702702702703	-4.7972972972973
			15.2702702702703	-4.86486486486486
			15.2702702702703	-4.93243243243243
			15.3378378378378	-5
			15.3378378378378	-5.06756756756757
			15.3378378378378	-5.13513513513514
			15.3378378378378	-5.2027027027027
			15.3378378378378	-5.27027027027027
			15.4054054054054	-5.33783783783784
			15.4054054054054	-5.40540540540541
			15.4054054054054	-5.47297297297297
			15.4054054054054	-5.54054054054054
			15.4054054054054	-5.60810810810811
			15.4054054054054	-5.67567567567568
			15.472972972973	-5.74324324324324
			15.5405405405405	-5.74324324324324
			15.5405405405405	-5.81081081081081
			15.6081081081081	-5.87837837837838
			15.6756756756757	-5.94594594594595
			15.7432432432432	-6.01351351351351
			15.8108108108108	-6.08108108108108
			15.8108108108108	-6.14864864864865
			15.8783783783784	-6.21621621621622
			15.9459459459459	-6.28378378378378
			16.0135135135135	-6.35135135135135
			16.0135135135135	-6.41891891891892
			16.0135135135135	-6.48648648648649
			16.0810810810811	-6.48648648648649
			16.0810810810811	-6.55405405405405
			16.1486486486486	-6.62162162162162
			16.1486486486486	-6.68918918918919
			16.2162162162162	-6.75675675675676
			16.2162162162162	-6.82432432432432
			16.2837837837838	-6.89189189189189
			16.2837837837838	-6.95945945945946
			16.3513513513514	-7.02702702702703
			16.3513513513514	-7.09459459459459
			16.4189189189189	-7.16216216216216
			16.4189189189189	-7.22972972972973
			16.4864864864865	-7.2972972972973
			16.4864864864865	-7.36486486486486
			16.5540540540541	-7.43243243243243
			16.5540540540541	-7.5
			16.6216216216216	-7.56756756756757
			16.6216216216216	-7.63513513513514
			16.6891891891892	-7.7027027027027
			16.6891891891892	-7.77027027027027
			16.6891891891892	-7.83783783783784
			16.6891891891892	-7.90540540540541
			16.7567567567568	-7.90540540540541
			16.7567567567568	-7.97297297297297
			16.7567567567568	-8.04054054054054
			16.7567567567568	-8.10810810810811
			16.6891891891892	-8.17567567567568
			16.6891891891892	-8.24324324324324
			16.6216216216216	-8.31081081081081
			16.6216216216216	-8.37837837837838
			16.5540540540541	-8.44594594594595
			16.4864864864865	-8.51351351351351
			16.4189189189189	-8.51351351351351
			16.3513513513514	-8.58108108108108
			16.2837837837838	-8.64864864864865
			16.2162162162162	-8.64864864864865
			16.1486486486486	-8.71621621621622
			16.0810810810811	-8.78378378378378
			16.0135135135135	-8.78378378378378
			15.9459459459459	-8.85135135135135
			15.8783783783784	-8.85135135135135
			15.8108108108108	-8.85135135135135
			15.7432432432432	-8.91891891891892
			15.6756756756757	-8.91891891891892
			15.6081081081081	-8.98648648648649
			15.5405405405405	-8.98648648648649
			15.472972972973	-8.98648648648649
			15.4054054054054	-9.05405405405405
			15.3378378378378	-9.05405405405405
			15.2702702702703	-9.05405405405405
			15.2027027027027	-9.12162162162162
			15.1351351351351	-9.12162162162162
			15.0675675675676	-9.12162162162162
			15	-9.12162162162162
			14.9324324324324	-9.18918918918919
			14.8648648648649	-9.18918918918919
			14.7972972972973	-9.18918918918919
			14.7297297297297	-9.18918918918919
			14.6621621621622	-9.25675675675676
			14.5945945945946	-9.25675675675676
			14.527027027027	-9.25675675675676
			14.4594594594595	-9.25675675675676
			14.3918918918919	-9.25675675675676
			14.3243243243243	-9.32432432432432
			14.2567567567568	-9.32432432432432
			14.1891891891892	-9.32432432432432
			14.2567567567568	-9.32432432432432
			14.3243243243243	-9.39189189189189
			14.3243243243243	-9.45945945945946
			14.3243243243243	-9.52702702702703
			14.3243243243243	-9.59459459459459
		</glabella>
		<suture type=matrix rownames=FALSE colnames=FALSE nrow=166 ncol=2 as.numeric=TRUE >
			11.0135135135135	-1.28378378378378
			11.0810810810811	-1.28378378378378
			11.1486486486486	-1.28378378378378
			11.2162162162162	-1.28378378378378
			11.2837837837838	-1.28378378378378
			11.3513513513514	-1.35135135135135
			11.4189189189189	-1.35135135135135
			11.4864864864865	-1.35135135135135
			11.5540540540541	-1.35135135135135
			11.6216216216216	-1.35135135135135
			11.6891891891892	-1.35135135135135
			11.7567567567568	-1.35135135135135
			11.8243243243243	-1.41891891891892
			11.8918918918919	-1.41891891891892
			11.9594594594595	-1.41891891891892
			12.027027027027	-1.41891891891892
			12.0945945945946	-1.48648648648649
			12.1621621621622	-1.48648648648649
			12.2297297297297	-1.48648648648649
			12.2972972972973	-1.48648648648649
			12.3648648648649	-1.48648648648649
			12.4324324324324	-1.55405405405405
			12.5	-1.55405405405405
			12.5675675675676	-1.55405405405405
			12.6351351351351	-1.62162162162162
			12.7027027027027	-1.62162162162162
			12.7702702702703	-1.62162162162162
			12.8378378378378	-1.68918918918919
			12.9054054054054	-1.68918918918919
			12.972972972973	-1.68918918918919
			13.0405405405405	-1.75675675675676
			13.1081081081081	-1.75675675675676
			13.1756756756757	-1.75675675675676
			13.2432432432432	-1.82432432432432
			13.3108108108108	-1.82432432432432
			13.3783783783784	-1.89189189189189
			13.4459459459459	-1.89189189189189
			13.5135135135135	-1.95945945945946
			13.5810810810811	-1.95945945945946
			13.6486486486486	-1.95945945945946
			13.7162162162162	-2.02702702702703
			13.7837837837838	-2.02702702702703
			13.8513513513514	-2.09459459459459
			13.9189189189189	-2.09459459459459
			13.9189189189189	-2.16216216216216
			13.9864864864865	-2.16216216216216
			14.0540540540541	-2.22972972972973
			14.1216216216216	-2.2972972972973
			14.1891891891892	-2.36486486486486
			14.2567567567568	-2.43243243243243
			14.3243243243243	-2.5
			14.3918918918919	-2.5
			14.3918918918919	-2.56756756756757
			14.4594594594595	-2.63513513513514
			14.527027027027	-2.7027027027027
			14.5945945945946	-2.7027027027027
			14.5945945945946	-2.77027027027027
			14.6621621621622	-2.83783783783784
			14.7297297297297	-2.90540540540541
			14.7972972972973	-2.97297297297297
			14.8648648648649	-3.04054054054054
			14.9324324324324	-3.10810810810811
			14.9324324324324	-3.17567567567568
			15	-3.24324324324324
			15.0675675675676	-3.31081081081081
			15.1351351351351	-3.37837837837838
			15.1351351351351	-3.44594594594595
			15.2027027027027	-3.51351351351351
			15.2702702702703	-3.58108108108108
			15.2702702702703	-3.64864864864865
			15.3378378378378	-3.71621621621622
			15.3378378378378	-3.78378378378378
			15.4054054054054	-3.85135135135135
			15.472972972973	-3.91891891891892
			15.472972972973	-3.98648648648649
			15.5405405405405	-3.98648648648649
			15.5405405405405	-4.05405405405405
			15.6081081081081	-4.12162162162162
			15.6756756756757	-4.12162162162162
			15.7432432432432	-4.18918918918919
			15.8108108108108	-4.25675675675676
			15.8783783783784	-4.32432432432432
			15.9459459459459	-4.39189189189189
			16.0135135135135	-4.39189189189189
			16.0810810810811	-4.45945945945946
			16.0810810810811	-4.52702702702703
			16.1486486486486	-4.52702702702703
			16.2162162162162	-4.59459459459459
			16.2162162162162	-4.66216216216216
			16.2837837837838	-4.66216216216216
			16.3513513513514	-4.72972972972973
			16.3513513513514	-4.7972972972973
			16.4189189189189	-4.7972972972973
			16.4864864864865	-4.86486486486486
			16.4864864864865	-4.93243243243243
			16.5540540540541	-5
			16.6216216216216	-5.06756756756757
			16.6891891891892	-5.13513513513514
			16.6891891891892	-5.2027027027027
			16.7567567567568	-5.27027027027027
			16.7567567567568	-5.33783783783784
			16.8243243243243	-5.33783783783784
			16.8243243243243	-5.40540540540541
			16.8918918918919	-5.47297297297297
			16.8918918918919	-5.54054054054054
			16.9594594594595	-5.60810810810811
			17.027027027027	-5.60810810810811
			17.0945945945946	-5.67567567567568
			17.1621621621622	-5.74324324324324
			17.2297297297297	-5.81081081081081
			17.2972972972973	-5.81081081081081
			17.3648648648649	-5.87837837837838
			17.3648648648649	-5.94594594594595
			17.4324324324324	-6.01351351351351
			17.5	-6.01351351351351
			17.5	-6.08108108108108
			17.5675675675676	-6.14864864864865
			17.5675675675676	-6.21621621621622
			17.5675675675676	-6.28378378378378
			17.5675675675676	-6.35135135135135
			17.6351351351351	-6.35135135135135
			17.6351351351351	-6.41891891891892
			17.6351351351351	-6.48648648648649
			17.6351351351351	-6.55405405405405
			17.5675675675676	-6.62162162162162
			17.5675675675676	-6.68918918918919
			17.5675675675676	-6.75675675675676
			17.5675675675676	-6.82432432432432
			17.5	-6.89189189189189
			17.4324324324324	-6.95945945945946
			17.4324324324324	-7.02702702702703
			17.3648648648649	-7.09459459459459
			17.3648648648649	-7.16216216216216
			17.2972972972973	-7.22972972972973
			17.2972972972973	-7.2972972972973
			17.2297297297297	-7.36486486486486
			17.2297297297297	-7.43243243243243
			17.2297297297297	-7.5
			17.2297297297297	-7.56756756756757
			17.2972972972973	-7.56756756756757
			17.3648648648649	-7.5
			17.4324324324324	-7.43243243243243
			17.5	-7.36486486486486
			17.5675675675676	-7.2972972972973
			17.6351351351351	-7.2972972972973
			17.7027027027027	-7.2972972972973
			17.7702702702703	-7.2972972972973
			17.8378378378378	-7.2972972972973
			17.9054054054054	-7.2972972972973
			17.972972972973	-7.2972972972973
			18.0405405405405	-7.2972972972973
			18.1081081081081	-7.36486486486486
			18.1756756756757	-7.43243243243243
			18.1756756756757	-7.5
			18.2432432432432	-7.56756756756757
			18.2432432432432	-7.63513513513514
			18.2432432432432	-7.7027027027027
			18.3108108108108	-7.77027027027027
			18.3108108108108	-7.83783783783784
			18.3783783783784	-7.90540540540541
			18.3783783783784	-7.97297297297297
			18.3783783783784	-8.04054054054054
			18.3783783783784	-8.10810810810811
			18.4459459459459	-8.17567567567568
			18.4459459459459	-8.24324324324324
			18.4459459459459	-8.31081081081081
		</suture>
		<anterior type=matrix rownames=FALSE colnames=FALSE nrow=279 ncol=2 as.numeric=TRUE >
			11.0135135135135	-1.28378378378378
			11.0810810810811	-1.28378378378378
			11.1486486486486	-1.28378378378378
			11.2162162162162	-1.28378378378378
			11.2837837837838	-1.28378378378378
			11.3513513513514	-1.28378378378378
			11.4189189189189	-1.35135135135135
			11.4864864864865	-1.35135135135135
			11.5540540540541	-1.35135135135135
			11.6216216216216	-1.35135135135135
			11.6891891891892	-1.35135135135135
			11.7567567567568	-1.35135135135135
			11.7567567567568	-1.41891891891892
			11.8243243243243	-1.41891891891892
			11.8918918918919	-1.41891891891892
			11.9594594594595	-1.41891891891892
			12.027027027027	-1.41891891891892
			12.0945945945946	-1.41891891891892
			12.1621621621622	-1.48648648648649
			12.2297297297297	-1.48648648648649
			12.2972972972973	-1.48648648648649
			12.3648648648649	-1.48648648648649
			12.4324324324324	-1.55405405405405
			12.5	-1.55405405405405
			12.5675675675676	-1.55405405405405
			12.6351351351351	-1.55405405405405
			12.6351351351351	-1.62162162162162
			12.7027027027027	-1.62162162162162
			12.7702702702703	-1.62162162162162
			12.8378378378378	-1.68918918918919
			12.9054054054054	-1.68918918918919
			12.972972972973	-1.68918918918919
			13.0405405405405	-1.75675675675676
			13.1081081081081	-1.75675675675676
			13.1756756756757	-1.75675675675676
			13.2432432432432	-1.82432432432432
			13.3108108108108	-1.82432432432432
			13.3783783783784	-1.89189189189189
			13.4459459459459	-1.89189189189189
			13.5135135135135	-1.95945945945946
			13.5810810810811	-1.95945945945946
			13.6486486486486	-2.02702702702703
			13.7162162162162	-2.02702702702703
			13.7837837837838	-2.09459459459459
			13.8513513513514	-2.09459459459459
			13.9189189189189	-2.09459459459459
			13.9189189189189	-2.16216216216216
			13.9864864864865	-2.16216216216216
			14.0540540540541	-2.22972972972973
			14.1216216216216	-2.2972972972973
			14.1891891891892	-2.36486486486486
			14.2567567567568	-2.43243243243243
			14.3243243243243	-2.5
			14.3918918918919	-2.5
			14.4594594594595	-2.56756756756757
			14.4594594594595	-2.63513513513514
			14.527027027027	-2.7027027027027
			14.5945945945946	-2.7027027027027
			14.6621621621622	-2.77027027027027
			14.6621621621622	-2.83783783783784
			14.7297297297297	-2.90540540540541
			14.7972972972973	-2.90540540540541
			14.7972972972973	-2.97297297297297
			14.8648648648649	-3.04054054054054
			14.9324324324324	-3.10810810810811
			14.9324324324324	-3.17567567567568
			15	-3.24324324324324
			15.0675675675676	-3.31081081081081
			15.1351351351351	-3.37837837837838
			15.2027027027027	-3.44594594594595
			15.2027027027027	-3.51351351351351
			15.2702702702703	-3.58108108108108
			15.2702702702703	-3.64864864864865
			15.3378378378378	-3.64864864864865
			15.3378378378378	-3.71621621621622
			15.4054054054054	-3.78378378378378
			15.4054054054054	-3.85135135135135
			15.472972972973	-3.91891891891892
			15.472972972973	-3.98648648648649
			15.5405405405405	-4.05405405405405
			15.6081081081081	-4.12162162162162
			15.6756756756757	-4.12162162162162
			15.7432432432432	-4.18918918918919
			15.8108108108108	-4.18918918918919
			15.8783783783784	-4.25675675675676
			15.9459459459459	-4.25675675675676
			16.0135135135135	-4.32432432432432
			16.0810810810811	-4.32432432432432
			16.1486486486486	-4.39189189189189
			16.2162162162162	-4.39189189189189
			16.2162162162162	-4.45945945945946
			16.2837837837838	-4.45945945945946
			16.3513513513514	-4.52702702702703
			16.4189189189189	-4.59459459459459
			16.4864864864865	-4.59459459459459
			16.5540540540541	-4.66216216216216
			16.6216216216216	-4.72972972972973
			16.6891891891892	-4.7972972972973
			16.7567567567568	-4.86486486486486
			16.8243243243243	-4.86486486486486
			16.8918918918919	-4.93243243243243
			16.9594594594595	-5
			17.027027027027	-5.06756756756757
			17.0945945945946	-5.13513513513514
			17.1621621621622	-5.2027027027027
			17.2297297297297	-5.2027027027027
			17.2972972972973	-5.27027027027027
			17.3648648648649	-5.27027027027027
			17.4324324324324	-5.33783783783784
			17.5	-5.33783783783784
			17.5675675675676	-5.33783783783784
			17.5675675675676	-5.40540540540541
			17.6351351351351	-5.40540540540541
			17.7027027027027	-5.47297297297297
			17.7702702702703	-5.47297297297297
			17.8378378378378	-5.47297297297297
			17.8378378378378	-5.54054054054054
			17.9054054054054	-5.54054054054054
			17.972972972973	-5.54054054054054
			17.972972972973	-5.60810810810811
			18.0405405405405	-5.60810810810811
			18.1081081081081	-5.60810810810811
			18.1081081081081	-5.67567567567568
			18.1756756756757	-5.67567567567568
			18.1756756756757	-5.74324324324324
			18.2432432432432	-5.74324324324324
			18.3108108108108	-5.74324324324324
			18.3108108108108	-5.81081081081081
			18.3783783783784	-5.81081081081081
			18.3783783783784	-5.87837837837838
			18.4459459459459	-5.87837837837838
			18.5135135135135	-5.94594594594595
			18.5810810810811	-5.94594594594595
			18.6486486486486	-6.01351351351351
			18.7162162162162	-6.01351351351351
			18.7837837837838	-6.01351351351351
			18.8513513513514	-6.08108108108108
			18.9189189189189	-6.08108108108108
			18.9864864864865	-6.08108108108108
			19.0540540540541	-6.14864864864865
			19.1216216216216	-6.14864864864865
			19.1891891891892	-6.14864864864865
			19.2567567567568	-6.21621621621622
			19.3243243243243	-6.21621621621622
			19.3918918918919	-6.21621621621622
			19.4594594594595	-6.28378378378378
			19.527027027027	-6.28378378378378
			19.5945945945946	-6.35135135135135
			19.6621621621622	-6.35135135135135
			19.7297297297297	-6.35135135135135
			19.7972972972973	-6.41891891891892
			19.8648648648649	-6.41891891891892
			19.9324324324324	-6.48648648648649
			20	-6.48648648648649
			20.0675675675676	-6.55405405405405
			20.1351351351351	-6.55405405405405
			20.2027027027027	-6.62162162162162
			20.2702702702703	-6.62162162162162
			20.3378378378378	-6.62162162162162
			20.4054054054054	-6.68918918918919
			20.472972972973	-6.68918918918919
			20.5405405405405	-6.75675675675676
			20.6081081081081	-6.75675675675676
			20.6756756756757	-6.75675675675676
			20.7432432432432	-6.82432432432432
			20.8108108108108	-6.82432432432432
			20.8783783783784	-6.89189189189189
			20.9459459459459	-6.95945945945946
			21.0135135135135	-6.95945945945946
			21.0810810810811	-7.02702702702703
			21.1486486486486	-7.09459459459459
			21.2162162162162	-7.09459459459459
			21.2837837837838	-7.16216216216216
			21.3513513513514	-7.22972972972973
			21.4189189189189	-7.2972972972973
			21.4864864864865	-7.36486486486486
			21.5540540540541	-7.43243243243243
			21.6216216216216	-7.5
			21.6216216216216	-7.56756756756757
			21.6891891891892	-7.63513513513514
			21.7567567567568	-7.7027027027027
			21.8243243243243	-7.77027027027027
			21.8918918918919	-7.83783783783784
			21.9594594594595	-7.90540540540541
			21.9594594594595	-7.97297297297297
			22.027027027027	-8.04054054054054
			22.027027027027	-8.10810810810811
			22.0945945945946	-8.10810810810811
			22.0945945945946	-8.17567567567568
			22.0945945945946	-8.24324324324324
			22.1621621621622	-8.31081081081081
			22.1621621621622	-8.37837837837838
			22.2297297297297	-8.44594594594595
			22.1621621621622	-8.44594594594595
			22.0945945945946	-8.51351351351351
			22.027027027027	-8.51351351351351
			21.9594594594595	-8.51351351351351
			21.8918918918919	-8.51351351351351
			21.8243243243243	-8.51351351351351
			21.8243243243243	-8.44594594594595
			21.7567567567568	-8.44594594594595
			21.6891891891892	-8.44594594594595
			21.6891891891892	-8.37837837837838
			21.6216216216216	-8.37837837837838
			21.6216216216216	-8.31081081081081
			21.5540540540541	-8.31081081081081
			21.5540540540541	-8.24324324324324
			21.4864864864865	-8.17567567567568
			21.4189189189189	-8.17567567567568
			21.3513513513514	-8.10810810810811
			21.2837837837838	-8.10810810810811
			21.2162162162162	-8.04054054054054
			21.1486486486486	-8.04054054054054
			21.0810810810811	-8.04054054054054
			21.0135135135135	-7.97297297297297
			20.9459459459459	-7.97297297297297
			20.8783783783784	-7.97297297297297
			20.8108108108108	-7.90540540540541
			20.7432432432432	-7.90540540540541
			20.6756756756757	-7.90540540540541
			20.6081081081081	-7.90540540540541
			20.5405405405405	-7.90540540540541
			20.472972972973	-7.90540540540541
			20.4054054054054	-7.90540540540541
			20.3378378378378	-7.90540540540541
			20.2702702702703	-7.83783783783784
			20.2027027027027	-7.83783783783784
			20.1351351351351	-7.83783783783784
			20.0675675675676	-7.83783783783784
			20	-7.90540540540541
			19.9324324324324	-7.90540540540541
			19.8648648648649	-7.90540540540541
			19.7972972972973	-7.90540540540541
			19.7297297297297	-7.90540540540541
			19.6621621621622	-7.90540540540541
			19.5945945945946	-7.90540540540541
			19.527027027027	-7.97297297297297
			19.4594594594595	-7.97297297297297
			19.3918918918919	-7.97297297297297
			19.3243243243243	-7.97297297297297
			19.2567567567568	-8.04054054054054
			19.1891891891892	-8.04054054054054
			19.1216216216216	-8.04054054054054
			19.0540540540541	-8.04054054054054
			18.9864864864865	-8.10810810810811
			18.9189189189189	-8.10810810810811
			18.8513513513514	-8.10810810810811
			18.7837837837838	-8.17567567567568
			18.7162162162162	-8.17567567567568
			18.6486486486486	-8.24324324324324
			18.5810810810811	-8.24324324324324
			18.5135135135135	-8.31081081081081
			18.4459459459459	-8.31081081081081
			18.3783783783784	-8.37837837837838
			18.3783783783784	-8.44594594594595
			18.3108108108108	-8.44594594594595
			18.2432432432432	-8.51351351351351
			18.2432432432432	-8.58108108108108
			18.1756756756757	-8.64864864864865
			18.1081081081081	-8.64864864864865
			18.1081081081081	-8.71621621621622
			18.0405405405405	-8.78378378378378
			17.972972972973	-8.85135135135135
			17.9054054054054	-8.85135135135135
			17.8378378378378	-8.91891891891892
			17.7702702702703	-8.98648648648649
			17.7027027027027	-9.05405405405405
			17.6351351351351	-9.12162162162162
			17.5675675675676	-9.12162162162162
			17.5	-9.12162162162162
			17.4324324324324	-9.18918918918919
			17.3648648648649	-9.25675675675676
			17.2972972972973	-9.25675675675676
			17.2297297297297	-9.32432432432432
			17.1621621621622	-9.32432432432432
			17.0945945945946	-9.39189189189189
			17.027027027027	-9.39189189189189
			16.9594594594595	-9.45945945945946
			16.8918918918919	-9.45945945945946
		</anterior>
		<posterior type=matrix rownames=FALSE colnames=FALSE nrow=88 ncol=2 as.numeric=TRUE >
			11.0135135135135	-10.1351351351351
			11.0810810810811	-10.1351351351351
			11.1486486486486	-10.1351351351351
			11.2162162162162	-10.1351351351351
			11.2837837837838	-10.1351351351351
			11.3513513513514	-10.1351351351351
			11.4189189189189	-10.1351351351351
			11.4864864864865	-10.1351351351351
			11.5540540540541	-10.1351351351351
			11.6216216216216	-10.1351351351351
			11.6891891891892	-10.1351351351351
			11.7567567567568	-10.1351351351351
			11.8243243243243	-10.1351351351351
			11.8918918918919	-10.1351351351351
			11.9594594594595	-10.0675675675676
			12.027027027027	-10.0675675675676
			12.0945945945946	-10.0675675675676
			12.1621621621622	-10.0675675675676
			12.2297297297297	-10.0675675675676
			12.2972972972973	-10.0675675675676
			12.3648648648649	-10
			12.4324324324324	-10
			12.5	-10
			12.5675675675676	-10
			12.6351351351351	-10
			12.7027027027027	-10
			12.7702702702703	-9.93243243243243
			12.8378378378378	-9.93243243243243
			12.9054054054054	-9.93243243243243
			12.972972972973	-9.93243243243243
			13.0405405405405	-9.93243243243243
			13.1081081081081	-9.86486486486486
			13.1756756756757	-9.86486486486486
			13.2432432432432	-9.86486486486486
			13.3108108108108	-9.86486486486486
			13.3783783783784	-9.86486486486486
			13.4459459459459	-9.7972972972973
			13.5135135135135	-9.7972972972973
			13.5810810810811	-9.7972972972973
			13.6486486486486	-9.7972972972973
			13.7162162162162	-9.72972972972973
			13.7837837837838	-9.72972972972973
			13.8513513513514	-9.72972972972973
			13.9189189189189	-9.66216216216216
			13.9864864864865	-9.66216216216216
			14.0540540540541	-9.66216216216216
			14.1216216216216	-9.66216216216216
			14.1891891891892	-9.59459459459459
			14.2567567567568	-9.59459459459459
			14.3243243243243	-9.59459459459459
			14.3918918918919	-9.59459459459459
			14.4594594594595	-9.59459459459459
			14.527027027027	-9.59459459459459
			14.5945945945946	-9.59459459459459
			14.6621621621622	-9.59459459459459
			14.7297297297297	-9.59459459459459
			14.7972972972973	-9.59459459459459
			14.8648648648649	-9.59459459459459
			14.9324324324324	-9.66216216216216
			15	-9.66216216216216
			15.0675675675676	-9.66216216216216
			15.1351351351351	-9.66216216216216
			15.2027027027027	-9.66216216216216
			15.2702702702703	-9.66216216216216
			15.3378378378378	-9.66216216216216
			15.4054054054054	-9.66216216216216
			15.472972972973	-9.66216216216216
			15.5405405405405	-9.66216216216216
			15.6081081081081	-9.59459459459459
			15.6756756756757	-9.59459459459459
			15.7432432432432	-9.59459459459459
			15.8108108108108	-9.59459459459459
			15.8783783783784	-9.59459459459459
			15.9459459459459	-9.59459459459459
			16.0135135135135	-9.59459459459459
			16.0810810810811	-9.59459459459459
			16.1486486486486	-9.52702702702703
			16.2162162162162	-9.52702702702703
			16.2837837837838	-9.52702702702703
			16.3513513513514	-9.52702702702703
			16.4189189189189	-9.52702702702703
			16.4864864864865	-9.52702702702703
			16.5540540540541	-9.52702702702703
			16.6216216216216	-9.45945945945946
			16.6891891891892	-9.45945945945946
			16.7567567567568	-9.45945945945946
			16.8243243243243	-9.45945945945946
			16.8918918918919	-9.45945945945946
		</posterior>
	</curves.scaled>
	<ruler.points type=matrix rownames=TRUE colnames=FALSE nrow=2 ncol=2 as.numeric=TRUE >
		Ruler point 1	219	355
		Ruler point 2	293	355
	</ruler.points>
</shapes>

