<shapes type=list>
	<ruler.pixel type=vector names=FALSE length=1 as.numeric=TRUE >81</ruler.pixel>
	<ruler.interval type=vector names=FALSE length=1 as.numeric=TRUE >2</ruler.interval>
	<scaling.units type=vector names=FALSE length=1 as.numeric=FALSE >mm</scaling.units>
	<scaling type=vector names=FALSE length=1 as.numeric=TRUE >0.0246913580246914</scaling>
	<landmarks.pixel type=matrix rownames=TRUE colnames=FALSE nrow=16 ncol=2 as.numeric=TRUE >
		LM1	228	12
		LM2	228	24
		LM3	230	200
		LM4	231	226
		LM5	320	85
		LM6	270	204
		LM7	273	221
		LM8	304	127
		LM9	312	192
		LM10	228	24
		LM11	388	172
		LM12	417	184
		LM13	228	12
		LM14	373	151
		LM15	432	226
		LM16	431	410
	</landmarks.pixel>
	<landmarks.scaled type=matrix rownames=TRUE colnames=FALSE nrow=16 ncol=2 as.numeric=TRUE >
		LM1	5.62962962962963	-0.296296296296296
		LM2	5.62962962962963	-0.592592592592593
		LM3	5.67901234567901	-4.93827160493827
		LM4	5.7037037037037	-5.58024691358025
		LM5	7.90123456790123	-2.09876543209877
		LM6	6.66666666666667	-5.03703703703704
		LM7	6.74074074074074	-5.45679012345679
		LM8	7.50617283950617	-3.1358024691358
		LM9	7.7037037037037	-4.74074074074074
		LM10	5.62962962962963	-0.592592592592593
		LM11	9.58024691358025	-4.24691358024691
		LM12	10.2962962962963	-4.54320987654321
		LM13	5.62962962962963	-0.296296296296296
		LM14	9.20987654320988	-3.72839506172839
		LM15	10.6666666666667	-5.58024691358025
		LM16	10.641975308642	-10.1234567901235
	</landmarks.scaled>
	<curves.control type=list>
		<glabella type=matrix rownames=FALSE colnames=FALSE nrow=7 ncol=2 as.numeric=TRUE >
			228	24
			352	54
			307	108
			295	152
			270	187
			269	198
			273	221
		</glabella>
		<suture type=matrix rownames=FALSE colnames=FALSE nrow=15 ncol=2 as.numeric=TRUE >
			228	24
			306	41
			319	72
			323	103
			312	116
			347	115
			358	154
			354	178
			334	187
			295	194
			335	204
			356	197
			374	183
			394	157
			417	184
		</suture>
		<anterior type=matrix rownames=FALSE colnames=FALSE nrow=3 ncol=2 as.numeric=TRUE >
			228	12
			377	43
			432	226
		</anterior>
		<posterior type=matrix rownames=FALSE colnames=FALSE nrow=11 ncol=2 as.numeric=TRUE >
			231	226
			251	229
			293	228
			324	228
			372	238
			407	238
			403	281
			425	430
			431	411
			444	375
			432	226
		</posterior>
	</curves.control>
	<curves.pixel type=list>
		<glabella type=matrix rownames=FALSE colnames=FALSE nrow=255 ncol=2 as.numeric=TRUE >
			228	24
			229	24
			230	24
			231	25
			232	25
			233	25
			234	25
			235	26
			236	26
			237	26
			238	26
			239	27
			240	27
			241	27
			242	27
			242	28
			243	28
			244	28
			245	29
			246	29
			247	29
			248	29
			249	30
			250	30
			251	30
			252	31
			253	31
			254	31
			255	32
			256	32
			257	32
			258	33
			259	33
			260	33
			261	34
			262	34
			263	34
			264	34
			265	35
			266	35
			267	35
			268	36
			269	36
			270	37
			271	37
			272	38
			273	38
			274	38
			275	39
			276	39
			277	40
			278	40
			279	40
			280	41
			281	41
			282	42
			283	42
			284	43
			285	43
			286	43
			287	44
			288	45
			289	45
			290	46
			291	46
			292	47
			293	47
			294	48
			295	48
			296	49
			297	50
			298	50
			298	51
			299	51
			300	52
			301	52
			302	53
			303	54
			304	55
			305	56
			306	56
			307	57
			308	58
			308	59
			309	59
			310	60
			310	61
			311	61
			312	62
			312	63
			313	64
			314	65
			315	66
			315	67
			316	68
			316	69
			317	70
			317	71
			317	72
			318	73
			318	74
			318	75
			318	76
			319	77
			319	78
			319	79
			319	80
			319	81
			319	82
			319	83
			319	84
			319	85
			318	86
			318	87
			318	88
			318	89
			317	90
			317	91
			317	92
			316	93
			316	94
			316	95
			315	96
			314	97
			314	98
			314	99
			313	99
			313	100
			312	101
			312	102
			311	103
			310	104
			309	105
			308	106
			308	107
			307	108
			307	109
			307	110
			306	110
			306	111
			306	112
			306	113
			305	114
			305	115
			305	116
			304	117
			304	118
			304	119
			303	120
			303	121
			303	122
			303	123
			302	124
			302	125
			301	126
			301	127
			301	128
			300	129
			300	130
			300	131
			299	132
			299	133
			298	134
			298	135
			298	136
			297	137
			297	138
			297	139
			296	140
			296	141
			295	142
			295	143
			294	144
			294	145
			294	146
			293	146
			293	147
			293	148
			292	148
			292	149
			292	150
			291	151
			291	152
			290	153
			290	154
			289	155
			289	156
			288	156
			288	157
			288	158
			287	159
			287	160
			286	161
			286	162
			285	163
			285	164
			284	165
			284	166
			283	166
			283	167
			282	168
			282	169
			281	170
			281	171
			280	172
			280	173
			279	173
			279	174
			278	175
			277	176
			277	177
			276	178
			275	179
			275	180
			274	181
			273	182
			273	183
			272	184
			271	185
			271	186
			270	187
			270	188
			270	189
			270	190
			270	191
			270	192
			270	193
			270	194
			270	195
			270	196
			270	197
			270	198
			270	199
			270	200
			270	201
			270	202
			270	203
			271	204
			271	205
			271	206
			271	207
			271	208
			271	209
			271	210
			271	211
			272	212
			272	213
			272	214
			272	215
			272	216
			272	217
			272	218
			273	219
			273	220
			273	221
		</glabella>
		<suture type=matrix rownames=FALSE colnames=FALSE nrow=373 ncol=2 as.numeric=TRUE >
			228	24
			229	24
			230	24
			231	25
			232	25
			233	25
			234	25
			235	26
			236	26
			237	26
			238	26
			239	27
			240	27
			241	27
			242	27
			243	28
			244	28
			245	28
			246	28
			247	29
			248	29
			249	29
			250	29
			251	30
			252	30
			253	30
			254	31
			255	31
			256	31
			257	32
			258	32
			259	32
			260	33
			261	33
			262	33
			263	34
			264	34
			265	34
			266	34
			267	35
			268	35
			269	35
			270	36
			271	36
			272	36
			273	37
			274	37
			275	38
			276	38
			277	39
			278	39
			279	40
			280	40
			281	40
			282	41
			283	41
			284	42
			285	42
			286	43
			287	43
			288	43
			289	44
			290	44
			290	45
			291	45
			292	46
			293	46
			294	47
			295	48
			296	48
			297	49
			298	49
			299	50
			300	50
			301	51
			301	52
			302	52
			303	53
			304	53
			304	54
			305	55
			306	55
			307	56
			308	57
			309	58
			310	59
			311	60
			312	61
			313	62
			314	63
			314	64
			315	65
			316	66
			316	67
			317	68
			317	69
			318	70
			318	71
			319	72
			319	73
			319	74
			319	75
			319	76
			320	77
			320	78
			320	79
			320	80
			320	81
			320	82
			320	83
			320	84
			320	85
			320	86
			320	87
			320	88
			320	89
			320	90
			320	91
			320	92
			320	93
			320	94
			320	95
			320	96
			319	97
			319	98
			319	99
			319	100
			319	101
			319	102
			318	103
			318	104
			318	105
			317	106
			317	107
			317	108
			316	109
			316	110
			315	111
			315	112
			314	113
			314	114
			313	115
			312	115
			313	116
			314	116
			315	116
			316	116
			317	116
			318	116
			319	116
			320	116
			321	117
			322	117
			323	117
			324	117
			325	117
			326	117
			327	118
			328	118
			329	118
			330	119
			331	119
			332	120
			333	120
			334	121
			335	121
			336	122
			337	122
			338	123
			339	123
			340	124
			340	125
			341	125
			342	126
			343	127
			344	127
			344	128
			345	129
			346	130
			347	131
			347	132
			348	133
			349	134
			349	135
			350	136
			351	137
			351	138
			352	139
			353	140
			353	141
			354	142
			354	143
			355	144
			355	145
			355	146
			356	147
			356	148
			356	149
			357	150
			357	151
			357	152
			358	153
			358	154
			358	155
			358	156
			357	157
			357	158
			357	159
			357	160
			356	161
			356	162
			356	163
			355	164
			355	165
			355	166
			354	167
			354	168
			353	169
			353	170
			352	171
			352	172
			351	173
			350	174
			349	175
			349	176
			348	177
			347	178
			346	179
			345	180
			344	181
			343	182
			342	183
			341	183
			340	184
			339	184
			338	185
			337	185
			337	186
			336	186
			335	186
			334	187
			333	187
			332	187
			331	188
			330	188
			329	188
			328	188
			327	188
			327	189
			326	189
			325	189
			324	189
			323	190
			322	190
			321	190
			320	191
			319	191
			318	191
			317	192
			316	192
			315	193
			315	194
			315	195
			315	196
			316	196
			316	197
			317	198
			318	198
			319	199
			320	199
			321	200
			322	200
			323	200
			324	201
			325	201
			326	201
			327	202
			328	202
			329	202
			330	203
			331	203
			332	203
			333	204
			334	204
			335	204
			336	204
			337	203
			338	203
			339	203
			340	202
			341	202
			342	201
			343	201
			344	201
			345	200
			346	200
			347	199
			348	199
			349	198
			350	198
			351	197
			352	197
			353	197
			354	196
			355	196
			356	195
			357	194
			358	194
			359	193
			360	192
			361	192
			362	191
			363	191
			363	190
			364	190
			365	190
			365	189
			366	189
			367	188
			368	187
			369	187
			370	186
			371	185
			372	185
			372	184
			373	184
			374	183
			375	182
			376	181
			376	180
			377	179
			378	178
			379	177
			380	177
			381	176
			381	175
			382	175
			383	174
			384	173
			385	173
			386	172
			387	172
			388	172
			388	171
			389	171
			390	171
			391	171
			392	170
			393	170
			394	170
			395	170
			396	170
			397	170
			398	171
			399	171
			400	171
			401	172
			402	172
			403	172
			404	173
			405	173
			406	174
			407	175
			408	175
			409	176
			410	177
			411	178
			412	179
			413	180
			414	181
			415	182
			416	183
			417	184
		</suture>
		<anterior type=matrix rownames=FALSE colnames=FALSE nrow=284 ncol=2 as.numeric=TRUE >
			228	12
			229	12
			230	12
			231	13
			232	13
			233	13
			234	13
			235	13
			236	14
			237	14
			238	14
			239	15
			240	15
			241	15
			242	15
			243	16
			244	16
			245	16
			246	16
			246	17
			247	17
			248	17
			249	17
			250	17
			250	18
			251	18
			252	18
			253	18
			253	19
			254	19
			255	19
			256	19
			257	20
			258	20
			259	20
			260	21
			261	21
			262	21
			263	22
			264	22
			265	22
			265	23
			266	23
			267	23
			268	24
			269	24
			270	24
			271	25
			272	25
			273	26
			274	26
			275	27
			276	27
			277	28
			278	28
			279	28
			280	29
			281	29
			282	30
			283	30
			284	31
			285	31
			286	32
			287	32
			288	32
			289	33
			290	33
			291	34
			292	34
			292	35
			293	35
			294	36
			295	36
			296	37
			297	37
			298	38
			299	39
			300	39
			301	40
			302	40
			303	41
			304	42
			305	42
			306	43
			307	43
			308	44
			309	45
			310	45
			311	46
			312	47
			313	47
			314	48
			315	49
			316	49
			317	50
			318	51
			319	51
			320	52
			321	53
			322	53
			323	54
			324	55
			325	55
			326	56
			327	57
			328	58
			329	58
			330	59
			331	60
			332	61
			333	61
			333	62
			334	63
			335	64
			336	64
			337	65
			338	66
			339	67
			340	68
			341	68
			342	69
			342	70
			343	71
			344	72
			345	73
			346	73
			347	74
			348	75
			349	76
			349	77
			350	78
			351	79
			352	79
			353	80
			354	81
			355	82
			355	83
			356	84
			357	85
			358	86
			359	87
			359	88
			360	88
			361	89
			362	90
			363	91
			364	92
			364	93
			365	94
			366	95
			367	96
			368	97
			368	98
			369	99
			370	100
			371	101
			371	102
			372	103
			373	104
			374	105
			375	106
			375	107
			376	108
			377	109
			378	110
			378	111
			379	112
			380	113
			380	114
			381	115
			382	116
			382	117
			383	118
			384	119
			385	120
			385	121
			386	122
			386	123
			387	124
			388	125
			388	126
			389	127
			389	128
			390	129
			391	130
			391	131
			392	132
			392	133
			393	134
			394	135
			394	136
			395	137
			395	138
			396	139
			396	140
			397	141
			398	142
			398	143
			399	144
			399	145
			400	146
			400	147
			401	148
			401	149
			402	150
			403	151
			403	152
			403	153
			404	153
			404	154
			404	155
			405	155
			405	156
			405	157
			406	158
			406	159
			407	160
			407	161
			408	162
			408	163
			409	164
			409	165
			410	166
			410	167
			411	168
			411	169
			411	170
			412	171
			412	172
			413	173
			413	174
			414	175
			414	176
			414	177
			415	178
			415	179
			416	180
			416	181
			416	182
			417	183
			417	184
			418	185
			418	186
			419	187
			419	188
			419	189
			420	190
			420	191
			421	192
			421	193
			421	194
			422	195
			422	196
			422	197
			423	198
			423	199
			423	200
			424	201
			424	202
			425	203
			425	204
			425	205
			425	206
			426	206
			426	207
			426	208
			426	209
			427	210
			427	211
			428	212
			428	213
			428	214
			429	215
			429	216
			429	217
			429	218
			430	219
			430	220
			430	221
			431	222
			431	223
			431	224
			432	225
			432	226
		</anterior>
		<posterior type=matrix rownames=FALSE colnames=FALSE nrow=526 ncol=2 as.numeric=TRUE >
			231	226
			232	226
			233	226
			234	226
			235	227
			236	227
			237	227
			238	227
			239	227
			240	227
			241	227
			242	227
			243	227
			244	227
			245	227
			246	228
			247	228
			248	228
			249	228
			250	228
			251	228
			252	228
			253	228
			254	228
			255	228
			256	228
			257	228
			258	228
			259	228
			260	228
			261	228
			262	228
			263	228
			264	228
			265	228
			266	228
			267	228
			268	228
			269	228
			270	228
			271	228
			272	228
			273	228
			274	228
			275	228
			276	228
			277	228
			278	228
			279	228
			280	228
			281	228
			282	228
			283	228
			284	228
			285	228
			286	228
			287	228
			288	228
			289	228
			290	228
			291	228
			292	228
			293	228
			294	228
			295	228
			296	228
			297	228
			298	228
			299	228
			300	228
			301	228
			302	228
			303	228
			304	228
			305	228
			306	228
			307	228
			308	229
			309	229
			310	229
			311	229
			312	229
			313	229
			314	229
			315	229
			316	229
			317	229
			318	229
			319	229
			320	230
			321	230
			322	230
			323	230
			324	230
			325	230
			326	230
			327	230
			328	230
			329	231
			330	231
			331	231
			332	231
			333	231
			334	231
			335	231
			336	232
			337	232
			338	232
			339	232
			340	232
			341	232
			342	233
			343	233
			344	233
			345	233
			346	233
			347	233
			348	233
			349	234
			350	234
			351	234
			352	234
			353	234
			354	234
			355	235
			356	235
			357	235
			358	235
			359	235
			360	236
			361	236
			362	236
			363	236
			364	236
			365	237
			366	237
			367	237
			368	237
			369	237
			370	238
			371	238
			372	238
			373	238
			374	238
			375	238
			376	238
			377	238
			378	238
			379	238
			379	239
			380	239
			381	239
			382	239
			383	239
			384	240
			385	240
			386	240
			387	240
			387	241
			388	241
			389	242
			390	242
			391	243
			392	244
			393	244
			394	245
			395	246
			396	247
			397	248
			397	249
			398	250
			399	251
			399	252
			400	253
			400	254
			401	255
			401	256
			401	257
			402	258
			402	259
			402	260
			402	261
			403	262
			403	263
			403	264
			403	265
			403	266
			403	267
			403	268
			403	269
			403	270
			403	271
			403	272
			403	273
			403	274
			403	275
			403	276
			403	277
			403	278
			403	279
			403	280
			403	281
			403	282
			403	283
			403	284
			404	284
			404	285
			404	286
			404	287
			404	288
			404	289
			404	290
			404	291
			405	291
			405	292
			405	293
			405	294
			405	295
			405	296
			405	297
			405	298
			406	299
			406	300
			406	301
			406	302
			406	303
			407	304
			407	305
			407	306
			407	307
			407	308
			407	309
			407	310
			407	311
			408	312
			408	313
			408	314
			408	315
			408	316
			408	317
			409	318
			409	319
			409	320
			409	321
			409	322
			409	323
			410	324
			410	325
			410	326
			410	327
			410	328
			410	329
			410	330
			411	331
			411	332
			411	333
			411	334
			411	335
			412	336
			412	337
			412	338
			412	339
			412	340
			412	341
			412	342
			413	343
			413	344
			413	345
			413	346
			413	347
			414	348
			414	349
			414	350
			414	351
			414	352
			414	353
			415	354
			415	355
			415	356
			415	357
			415	358
			415	359
			416	360
			416	361
			416	362
			416	363
			416	364
			417	365
			417	366
			417	367
			417	368
			417	369
			417	370
			418	371
			418	372
			418	373
			418	374
			418	375
			419	376
			419	377
			419	378
			419	379
			419	380
			419	381
			420	382
			420	383
			420	384
			420	385
			421	386
			421	387
			421	388
			421	389
			421	390
			422	391
			422	392
			422	393
			422	394
			423	395
			423	396
			423	397
			423	398
			423	399
			424	399
			424	400
			424	401
			424	402
			425	403
			425	404
			425	405
			426	406
			426	407
			426	408
			427	409
			427	410
			427	411
			428	412
			429	413
			430	413
			431	412
			431	411
			431	410
			432	409
			432	408
			432	407
			433	406
			433	405
			433	404
			433	403
			433	402
			434	401
			434	400
			434	399
			434	398
			434	397
			435	396
			435	395
			435	394
			435	393
			435	392
			435	391
			435	390
			436	389
			436	388
			436	387
			436	386
			436	385
			436	384
			436	383
			436	382
			436	381
			436	380
			437	379
			437	378
			437	377
			437	376
			437	375
			437	374
			437	373
			437	372
			437	371
			437	370
			437	369
			437	368
			437	367
			437	366
			437	365
			437	364
			437	363
			437	362
			437	361
			438	361
			438	360
			438	359
			438	358
			438	357
			438	356
			438	355
			438	354
			438	353
			438	352
			438	351
			438	350
			438	349
			438	348
			438	347
			438	346
			438	345
			438	344
			438	343
			438	342
			438	341
			438	340
			438	339
			438	338
			438	337
			438	336
			438	335
			438	334
			438	333
			438	332
			438	331
			438	330
			438	329
			438	328
			438	327
			438	326
			438	325
			438	324
			438	323
			437	322
			437	321
			437	320
			437	319
			437	318
			437	317
			437	316
			437	315
			437	314
			437	313
			437	312
			437	311
			437	310
			437	309
			437	308
			437	307
			437	306
			437	305
			437	304
			437	303
			437	302
			437	301
			437	300
			437	299
			437	298
			437	297
			437	296
			437	295
			436	294
			436	293
			436	292
			436	291
			436	290
			436	289
			436	288
			436	287
			436	286
			436	285
			436	284
			436	283
			436	282
			436	281
			436	280
			436	279
			436	278
			436	277
			436	276
			435	275
			435	274
			435	273
			435	272
			435	271
			435	270
			435	269
			435	268
			435	267
			435	266
			435	265
			435	264
			435	263
			435	262
			435	261
			435	260
			434	259
			434	258
			434	257
			434	256
			434	255
			434	254
			434	253
			434	252
			434	251
			434	250
			434	249
			434	248
			434	247
			434	246
			433	245
			433	244
			433	243
			433	242
			433	241
			433	240
			433	239
			433	238
			433	237
			433	236
			433	235
			433	234
			433	233
			432	232
			432	231
			432	230
			432	229
			432	228
			432	227
			432	226
		</posterior>
	</curves.pixel>
	<curves.scaled type=list>
		<glabella type=matrix rownames=FALSE colnames=FALSE nrow=255 ncol=2 as.numeric=TRUE >
			5.62962962962963	-0.592592592592593
			5.65432098765432	-0.592592592592593
			5.67901234567901	-0.592592592592593
			5.7037037037037	-0.617283950617284
			5.72839506172839	-0.617283950617284
			5.75308641975309	-0.617283950617284
			5.77777777777778	-0.617283950617284
			5.80246913580247	-0.641975308641975
			5.82716049382716	-0.641975308641975
			5.85185185185185	-0.641975308641975
			5.87654320987654	-0.641975308641975
			5.90123456790123	-0.666666666666667
			5.92592592592593	-0.666666666666667
			5.95061728395062	-0.666666666666667
			5.97530864197531	-0.666666666666667
			5.97530864197531	-0.691358024691358
			6	-0.691358024691358
			6.02469135802469	-0.691358024691358
			6.04938271604938	-0.716049382716049
			6.07407407407407	-0.716049382716049
			6.09876543209876	-0.716049382716049
			6.12345679012346	-0.716049382716049
			6.14814814814815	-0.740740740740741
			6.17283950617284	-0.740740740740741
			6.19753086419753	-0.740740740740741
			6.22222222222222	-0.765432098765432
			6.24691358024691	-0.765432098765432
			6.2716049382716	-0.765432098765432
			6.2962962962963	-0.790123456790123
			6.32098765432099	-0.790123456790123
			6.34567901234568	-0.790123456790123
			6.37037037037037	-0.814814814814815
			6.39506172839506	-0.814814814814815
			6.41975308641975	-0.814814814814815
			6.44444444444444	-0.839506172839506
			6.46913580246914	-0.839506172839506
			6.49382716049383	-0.839506172839506
			6.51851851851852	-0.839506172839506
			6.54320987654321	-0.864197530864197
			6.5679012345679	-0.864197530864197
			6.59259259259259	-0.864197530864197
			6.61728395061728	-0.888888888888889
			6.64197530864197	-0.888888888888889
			6.66666666666667	-0.91358024691358
			6.69135802469136	-0.91358024691358
			6.71604938271605	-0.938271604938272
			6.74074074074074	-0.938271604938272
			6.76543209876543	-0.938271604938272
			6.79012345679012	-0.962962962962963
			6.81481481481481	-0.962962962962963
			6.83950617283951	-0.987654320987654
			6.8641975308642	-0.987654320987654
			6.88888888888889	-0.987654320987654
			6.91358024691358	-1.01234567901235
			6.93827160493827	-1.01234567901235
			6.96296296296296	-1.03703703703704
			6.98765432098765	-1.03703703703704
			7.01234567901234	-1.06172839506173
			7.03703703703704	-1.06172839506173
			7.06172839506173	-1.06172839506173
			7.08641975308642	-1.08641975308642
			7.11111111111111	-1.11111111111111
			7.1358024691358	-1.11111111111111
			7.16049382716049	-1.1358024691358
			7.18518518518519	-1.1358024691358
			7.20987654320988	-1.16049382716049
			7.23456790123457	-1.16049382716049
			7.25925925925926	-1.18518518518519
			7.28395061728395	-1.18518518518519
			7.30864197530864	-1.20987654320988
			7.33333333333333	-1.23456790123457
			7.35802469135802	-1.23456790123457
			7.35802469135802	-1.25925925925926
			7.38271604938272	-1.25925925925926
			7.40740740740741	-1.28395061728395
			7.4320987654321	-1.28395061728395
			7.45679012345679	-1.30864197530864
			7.48148148148148	-1.33333333333333
			7.50617283950617	-1.35802469135802
			7.53086419753086	-1.38271604938272
			7.55555555555556	-1.38271604938272
			7.58024691358025	-1.40740740740741
			7.60493827160494	-1.4320987654321
			7.60493827160494	-1.45679012345679
			7.62962962962963	-1.45679012345679
			7.65432098765432	-1.48148148148148
			7.65432098765432	-1.50617283950617
			7.67901234567901	-1.50617283950617
			7.7037037037037	-1.53086419753086
			7.7037037037037	-1.55555555555556
			7.72839506172839	-1.58024691358025
			7.75308641975309	-1.60493827160494
			7.77777777777778	-1.62962962962963
			7.77777777777778	-1.65432098765432
			7.80246913580247	-1.67901234567901
			7.80246913580247	-1.7037037037037
			7.82716049382716	-1.72839506172839
			7.82716049382716	-1.75308641975309
			7.82716049382716	-1.77777777777778
			7.85185185185185	-1.80246913580247
			7.85185185185185	-1.82716049382716
			7.85185185185185	-1.85185185185185
			7.85185185185185	-1.87654320987654
			7.87654320987654	-1.90123456790123
			7.87654320987654	-1.92592592592593
			7.87654320987654	-1.95061728395062
			7.87654320987654	-1.97530864197531
			7.87654320987654	-2
			7.87654320987654	-2.02469135802469
			7.87654320987654	-2.04938271604938
			7.87654320987654	-2.07407407407407
			7.87654320987654	-2.09876543209877
			7.85185185185185	-2.12345679012346
			7.85185185185185	-2.14814814814815
			7.85185185185185	-2.17283950617284
			7.85185185185185	-2.19753086419753
			7.82716049382716	-2.22222222222222
			7.82716049382716	-2.24691358024691
			7.82716049382716	-2.2716049382716
			7.80246913580247	-2.2962962962963
			7.80246913580247	-2.32098765432099
			7.80246913580247	-2.34567901234568
			7.77777777777778	-2.37037037037037
			7.75308641975309	-2.39506172839506
			7.75308641975309	-2.41975308641975
			7.75308641975309	-2.44444444444444
			7.72839506172839	-2.44444444444444
			7.72839506172839	-2.46913580246914
			7.7037037037037	-2.49382716049383
			7.7037037037037	-2.51851851851852
			7.67901234567901	-2.54320987654321
			7.65432098765432	-2.5679012345679
			7.62962962962963	-2.59259259259259
			7.60493827160494	-2.61728395061728
			7.60493827160494	-2.64197530864198
			7.58024691358025	-2.66666666666667
			7.58024691358025	-2.69135802469136
			7.58024691358025	-2.71604938271605
			7.55555555555556	-2.71604938271605
			7.55555555555556	-2.74074074074074
			7.55555555555556	-2.76543209876543
			7.55555555555556	-2.79012345679012
			7.53086419753086	-2.81481481481481
			7.53086419753086	-2.83950617283951
			7.53086419753086	-2.8641975308642
			7.50617283950617	-2.88888888888889
			7.50617283950617	-2.91358024691358
			7.50617283950617	-2.93827160493827
			7.48148148148148	-2.96296296296296
			7.48148148148148	-2.98765432098765
			7.48148148148148	-3.01234567901235
			7.48148148148148	-3.03703703703704
			7.45679012345679	-3.06172839506173
			7.45679012345679	-3.08641975308642
			7.4320987654321	-3.11111111111111
			7.4320987654321	-3.1358024691358
			7.4320987654321	-3.16049382716049
			7.40740740740741	-3.18518518518519
			7.40740740740741	-3.20987654320988
			7.40740740740741	-3.23456790123457
			7.38271604938272	-3.25925925925926
			7.38271604938272	-3.28395061728395
			7.35802469135802	-3.30864197530864
			7.35802469135802	-3.33333333333333
			7.35802469135802	-3.35802469135802
			7.33333333333333	-3.38271604938272
			7.33333333333333	-3.40740740740741
			7.33333333333333	-3.4320987654321
			7.30864197530864	-3.45679012345679
			7.30864197530864	-3.48148148148148
			7.28395061728395	-3.50617283950617
			7.28395061728395	-3.53086419753086
			7.25925925925926	-3.55555555555556
			7.25925925925926	-3.58024691358025
			7.25925925925926	-3.60493827160494
			7.23456790123457	-3.60493827160494
			7.23456790123457	-3.62962962962963
			7.23456790123457	-3.65432098765432
			7.20987654320988	-3.65432098765432
			7.20987654320988	-3.67901234567901
			7.20987654320988	-3.7037037037037
			7.18518518518519	-3.72839506172839
			7.18518518518519	-3.75308641975309
			7.16049382716049	-3.77777777777778
			7.16049382716049	-3.80246913580247
			7.1358024691358	-3.82716049382716
			7.1358024691358	-3.85185185185185
			7.11111111111111	-3.85185185185185
			7.11111111111111	-3.87654320987654
			7.11111111111111	-3.90123456790123
			7.08641975308642	-3.92592592592593
			7.08641975308642	-3.95061728395062
			7.06172839506173	-3.97530864197531
			7.06172839506173	-4
			7.03703703703704	-4.02469135802469
			7.03703703703704	-4.04938271604938
			7.01234567901234	-4.07407407407407
			7.01234567901234	-4.09876543209876
			6.98765432098765	-4.09876543209876
			6.98765432098765	-4.12345679012346
			6.96296296296296	-4.14814814814815
			6.96296296296296	-4.17283950617284
			6.93827160493827	-4.19753086419753
			6.93827160493827	-4.22222222222222
			6.91358024691358	-4.24691358024691
			6.91358024691358	-4.2716049382716
			6.88888888888889	-4.2716049382716
			6.88888888888889	-4.2962962962963
			6.8641975308642	-4.32098765432099
			6.83950617283951	-4.34567901234568
			6.83950617283951	-4.37037037037037
			6.81481481481481	-4.39506172839506
			6.79012345679012	-4.41975308641975
			6.79012345679012	-4.44444444444444
			6.76543209876543	-4.46913580246914
			6.74074074074074	-4.49382716049383
			6.74074074074074	-4.51851851851852
			6.71604938271605	-4.54320987654321
			6.69135802469136	-4.5679012345679
			6.69135802469136	-4.59259259259259
			6.66666666666667	-4.61728395061728
			6.66666666666667	-4.64197530864197
			6.66666666666667	-4.66666666666667
			6.66666666666667	-4.69135802469136
			6.66666666666667	-4.71604938271605
			6.66666666666667	-4.74074074074074
			6.66666666666667	-4.76543209876543
			6.66666666666667	-4.79012345679012
			6.66666666666667	-4.81481481481481
			6.66666666666667	-4.83950617283951
			6.66666666666667	-4.8641975308642
			6.66666666666667	-4.88888888888889
			6.66666666666667	-4.91358024691358
			6.66666666666667	-4.93827160493827
			6.66666666666667	-4.96296296296296
			6.66666666666667	-4.98765432098765
			6.66666666666667	-5.01234567901235
			6.69135802469136	-5.03703703703704
			6.69135802469136	-5.06172839506173
			6.69135802469136	-5.08641975308642
			6.69135802469136	-5.11111111111111
			6.69135802469136	-5.1358024691358
			6.69135802469136	-5.16049382716049
			6.69135802469136	-5.18518518518519
			6.69135802469136	-5.20987654320988
			6.71604938271605	-5.23456790123457
			6.71604938271605	-5.25925925925926
			6.71604938271605	-5.28395061728395
			6.71604938271605	-5.30864197530864
			6.71604938271605	-5.33333333333333
			6.71604938271605	-5.35802469135802
			6.71604938271605	-5.38271604938272
			6.74074074074074	-5.40740740740741
			6.74074074074074	-5.4320987654321
			6.74074074074074	-5.45679012345679
		</glabella>
		<suture type=matrix rownames=FALSE colnames=FALSE nrow=373 ncol=2 as.numeric=TRUE >
			5.62962962962963	-0.592592592592593
			5.65432098765432	-0.592592592592593
			5.67901234567901	-0.592592592592593
			5.7037037037037	-0.617283950617284
			5.72839506172839	-0.617283950617284
			5.75308641975309	-0.617283950617284
			5.77777777777778	-0.617283950617284
			5.80246913580247	-0.641975308641975
			5.82716049382716	-0.641975308641975
			5.85185185185185	-0.641975308641975
			5.87654320987654	-0.641975308641975
			5.90123456790123	-0.666666666666667
			5.92592592592593	-0.666666666666667
			5.95061728395062	-0.666666666666667
			5.97530864197531	-0.666666666666667
			6	-0.691358024691358
			6.02469135802469	-0.691358024691358
			6.04938271604938	-0.691358024691358
			6.07407407407407	-0.691358024691358
			6.09876543209876	-0.716049382716049
			6.12345679012346	-0.716049382716049
			6.14814814814815	-0.716049382716049
			6.17283950617284	-0.716049382716049
			6.19753086419753	-0.740740740740741
			6.22222222222222	-0.740740740740741
			6.24691358024691	-0.740740740740741
			6.2716049382716	-0.765432098765432
			6.2962962962963	-0.765432098765432
			6.32098765432099	-0.765432098765432
			6.34567901234568	-0.790123456790123
			6.37037037037037	-0.790123456790123
			6.39506172839506	-0.790123456790123
			6.41975308641975	-0.814814814814815
			6.44444444444444	-0.814814814814815
			6.46913580246914	-0.814814814814815
			6.49382716049383	-0.839506172839506
			6.51851851851852	-0.839506172839506
			6.54320987654321	-0.839506172839506
			6.5679012345679	-0.839506172839506
			6.59259259259259	-0.864197530864197
			6.61728395061728	-0.864197530864197
			6.64197530864197	-0.864197530864197
			6.66666666666667	-0.888888888888889
			6.69135802469136	-0.888888888888889
			6.71604938271605	-0.888888888888889
			6.74074074074074	-0.91358024691358
			6.76543209876543	-0.91358024691358
			6.79012345679012	-0.938271604938272
			6.81481481481481	-0.938271604938272
			6.83950617283951	-0.962962962962963
			6.8641975308642	-0.962962962962963
			6.88888888888889	-0.987654320987654
			6.91358024691358	-0.987654320987654
			6.93827160493827	-0.987654320987654
			6.96296296296296	-1.01234567901235
			6.98765432098765	-1.01234567901235
			7.01234567901234	-1.03703703703704
			7.03703703703704	-1.03703703703704
			7.06172839506173	-1.06172839506173
			7.08641975308642	-1.06172839506173
			7.11111111111111	-1.06172839506173
			7.1358024691358	-1.08641975308642
			7.16049382716049	-1.08641975308642
			7.16049382716049	-1.11111111111111
			7.18518518518519	-1.11111111111111
			7.20987654320988	-1.1358024691358
			7.23456790123457	-1.1358024691358
			7.25925925925926	-1.16049382716049
			7.28395061728395	-1.18518518518519
			7.30864197530864	-1.18518518518519
			7.33333333333333	-1.20987654320988
			7.35802469135802	-1.20987654320988
			7.38271604938272	-1.23456790123457
			7.40740740740741	-1.23456790123457
			7.4320987654321	-1.25925925925926
			7.4320987654321	-1.28395061728395
			7.45679012345679	-1.28395061728395
			7.48148148148148	-1.30864197530864
			7.50617283950617	-1.30864197530864
			7.50617283950617	-1.33333333333333
			7.53086419753086	-1.35802469135802
			7.55555555555556	-1.35802469135802
			7.58024691358025	-1.38271604938272
			7.60493827160494	-1.40740740740741
			7.62962962962963	-1.4320987654321
			7.65432098765432	-1.45679012345679
			7.67901234567901	-1.48148148148148
			7.7037037037037	-1.50617283950617
			7.72839506172839	-1.53086419753086
			7.75308641975309	-1.55555555555556
			7.75308641975309	-1.58024691358025
			7.77777777777778	-1.60493827160494
			7.80246913580247	-1.62962962962963
			7.80246913580247	-1.65432098765432
			7.82716049382716	-1.67901234567901
			7.82716049382716	-1.7037037037037
			7.85185185185185	-1.72839506172839
			7.85185185185185	-1.75308641975309
			7.87654320987654	-1.77777777777778
			7.87654320987654	-1.80246913580247
			7.87654320987654	-1.82716049382716
			7.87654320987654	-1.85185185185185
			7.87654320987654	-1.87654320987654
			7.90123456790123	-1.90123456790123
			7.90123456790123	-1.92592592592593
			7.90123456790123	-1.95061728395062
			7.90123456790123	-1.97530864197531
			7.90123456790123	-2
			7.90123456790123	-2.02469135802469
			7.90123456790123	-2.04938271604938
			7.90123456790123	-2.07407407407407
			7.90123456790123	-2.09876543209877
			7.90123456790123	-2.12345679012346
			7.90123456790123	-2.14814814814815
			7.90123456790123	-2.17283950617284
			7.90123456790123	-2.19753086419753
			7.90123456790123	-2.22222222222222
			7.90123456790123	-2.24691358024691
			7.90123456790123	-2.2716049382716
			7.90123456790123	-2.2962962962963
			7.90123456790123	-2.32098765432099
			7.90123456790123	-2.34567901234568
			7.90123456790123	-2.37037037037037
			7.87654320987654	-2.39506172839506
			7.87654320987654	-2.41975308641975
			7.87654320987654	-2.44444444444444
			7.87654320987654	-2.46913580246914
			7.87654320987654	-2.49382716049383
			7.87654320987654	-2.51851851851852
			7.85185185185185	-2.54320987654321
			7.85185185185185	-2.5679012345679
			7.85185185185185	-2.59259259259259
			7.82716049382716	-2.61728395061728
			7.82716049382716	-2.64197530864198
			7.82716049382716	-2.66666666666667
			7.80246913580247	-2.69135802469136
			7.80246913580247	-2.71604938271605
			7.77777777777778	-2.74074074074074
			7.77777777777778	-2.76543209876543
			7.75308641975309	-2.79012345679012
			7.75308641975309	-2.81481481481481
			7.72839506172839	-2.83950617283951
			7.7037037037037	-2.83950617283951
			7.72839506172839	-2.8641975308642
			7.75308641975309	-2.8641975308642
			7.77777777777778	-2.8641975308642
			7.80246913580247	-2.8641975308642
			7.82716049382716	-2.8641975308642
			7.85185185185185	-2.8641975308642
			7.87654320987654	-2.8641975308642
			7.90123456790123	-2.8641975308642
			7.92592592592593	-2.88888888888889
			7.95061728395062	-2.88888888888889
			7.97530864197531	-2.88888888888889
			8	-2.88888888888889
			8.02469135802469	-2.88888888888889
			8.04938271604938	-2.88888888888889
			8.07407407407407	-2.91358024691358
			8.09876543209877	-2.91358024691358
			8.12345679012346	-2.91358024691358
			8.14814814814815	-2.93827160493827
			8.17283950617284	-2.93827160493827
			8.19753086419753	-2.96296296296296
			8.22222222222222	-2.96296296296296
			8.24691358024691	-2.98765432098765
			8.2716049382716	-2.98765432098765
			8.2962962962963	-3.01234567901235
			8.32098765432099	-3.01234567901235
			8.34567901234568	-3.03703703703704
			8.37037037037037	-3.03703703703704
			8.39506172839506	-3.06172839506173
			8.39506172839506	-3.08641975308642
			8.41975308641975	-3.08641975308642
			8.44444444444444	-3.11111111111111
			8.46913580246914	-3.1358024691358
			8.49382716049383	-3.1358024691358
			8.49382716049383	-3.16049382716049
			8.51851851851852	-3.18518518518519
			8.54320987654321	-3.20987654320988
			8.5679012345679	-3.23456790123457
			8.5679012345679	-3.25925925925926
			8.59259259259259	-3.28395061728395
			8.61728395061728	-3.30864197530864
			8.61728395061728	-3.33333333333333
			8.64197530864197	-3.35802469135802
			8.66666666666667	-3.38271604938272
			8.66666666666667	-3.40740740740741
			8.69135802469136	-3.4320987654321
			8.71604938271605	-3.45679012345679
			8.71604938271605	-3.48148148148148
			8.74074074074074	-3.50617283950617
			8.74074074074074	-3.53086419753086
			8.76543209876543	-3.55555555555556
			8.76543209876543	-3.58024691358025
			8.76543209876543	-3.60493827160494
			8.79012345679012	-3.62962962962963
			8.79012345679012	-3.65432098765432
			8.79012345679012	-3.67901234567901
			8.81481481481481	-3.7037037037037
			8.81481481481481	-3.72839506172839
			8.81481481481481	-3.75308641975309
			8.83950617283951	-3.77777777777778
			8.83950617283951	-3.80246913580247
			8.83950617283951	-3.82716049382716
			8.83950617283951	-3.85185185185185
			8.81481481481481	-3.87654320987654
			8.81481481481481	-3.90123456790123
			8.81481481481481	-3.92592592592593
			8.81481481481481	-3.95061728395062
			8.79012345679012	-3.97530864197531
			8.79012345679012	-4
			8.79012345679012	-4.02469135802469
			8.76543209876543	-4.04938271604938
			8.76543209876543	-4.07407407407407
			8.76543209876543	-4.09876543209876
			8.74074074074074	-4.12345679012346
			8.74074074074074	-4.14814814814815
			8.71604938271605	-4.17283950617284
			8.71604938271605	-4.19753086419753
			8.69135802469136	-4.22222222222222
			8.69135802469136	-4.24691358024691
			8.66666666666667	-4.2716049382716
			8.64197530864197	-4.2962962962963
			8.61728395061728	-4.32098765432099
			8.61728395061728	-4.34567901234568
			8.59259259259259	-4.37037037037037
			8.5679012345679	-4.39506172839506
			8.54320987654321	-4.41975308641975
			8.51851851851852	-4.44444444444444
			8.49382716049383	-4.46913580246914
			8.46913580246914	-4.49382716049383
			8.44444444444444	-4.51851851851852
			8.41975308641975	-4.51851851851852
			8.39506172839506	-4.54320987654321
			8.37037037037037	-4.54320987654321
			8.34567901234568	-4.5679012345679
			8.32098765432099	-4.5679012345679
			8.32098765432099	-4.59259259259259
			8.2962962962963	-4.59259259259259
			8.2716049382716	-4.59259259259259
			8.24691358024691	-4.61728395061728
			8.22222222222222	-4.61728395061728
			8.19753086419753	-4.61728395061728
			8.17283950617284	-4.64197530864197
			8.14814814814815	-4.64197530864197
			8.12345679012346	-4.64197530864197
			8.09876543209877	-4.64197530864197
			8.07407407407407	-4.64197530864197
			8.07407407407407	-4.66666666666667
			8.04938271604938	-4.66666666666667
			8.02469135802469	-4.66666666666667
			8	-4.66666666666667
			7.97530864197531	-4.69135802469136
			7.95061728395062	-4.69135802469136
			7.92592592592593	-4.69135802469136
			7.90123456790123	-4.71604938271605
			7.87654320987654	-4.71604938271605
			7.85185185185185	-4.71604938271605
			7.82716049382716	-4.74074074074074
			7.80246913580247	-4.74074074074074
			7.77777777777778	-4.76543209876543
			7.77777777777778	-4.79012345679012
			7.77777777777778	-4.81481481481481
			7.77777777777778	-4.83950617283951
			7.80246913580247	-4.83950617283951
			7.80246913580247	-4.8641975308642
			7.82716049382716	-4.88888888888889
			7.85185185185185	-4.88888888888889
			7.87654320987654	-4.91358024691358
			7.90123456790123	-4.91358024691358
			7.92592592592593	-4.93827160493827
			7.95061728395062	-4.93827160493827
			7.97530864197531	-4.93827160493827
			8	-4.96296296296296
			8.02469135802469	-4.96296296296296
			8.04938271604938	-4.96296296296296
			8.07407407407407	-4.98765432098765
			8.09876543209877	-4.98765432098765
			8.12345679012346	-4.98765432098765
			8.14814814814815	-5.01234567901235
			8.17283950617284	-5.01234567901235
			8.19753086419753	-5.01234567901235
			8.22222222222222	-5.03703703703704
			8.24691358024691	-5.03703703703704
			8.2716049382716	-5.03703703703704
			8.2962962962963	-5.03703703703704
			8.32098765432099	-5.01234567901235
			8.34567901234568	-5.01234567901235
			8.37037037037037	-5.01234567901235
			8.39506172839506	-4.98765432098765
			8.41975308641975	-4.98765432098765
			8.44444444444444	-4.96296296296296
			8.46913580246914	-4.96296296296296
			8.49382716049383	-4.96296296296296
			8.51851851851852	-4.93827160493827
			8.54320987654321	-4.93827160493827
			8.5679012345679	-4.91358024691358
			8.59259259259259	-4.91358024691358
			8.61728395061728	-4.88888888888889
			8.64197530864197	-4.88888888888889
			8.66666666666667	-4.8641975308642
			8.69135802469136	-4.8641975308642
			8.71604938271605	-4.8641975308642
			8.74074074074074	-4.83950617283951
			8.76543209876543	-4.83950617283951
			8.79012345679012	-4.81481481481481
			8.81481481481481	-4.79012345679012
			8.83950617283951	-4.79012345679012
			8.8641975308642	-4.76543209876543
			8.88888888888889	-4.74074074074074
			8.91358024691358	-4.74074074074074
			8.93827160493827	-4.71604938271605
			8.96296296296296	-4.71604938271605
			8.96296296296296	-4.69135802469136
			8.98765432098765	-4.69135802469136
			9.01234567901234	-4.69135802469136
			9.01234567901234	-4.66666666666667
			9.03703703703704	-4.66666666666667
			9.06172839506173	-4.64197530864197
			9.08641975308642	-4.61728395061728
			9.11111111111111	-4.61728395061728
			9.1358024691358	-4.59259259259259
			9.16049382716049	-4.5679012345679
			9.18518518518519	-4.5679012345679
			9.18518518518519	-4.54320987654321
			9.20987654320988	-4.54320987654321
			9.23456790123457	-4.51851851851852
			9.25925925925926	-4.49382716049383
			9.28395061728395	-4.46913580246914
			9.28395061728395	-4.44444444444444
			9.30864197530864	-4.41975308641975
			9.33333333333333	-4.39506172839506
			9.35802469135802	-4.37037037037037
			9.38271604938272	-4.37037037037037
			9.40740740740741	-4.34567901234568
			9.40740740740741	-4.32098765432099
			9.4320987654321	-4.32098765432099
			9.45679012345679	-4.2962962962963
			9.48148148148148	-4.2716049382716
			9.50617283950617	-4.2716049382716
			9.53086419753086	-4.24691358024691
			9.55555555555556	-4.24691358024691
			9.58024691358025	-4.24691358024691
			9.58024691358025	-4.22222222222222
			9.60493827160494	-4.22222222222222
			9.62962962962963	-4.22222222222222
			9.65432098765432	-4.22222222222222
			9.67901234567901	-4.19753086419753
			9.7037037037037	-4.19753086419753
			9.72839506172839	-4.19753086419753
			9.75308641975309	-4.19753086419753
			9.77777777777778	-4.19753086419753
			9.80246913580247	-4.19753086419753
			9.82716049382716	-4.22222222222222
			9.85185185185185	-4.22222222222222
			9.87654320987654	-4.22222222222222
			9.90123456790123	-4.24691358024691
			9.92592592592593	-4.24691358024691
			9.95061728395062	-4.24691358024691
			9.97530864197531	-4.2716049382716
			10	-4.2716049382716
			10.0246913580247	-4.2962962962963
			10.0493827160494	-4.32098765432099
			10.0740740740741	-4.32098765432099
			10.0987654320988	-4.34567901234568
			10.1234567901235	-4.37037037037037
			10.1481481481481	-4.39506172839506
			10.1728395061728	-4.41975308641975
			10.1975308641975	-4.44444444444444
			10.2222222222222	-4.46913580246914
			10.2469135802469	-4.49382716049383
			10.2716049382716	-4.51851851851852
			10.2962962962963	-4.54320987654321
		</suture>
		<anterior type=matrix rownames=FALSE colnames=FALSE nrow=284 ncol=2 as.numeric=TRUE >
			5.62962962962963	-0.296296296296296
			5.65432098765432	-0.296296296296296
			5.67901234567901	-0.296296296296296
			5.7037037037037	-0.320987654320988
			5.72839506172839	-0.320987654320988
			5.75308641975309	-0.320987654320988
			5.77777777777778	-0.320987654320988
			5.80246913580247	-0.320987654320988
			5.82716049382716	-0.345679012345679
			5.85185185185185	-0.345679012345679
			5.87654320987654	-0.345679012345679
			5.90123456790123	-0.37037037037037
			5.92592592592593	-0.37037037037037
			5.95061728395062	-0.37037037037037
			5.97530864197531	-0.37037037037037
			6	-0.395061728395062
			6.02469135802469	-0.395061728395062
			6.04938271604938	-0.395061728395062
			6.07407407407407	-0.395061728395062
			6.07407407407407	-0.419753086419753
			6.09876543209876	-0.419753086419753
			6.12345679012346	-0.419753086419753
			6.14814814814815	-0.419753086419753
			6.17283950617284	-0.419753086419753
			6.17283950617284	-0.444444444444444
			6.19753086419753	-0.444444444444444
			6.22222222222222	-0.444444444444444
			6.24691358024691	-0.444444444444444
			6.24691358024691	-0.469135802469136
			6.2716049382716	-0.469135802469136
			6.2962962962963	-0.469135802469136
			6.32098765432099	-0.469135802469136
			6.34567901234568	-0.493827160493827
			6.37037037037037	-0.493827160493827
			6.39506172839506	-0.493827160493827
			6.41975308641975	-0.518518518518518
			6.44444444444444	-0.518518518518518
			6.46913580246914	-0.518518518518518
			6.49382716049383	-0.54320987654321
			6.51851851851852	-0.54320987654321
			6.54320987654321	-0.54320987654321
			6.54320987654321	-0.567901234567901
			6.5679012345679	-0.567901234567901
			6.59259259259259	-0.567901234567901
			6.61728395061728	-0.592592592592593
			6.64197530864197	-0.592592592592593
			6.66666666666667	-0.592592592592593
			6.69135802469136	-0.617283950617284
			6.71604938271605	-0.617283950617284
			6.74074074074074	-0.641975308641975
			6.76543209876543	-0.641975308641975
			6.79012345679012	-0.666666666666667
			6.81481481481481	-0.666666666666667
			6.83950617283951	-0.691358024691358
			6.8641975308642	-0.691358024691358
			6.88888888888889	-0.691358024691358
			6.91358024691358	-0.716049382716049
			6.93827160493827	-0.716049382716049
			6.96296296296296	-0.740740740740741
			6.98765432098765	-0.740740740740741
			7.01234567901234	-0.765432098765432
			7.03703703703704	-0.765432098765432
			7.06172839506173	-0.790123456790123
			7.08641975308642	-0.790123456790123
			7.11111111111111	-0.790123456790123
			7.1358024691358	-0.814814814814815
			7.16049382716049	-0.814814814814815
			7.18518518518519	-0.839506172839506
			7.20987654320988	-0.839506172839506
			7.20987654320988	-0.864197530864197
			7.23456790123457	-0.864197530864197
			7.25925925925926	-0.888888888888889
			7.28395061728395	-0.888888888888889
			7.30864197530864	-0.91358024691358
			7.33333333333333	-0.91358024691358
			7.35802469135802	-0.938271604938272
			7.38271604938272	-0.962962962962963
			7.40740740740741	-0.962962962962963
			7.4320987654321	-0.987654320987654
			7.45679012345679	-0.987654320987654
			7.48148148148148	-1.01234567901235
			7.50617283950617	-1.03703703703704
			7.53086419753086	-1.03703703703704
			7.55555555555556	-1.06172839506173
			7.58024691358025	-1.06172839506173
			7.60493827160494	-1.08641975308642
			7.62962962962963	-1.11111111111111
			7.65432098765432	-1.11111111111111
			7.67901234567901	-1.1358024691358
			7.7037037037037	-1.16049382716049
			7.72839506172839	-1.16049382716049
			7.75308641975309	-1.18518518518519
			7.77777777777778	-1.20987654320988
			7.80246913580247	-1.20987654320988
			7.82716049382716	-1.23456790123457
			7.85185185185185	-1.25925925925926
			7.87654320987654	-1.25925925925926
			7.90123456790123	-1.28395061728395
			7.92592592592593	-1.30864197530864
			7.95061728395062	-1.30864197530864
			7.97530864197531	-1.33333333333333
			8	-1.35802469135802
			8.02469135802469	-1.35802469135802
			8.04938271604938	-1.38271604938272
			8.07407407407407	-1.40740740740741
			8.09876543209877	-1.4320987654321
			8.12345679012346	-1.4320987654321
			8.14814814814815	-1.45679012345679
			8.17283950617284	-1.48148148148148
			8.19753086419753	-1.50617283950617
			8.22222222222222	-1.50617283950617
			8.22222222222222	-1.53086419753086
			8.24691358024691	-1.55555555555556
			8.2716049382716	-1.58024691358025
			8.2962962962963	-1.58024691358025
			8.32098765432099	-1.60493827160494
			8.34567901234568	-1.62962962962963
			8.37037037037037	-1.65432098765432
			8.39506172839506	-1.67901234567901
			8.41975308641975	-1.67901234567901
			8.44444444444444	-1.7037037037037
			8.44444444444444	-1.72839506172839
			8.46913580246914	-1.75308641975309
			8.49382716049383	-1.77777777777778
			8.51851851851852	-1.80246913580247
			8.54320987654321	-1.80246913580247
			8.5679012345679	-1.82716049382716
			8.59259259259259	-1.85185185185185
			8.61728395061728	-1.87654320987654
			8.61728395061728	-1.90123456790123
			8.64197530864197	-1.92592592592593
			8.66666666666667	-1.95061728395062
			8.69135802469136	-1.95061728395062
			8.71604938271605	-1.97530864197531
			8.74074074074074	-2
			8.76543209876543	-2.02469135802469
			8.76543209876543	-2.04938271604938
			8.79012345679012	-2.07407407407407
			8.81481481481481	-2.09876543209877
			8.83950617283951	-2.12345679012346
			8.8641975308642	-2.14814814814815
			8.8641975308642	-2.17283950617284
			8.88888888888889	-2.17283950617284
			8.91358024691358	-2.19753086419753
			8.93827160493827	-2.22222222222222
			8.96296296296296	-2.24691358024691
			8.98765432098765	-2.2716049382716
			8.98765432098765	-2.2962962962963
			9.01234567901234	-2.32098765432099
			9.03703703703704	-2.34567901234568
			9.06172839506173	-2.37037037037037
			9.08641975308642	-2.39506172839506
			9.08641975308642	-2.41975308641975
			9.11111111111111	-2.44444444444444
			9.1358024691358	-2.46913580246914
			9.16049382716049	-2.49382716049383
			9.16049382716049	-2.51851851851852
			9.18518518518519	-2.54320987654321
			9.20987654320988	-2.5679012345679
			9.23456790123457	-2.59259259259259
			9.25925925925926	-2.61728395061728
			9.25925925925926	-2.64197530864198
			9.28395061728395	-2.66666666666667
			9.30864197530864	-2.69135802469136
			9.33333333333333	-2.71604938271605
			9.33333333333333	-2.74074074074074
			9.35802469135802	-2.76543209876543
			9.38271604938272	-2.79012345679012
			9.38271604938272	-2.81481481481481
			9.40740740740741	-2.83950617283951
			9.4320987654321	-2.8641975308642
			9.4320987654321	-2.88888888888889
			9.45679012345679	-2.91358024691358
			9.48148148148148	-2.93827160493827
			9.50617283950617	-2.96296296296296
			9.50617283950617	-2.98765432098765
			9.53086419753086	-3.01234567901235
			9.53086419753086	-3.03703703703704
			9.55555555555556	-3.06172839506173
			9.58024691358025	-3.08641975308642
			9.58024691358025	-3.11111111111111
			9.60493827160494	-3.1358024691358
			9.60493827160494	-3.16049382716049
			9.62962962962963	-3.18518518518519
			9.65432098765432	-3.20987654320988
			9.65432098765432	-3.23456790123457
			9.67901234567901	-3.25925925925926
			9.67901234567901	-3.28395061728395
			9.7037037037037	-3.30864197530864
			9.72839506172839	-3.33333333333333
			9.72839506172839	-3.35802469135802
			9.75308641975309	-3.38271604938272
			9.75308641975309	-3.40740740740741
			9.77777777777778	-3.4320987654321
			9.77777777777778	-3.45679012345679
			9.80246913580247	-3.48148148148148
			9.82716049382716	-3.50617283950617
			9.82716049382716	-3.53086419753086
			9.85185185185185	-3.55555555555556
			9.85185185185185	-3.58024691358025
			9.87654320987654	-3.60493827160494
			9.87654320987654	-3.62962962962963
			9.90123456790123	-3.65432098765432
			9.90123456790123	-3.67901234567901
			9.92592592592593	-3.7037037037037
			9.95061728395062	-3.72839506172839
			9.95061728395062	-3.75308641975309
			9.95061728395062	-3.77777777777778
			9.97530864197531	-3.77777777777778
			9.97530864197531	-3.80246913580247
			9.97530864197531	-3.82716049382716
			10	-3.82716049382716
			10	-3.85185185185185
			10	-3.87654320987654
			10.0246913580247	-3.90123456790123
			10.0246913580247	-3.92592592592593
			10.0493827160494	-3.95061728395062
			10.0493827160494	-3.97530864197531
			10.0740740740741	-4
			10.0740740740741	-4.02469135802469
			10.0987654320988	-4.04938271604938
			10.0987654320988	-4.07407407407407
			10.1234567901235	-4.09876543209876
			10.1234567901235	-4.12345679012346
			10.1481481481481	-4.14814814814815
			10.1481481481481	-4.17283950617284
			10.1481481481481	-4.19753086419753
			10.1728395061728	-4.22222222222222
			10.1728395061728	-4.24691358024691
			10.1975308641975	-4.2716049382716
			10.1975308641975	-4.2962962962963
			10.2222222222222	-4.32098765432099
			10.2222222222222	-4.34567901234568
			10.2222222222222	-4.37037037037037
			10.2469135802469	-4.39506172839506
			10.2469135802469	-4.41975308641975
			10.2716049382716	-4.44444444444444
			10.2716049382716	-4.46913580246914
			10.2716049382716	-4.49382716049383
			10.2962962962963	-4.51851851851852
			10.2962962962963	-4.54320987654321
			10.320987654321	-4.5679012345679
			10.320987654321	-4.59259259259259
			10.3456790123457	-4.61728395061728
			10.3456790123457	-4.64197530864197
			10.3456790123457	-4.66666666666667
			10.3703703703704	-4.69135802469136
			10.3703703703704	-4.71604938271605
			10.3950617283951	-4.74074074074074
			10.3950617283951	-4.76543209876543
			10.3950617283951	-4.79012345679012
			10.4197530864198	-4.81481481481481
			10.4197530864198	-4.83950617283951
			10.4197530864198	-4.8641975308642
			10.4444444444444	-4.88888888888889
			10.4444444444444	-4.91358024691358
			10.4444444444444	-4.93827160493827
			10.4691358024691	-4.96296296296296
			10.4691358024691	-4.98765432098765
			10.4938271604938	-5.01234567901235
			10.4938271604938	-5.03703703703704
			10.4938271604938	-5.06172839506173
			10.4938271604938	-5.08641975308642
			10.5185185185185	-5.08641975308642
			10.5185185185185	-5.11111111111111
			10.5185185185185	-5.1358024691358
			10.5185185185185	-5.16049382716049
			10.5432098765432	-5.18518518518519
			10.5432098765432	-5.20987654320988
			10.5679012345679	-5.23456790123457
			10.5679012345679	-5.25925925925926
			10.5679012345679	-5.28395061728395
			10.5925925925926	-5.30864197530864
			10.5925925925926	-5.33333333333333
			10.5925925925926	-5.35802469135802
			10.5925925925926	-5.38271604938272
			10.6172839506173	-5.40740740740741
			10.6172839506173	-5.4320987654321
			10.6172839506173	-5.45679012345679
			10.641975308642	-5.48148148148148
			10.641975308642	-5.50617283950617
			10.641975308642	-5.53086419753086
			10.6666666666667	-5.55555555555556
			10.6666666666667	-5.58024691358025
		</anterior>
		<posterior type=matrix rownames=FALSE colnames=FALSE nrow=526 ncol=2 as.numeric=TRUE >
			5.7037037037037	-5.58024691358025
			5.72839506172839	-5.58024691358025
			5.75308641975309	-5.58024691358025
			5.77777777777778	-5.58024691358025
			5.80246913580247	-5.60493827160494
			5.82716049382716	-5.60493827160494
			5.85185185185185	-5.60493827160494
			5.87654320987654	-5.60493827160494
			5.90123456790123	-5.60493827160494
			5.92592592592593	-5.60493827160494
			5.95061728395062	-5.60493827160494
			5.97530864197531	-5.60493827160494
			6	-5.60493827160494
			6.02469135802469	-5.60493827160494
			6.04938271604938	-5.60493827160494
			6.07407407407407	-5.62962962962963
			6.09876543209876	-5.62962962962963
			6.12345679012346	-5.62962962962963
			6.14814814814815	-5.62962962962963
			6.17283950617284	-5.62962962962963
			6.19753086419753	-5.62962962962963
			6.22222222222222	-5.62962962962963
			6.24691358024691	-5.62962962962963
			6.2716049382716	-5.62962962962963
			6.2962962962963	-5.62962962962963
			6.32098765432099	-5.62962962962963
			6.34567901234568	-5.62962962962963
			6.37037037037037	-5.62962962962963
			6.39506172839506	-5.62962962962963
			6.41975308641975	-5.62962962962963
			6.44444444444444	-5.62962962962963
			6.46913580246914	-5.62962962962963
			6.49382716049383	-5.62962962962963
			6.51851851851852	-5.62962962962963
			6.54320987654321	-5.62962962962963
			6.5679012345679	-5.62962962962963
			6.59259259259259	-5.62962962962963
			6.61728395061728	-5.62962962962963
			6.64197530864197	-5.62962962962963
			6.66666666666667	-5.62962962962963
			6.69135802469136	-5.62962962962963
			6.71604938271605	-5.62962962962963
			6.74074074074074	-5.62962962962963
			6.76543209876543	-5.62962962962963
			6.79012345679012	-5.62962962962963
			6.81481481481481	-5.62962962962963
			6.83950617283951	-5.62962962962963
			6.8641975308642	-5.62962962962963
			6.88888888888889	-5.62962962962963
			6.91358024691358	-5.62962962962963
			6.93827160493827	-5.62962962962963
			6.96296296296296	-5.62962962962963
			6.98765432098765	-5.62962962962963
			7.01234567901234	-5.62962962962963
			7.03703703703704	-5.62962962962963
			7.06172839506173	-5.62962962962963
			7.08641975308642	-5.62962962962963
			7.11111111111111	-5.62962962962963
			7.1358024691358	-5.62962962962963
			7.16049382716049	-5.62962962962963
			7.18518518518519	-5.62962962962963
			7.20987654320988	-5.62962962962963
			7.23456790123457	-5.62962962962963
			7.25925925925926	-5.62962962962963
			7.28395061728395	-5.62962962962963
			7.30864197530864	-5.62962962962963
			7.33333333333333	-5.62962962962963
			7.35802469135802	-5.62962962962963
			7.38271604938272	-5.62962962962963
			7.40740740740741	-5.62962962962963
			7.4320987654321	-5.62962962962963
			7.45679012345679	-5.62962962962963
			7.48148148148148	-5.62962962962963
			7.50617283950617	-5.62962962962963
			7.53086419753086	-5.62962962962963
			7.55555555555556	-5.62962962962963
			7.58024691358025	-5.62962962962963
			7.60493827160494	-5.65432098765432
			7.62962962962963	-5.65432098765432
			7.65432098765432	-5.65432098765432
			7.67901234567901	-5.65432098765432
			7.7037037037037	-5.65432098765432
			7.72839506172839	-5.65432098765432
			7.75308641975309	-5.65432098765432
			7.77777777777778	-5.65432098765432
			7.80246913580247	-5.65432098765432
			7.82716049382716	-5.65432098765432
			7.85185185185185	-5.65432098765432
			7.87654320987654	-5.65432098765432
			7.90123456790123	-5.67901234567901
			7.92592592592593	-5.67901234567901
			7.95061728395062	-5.67901234567901
			7.97530864197531	-5.67901234567901
			8	-5.67901234567901
			8.02469135802469	-5.67901234567901
			8.04938271604938	-5.67901234567901
			8.07407407407407	-5.67901234567901
			8.09876543209877	-5.67901234567901
			8.12345679012346	-5.7037037037037
			8.14814814814815	-5.7037037037037
			8.17283950617284	-5.7037037037037
			8.19753086419753	-5.7037037037037
			8.22222222222222	-5.7037037037037
			8.24691358024691	-5.7037037037037
			8.2716049382716	-5.7037037037037
			8.2962962962963	-5.72839506172839
			8.32098765432099	-5.72839506172839
			8.34567901234568	-5.72839506172839
			8.37037037037037	-5.72839506172839
			8.39506172839506	-5.72839506172839
			8.41975308641975	-5.72839506172839
			8.44444444444444	-5.75308641975309
			8.46913580246914	-5.75308641975309
			8.49382716049383	-5.75308641975309
			8.51851851851852	-5.75308641975309
			8.54320987654321	-5.75308641975309
			8.5679012345679	-5.75308641975309
			8.59259259259259	-5.75308641975309
			8.61728395061728	-5.77777777777778
			8.64197530864197	-5.77777777777778
			8.66666666666667	-5.77777777777778
			8.69135802469136	-5.77777777777778
			8.71604938271605	-5.77777777777778
			8.74074074074074	-5.77777777777778
			8.76543209876543	-5.80246913580247
			8.79012345679012	-5.80246913580247
			8.81481481481481	-5.80246913580247
			8.83950617283951	-5.80246913580247
			8.8641975308642	-5.80246913580247
			8.88888888888889	-5.82716049382716
			8.91358024691358	-5.82716049382716
			8.93827160493827	-5.82716049382716
			8.96296296296296	-5.82716049382716
			8.98765432098765	-5.82716049382716
			9.01234567901234	-5.85185185185185
			9.03703703703704	-5.85185185185185
			9.06172839506173	-5.85185185185185
			9.08641975308642	-5.85185185185185
			9.11111111111111	-5.85185185185185
			9.1358024691358	-5.87654320987654
			9.16049382716049	-5.87654320987654
			9.18518518518519	-5.87654320987654
			9.20987654320988	-5.87654320987654
			9.23456790123457	-5.87654320987654
			9.25925925925926	-5.87654320987654
			9.28395061728395	-5.87654320987654
			9.30864197530864	-5.87654320987654
			9.33333333333333	-5.87654320987654
			9.35802469135802	-5.87654320987654
			9.35802469135802	-5.90123456790123
			9.38271604938272	-5.90123456790123
			9.40740740740741	-5.90123456790123
			9.4320987654321	-5.90123456790123
			9.45679012345679	-5.90123456790123
			9.48148148148148	-5.92592592592593
			9.50617283950617	-5.92592592592593
			9.53086419753086	-5.92592592592593
			9.55555555555556	-5.92592592592593
			9.55555555555556	-5.95061728395062
			9.58024691358025	-5.95061728395062
			9.60493827160494	-5.97530864197531
			9.62962962962963	-5.97530864197531
			9.65432098765432	-6
			9.67901234567901	-6.02469135802469
			9.7037037037037	-6.02469135802469
			9.72839506172839	-6.04938271604938
			9.75308641975309	-6.07407407407407
			9.77777777777778	-6.09876543209876
			9.80246913580247	-6.12345679012346
			9.80246913580247	-6.14814814814815
			9.82716049382716	-6.17283950617284
			9.85185185185185	-6.19753086419753
			9.85185185185185	-6.22222222222222
			9.87654320987654	-6.24691358024691
			9.87654320987654	-6.2716049382716
			9.90123456790123	-6.2962962962963
			9.90123456790123	-6.32098765432099
			9.90123456790123	-6.34567901234568
			9.92592592592593	-6.37037037037037
			9.92592592592593	-6.39506172839506
			9.92592592592593	-6.41975308641975
			9.92592592592593	-6.44444444444444
			9.95061728395062	-6.46913580246914
			9.95061728395062	-6.49382716049383
			9.95061728395062	-6.51851851851852
			9.95061728395062	-6.54320987654321
			9.95061728395062	-6.5679012345679
			9.95061728395062	-6.59259259259259
			9.95061728395062	-6.61728395061728
			9.95061728395062	-6.64197530864197
			9.95061728395062	-6.66666666666667
			9.95061728395062	-6.69135802469136
			9.95061728395062	-6.71604938271605
			9.95061728395062	-6.74074074074074
			9.95061728395062	-6.76543209876543
			9.95061728395062	-6.79012345679012
			9.95061728395062	-6.81481481481481
			9.95061728395062	-6.83950617283951
			9.95061728395062	-6.8641975308642
			9.95061728395062	-6.88888888888889
			9.95061728395062	-6.91358024691358
			9.95061728395062	-6.93827160493827
			9.95061728395062	-6.96296296296296
			9.95061728395062	-6.98765432098765
			9.95061728395062	-7.01234567901234
			9.97530864197531	-7.01234567901234
			9.97530864197531	-7.03703703703704
			9.97530864197531	-7.06172839506173
			9.97530864197531	-7.08641975308642
			9.97530864197531	-7.11111111111111
			9.97530864197531	-7.1358024691358
			9.97530864197531	-7.16049382716049
			9.97530864197531	-7.18518518518519
			10	-7.18518518518519
			10	-7.20987654320988
			10	-7.23456790123457
			10	-7.25925925925926
			10	-7.28395061728395
			10	-7.30864197530864
			10	-7.33333333333333
			10	-7.35802469135802
			10.0246913580247	-7.38271604938272
			10.0246913580247	-7.40740740740741
			10.0246913580247	-7.4320987654321
			10.0246913580247	-7.45679012345679
			10.0246913580247	-7.48148148148148
			10.0493827160494	-7.50617283950617
			10.0493827160494	-7.53086419753086
			10.0493827160494	-7.55555555555556
			10.0493827160494	-7.58024691358025
			10.0493827160494	-7.60493827160494
			10.0493827160494	-7.62962962962963
			10.0493827160494	-7.65432098765432
			10.0493827160494	-7.67901234567901
			10.0740740740741	-7.7037037037037
			10.0740740740741	-7.72839506172839
			10.0740740740741	-7.75308641975309
			10.0740740740741	-7.77777777777778
			10.0740740740741	-7.80246913580247
			10.0740740740741	-7.82716049382716
			10.0987654320988	-7.85185185185185
			10.0987654320988	-7.87654320987654
			10.0987654320988	-7.90123456790123
			10.0987654320988	-7.92592592592593
			10.0987654320988	-7.95061728395062
			10.0987654320988	-7.97530864197531
			10.1234567901235	-8
			10.1234567901235	-8.02469135802469
			10.1234567901235	-8.04938271604938
			10.1234567901235	-8.07407407407407
			10.1234567901235	-8.09876543209877
			10.1234567901235	-8.12345679012346
			10.1234567901235	-8.14814814814815
			10.1481481481481	-8.17283950617284
			10.1481481481481	-8.19753086419753
			10.1481481481481	-8.22222222222222
			10.1481481481481	-8.24691358024691
			10.1481481481481	-8.2716049382716
			10.1728395061728	-8.2962962962963
			10.1728395061728	-8.32098765432099
			10.1728395061728	-8.34567901234568
			10.1728395061728	-8.37037037037037
			10.1728395061728	-8.39506172839506
			10.1728395061728	-8.41975308641975
			10.1728395061728	-8.44444444444444
			10.1975308641975	-8.46913580246914
			10.1975308641975	-8.49382716049383
			10.1975308641975	-8.51851851851852
			10.1975308641975	-8.54320987654321
			10.1975308641975	-8.5679012345679
			10.2222222222222	-8.59259259259259
			10.2222222222222	-8.61728395061728
			10.2222222222222	-8.64197530864197
			10.2222222222222	-8.66666666666667
			10.2222222222222	-8.69135802469136
			10.2222222222222	-8.71604938271605
			10.2469135802469	-8.74074074074074
			10.2469135802469	-8.76543209876543
			10.2469135802469	-8.79012345679012
			10.2469135802469	-8.81481481481481
			10.2469135802469	-8.83950617283951
			10.2469135802469	-8.8641975308642
			10.2716049382716	-8.88888888888889
			10.2716049382716	-8.91358024691358
			10.2716049382716	-8.93827160493827
			10.2716049382716	-8.96296296296296
			10.2716049382716	-8.98765432098765
			10.2962962962963	-9.01234567901234
			10.2962962962963	-9.03703703703704
			10.2962962962963	-9.06172839506173
			10.2962962962963	-9.08641975308642
			10.2962962962963	-9.11111111111111
			10.2962962962963	-9.1358024691358
			10.320987654321	-9.16049382716049
			10.320987654321	-9.18518518518519
			10.320987654321	-9.20987654320988
			10.320987654321	-9.23456790123457
			10.320987654321	-9.25925925925926
			10.3456790123457	-9.28395061728395
			10.3456790123457	-9.30864197530864
			10.3456790123457	-9.33333333333333
			10.3456790123457	-9.35802469135802
			10.3456790123457	-9.38271604938272
			10.3456790123457	-9.40740740740741
			10.3703703703704	-9.4320987654321
			10.3703703703704	-9.45679012345679
			10.3703703703704	-9.48148148148148
			10.3703703703704	-9.50617283950617
			10.3950617283951	-9.53086419753086
			10.3950617283951	-9.55555555555556
			10.3950617283951	-9.58024691358025
			10.3950617283951	-9.60493827160494
			10.3950617283951	-9.62962962962963
			10.4197530864198	-9.65432098765432
			10.4197530864198	-9.67901234567901
			10.4197530864198	-9.7037037037037
			10.4197530864198	-9.72839506172839
			10.4444444444444	-9.75308641975309
			10.4444444444444	-9.77777777777778
			10.4444444444444	-9.80246913580247
			10.4444444444444	-9.82716049382716
			10.4444444444444	-9.85185185185185
			10.4691358024691	-9.85185185185185
			10.4691358024691	-9.87654320987654
			10.4691358024691	-9.90123456790123
			10.4691358024691	-9.92592592592593
			10.4938271604938	-9.95061728395062
			10.4938271604938	-9.97530864197531
			10.4938271604938	-10
			10.5185185185185	-10.0246913580247
			10.5185185185185	-10.0493827160494
			10.5185185185185	-10.0740740740741
			10.5432098765432	-10.0987654320988
			10.5432098765432	-10.1234567901235
			10.5432098765432	-10.1481481481481
			10.5679012345679	-10.1728395061728
			10.5925925925926	-10.1975308641975
			10.6172839506173	-10.1975308641975
			10.641975308642	-10.1728395061728
			10.641975308642	-10.1481481481481
			10.641975308642	-10.1234567901235
			10.6666666666667	-10.0987654320988
			10.6666666666667	-10.0740740740741
			10.6666666666667	-10.0493827160494
			10.6913580246914	-10.0246913580247
			10.6913580246914	-10
			10.6913580246914	-9.97530864197531
			10.6913580246914	-9.95061728395062
			10.6913580246914	-9.92592592592593
			10.716049382716	-9.90123456790123
			10.716049382716	-9.87654320987654
			10.716049382716	-9.85185185185185
			10.716049382716	-9.82716049382716
			10.716049382716	-9.80246913580247
			10.7407407407407	-9.77777777777778
			10.7407407407407	-9.75308641975309
			10.7407407407407	-9.72839506172839
			10.7407407407407	-9.7037037037037
			10.7407407407407	-9.67901234567901
			10.7407407407407	-9.65432098765432
			10.7407407407407	-9.62962962962963
			10.7654320987654	-9.60493827160494
			10.7654320987654	-9.58024691358025
			10.7654320987654	-9.55555555555556
			10.7654320987654	-9.53086419753086
			10.7654320987654	-9.50617283950617
			10.7654320987654	-9.48148148148148
			10.7654320987654	-9.45679012345679
			10.7654320987654	-9.4320987654321
			10.7654320987654	-9.40740740740741
			10.7654320987654	-9.38271604938272
			10.7901234567901	-9.35802469135802
			10.7901234567901	-9.33333333333333
			10.7901234567901	-9.30864197530864
			10.7901234567901	-9.28395061728395
			10.7901234567901	-9.25925925925926
			10.7901234567901	-9.23456790123457
			10.7901234567901	-9.20987654320988
			10.7901234567901	-9.18518518518519
			10.7901234567901	-9.16049382716049
			10.7901234567901	-9.1358024691358
			10.7901234567901	-9.11111111111111
			10.7901234567901	-9.08641975308642
			10.7901234567901	-9.06172839506173
			10.7901234567901	-9.03703703703704
			10.7901234567901	-9.01234567901234
			10.7901234567901	-8.98765432098765
			10.7901234567901	-8.96296296296296
			10.7901234567901	-8.93827160493827
			10.7901234567901	-8.91358024691358
			10.8148148148148	-8.91358024691358
			10.8148148148148	-8.88888888888889
			10.8148148148148	-8.8641975308642
			10.8148148148148	-8.83950617283951
			10.8148148148148	-8.81481481481481
			10.8148148148148	-8.79012345679012
			10.8148148148148	-8.76543209876543
			10.8148148148148	-8.74074074074074
			10.8148148148148	-8.71604938271605
			10.8148148148148	-8.69135802469136
			10.8148148148148	-8.66666666666667
			10.8148148148148	-8.64197530864197
			10.8148148148148	-8.61728395061728
			10.8148148148148	-8.59259259259259
			10.8148148148148	-8.5679012345679
			10.8148148148148	-8.54320987654321
			10.8148148148148	-8.51851851851852
			10.8148148148148	-8.49382716049383
			10.8148148148148	-8.46913580246914
			10.8148148148148	-8.44444444444444
			10.8148148148148	-8.41975308641975
			10.8148148148148	-8.39506172839506
			10.8148148148148	-8.37037037037037
			10.8148148148148	-8.34567901234568
			10.8148148148148	-8.32098765432099
			10.8148148148148	-8.2962962962963
			10.8148148148148	-8.2716049382716
			10.8148148148148	-8.24691358024691
			10.8148148148148	-8.22222222222222
			10.8148148148148	-8.19753086419753
			10.8148148148148	-8.17283950617284
			10.8148148148148	-8.14814814814815
			10.8148148148148	-8.12345679012346
			10.8148148148148	-8.09876543209877
			10.8148148148148	-8.07407407407407
			10.8148148148148	-8.04938271604938
			10.8148148148148	-8.02469135802469
			10.8148148148148	-8
			10.8148148148148	-7.97530864197531
			10.7901234567901	-7.95061728395062
			10.7901234567901	-7.92592592592593
			10.7901234567901	-7.90123456790123
			10.7901234567901	-7.87654320987654
			10.7901234567901	-7.85185185185185
			10.7901234567901	-7.82716049382716
			10.7901234567901	-7.80246913580247
			10.7901234567901	-7.77777777777778
			10.7901234567901	-7.75308641975309
			10.7901234567901	-7.72839506172839
			10.7901234567901	-7.7037037037037
			10.7901234567901	-7.67901234567901
			10.7901234567901	-7.65432098765432
			10.7901234567901	-7.62962962962963
			10.7901234567901	-7.60493827160494
			10.7901234567901	-7.58024691358025
			10.7901234567901	-7.55555555555556
			10.7901234567901	-7.53086419753086
			10.7901234567901	-7.50617283950617
			10.7901234567901	-7.48148148148148
			10.7901234567901	-7.45679012345679
			10.7901234567901	-7.4320987654321
			10.7901234567901	-7.40740740740741
			10.7901234567901	-7.38271604938272
			10.7901234567901	-7.35802469135802
			10.7901234567901	-7.33333333333333
			10.7901234567901	-7.30864197530864
			10.7901234567901	-7.28395061728395
			10.7654320987654	-7.25925925925926
			10.7654320987654	-7.23456790123457
			10.7654320987654	-7.20987654320988
			10.7654320987654	-7.18518518518519
			10.7654320987654	-7.16049382716049
			10.7654320987654	-7.1358024691358
			10.7654320987654	-7.11111111111111
			10.7654320987654	-7.08641975308642
			10.7654320987654	-7.06172839506173
			10.7654320987654	-7.03703703703704
			10.7654320987654	-7.01234567901234
			10.7654320987654	-6.98765432098765
			10.7654320987654	-6.96296296296296
			10.7654320987654	-6.93827160493827
			10.7654320987654	-6.91358024691358
			10.7654320987654	-6.88888888888889
			10.7654320987654	-6.8641975308642
			10.7654320987654	-6.83950617283951
			10.7654320987654	-6.81481481481481
			10.7407407407407	-6.79012345679012
			10.7407407407407	-6.76543209876543
			10.7407407407407	-6.74074074074074
			10.7407407407407	-6.71604938271605
			10.7407407407407	-6.69135802469136
			10.7407407407407	-6.66666666666667
			10.7407407407407	-6.64197530864197
			10.7407407407407	-6.61728395061728
			10.7407407407407	-6.59259259259259
			10.7407407407407	-6.5679012345679
			10.7407407407407	-6.54320987654321
			10.7407407407407	-6.51851851851852
			10.7407407407407	-6.49382716049383
			10.7407407407407	-6.46913580246914
			10.7407407407407	-6.44444444444444
			10.7407407407407	-6.41975308641975
			10.716049382716	-6.39506172839506
			10.716049382716	-6.37037037037037
			10.716049382716	-6.34567901234568
			10.716049382716	-6.32098765432099
			10.716049382716	-6.2962962962963
			10.716049382716	-6.2716049382716
			10.716049382716	-6.24691358024691
			10.716049382716	-6.22222222222222
			10.716049382716	-6.19753086419753
			10.716049382716	-6.17283950617284
			10.716049382716	-6.14814814814815
			10.716049382716	-6.12345679012346
			10.716049382716	-6.09876543209876
			10.716049382716	-6.07407407407407
			10.6913580246914	-6.04938271604938
			10.6913580246914	-6.02469135802469
			10.6913580246914	-6
			10.6913580246914	-5.97530864197531
			10.6913580246914	-5.95061728395062
			10.6913580246914	-5.92592592592593
			10.6913580246914	-5.90123456790123
			10.6913580246914	-5.87654320987654
			10.6913580246914	-5.85185185185185
			10.6913580246914	-5.82716049382716
			10.6913580246914	-5.80246913580247
			10.6913580246914	-5.77777777777778
			10.6913580246914	-5.75308641975309
			10.6666666666667	-5.72839506172839
			10.6666666666667	-5.7037037037037
			10.6666666666667	-5.67901234567901
			10.6666666666667	-5.65432098765432
			10.6666666666667	-5.62962962962963
			10.6666666666667	-5.60493827160494
			10.6666666666667	-5.58024691358025
		</posterior>
	</curves.scaled>
	<ruler.points type=matrix rownames=TRUE colnames=FALSE nrow=2 ncol=2 as.numeric=TRUE >
		Ruler point 1	355	23
		Ruler point 2	436	23
	</ruler.points>
</shapes>

