<shapes type=list>
	<ruler.pixel type=vector names=FALSE length=1 as.numeric=TRUE >78</ruler.pixel>
	<ruler.interval type=vector names=FALSE length=1 as.numeric=TRUE >5</ruler.interval>
	<scaling.units type=vector names=FALSE length=1 as.numeric=FALSE >mm</scaling.units>
	<scaling type=vector names=FALSE length=1 as.numeric=TRUE >0.0641025641025641</scaling>
	<landmarks.pixel type=matrix rownames=TRUE colnames=FALSE nrow=16 ncol=2 as.numeric=TRUE >
		LM1	273	49
		LM2	273	61
		LM3	276	243
		LM4	276	292
		LM5	365	171
		LM6	333	260
		LM7	337	285
		LM8	351	142
		LM9	343	263
		LM10	273	54
		LM11	476	229
		LM12	510	242
		LM13	273	49
		LM14	455	203
		LM15	522	292
		LM16	542	397
	</landmarks.pixel>
	<landmarks.scaled type=matrix rownames=TRUE colnames=FALSE nrow=16 ncol=2 as.numeric=TRUE >
		LM1	17.5	-3.14102564102564
		LM2	17.5	-3.91025641025641
		LM3	17.6923076923077	-15.5769230769231
		LM4	17.6923076923077	-18.7179487179487
		LM5	23.3974358974359	-10.9615384615385
		LM6	21.3461538461538	-16.6666666666667
		LM7	21.6025641025641	-18.2692307692308
		LM8	22.5	-9.1025641025641
		LM9	21.9871794871795	-16.8589743589744
		LM10	17.5	-3.46153846153846
		LM11	30.5128205128205	-14.6794871794872
		LM12	32.6923076923077	-15.5128205128205
		LM13	17.5	-3.14102564102564
		LM14	29.1666666666667	-13.0128205128205
		LM15	33.4615384615385	-18.7179487179487
		LM16	34.7435897435897	-25.4487179487179
	</landmarks.scaled>
	<curves.control type=list>
		<glabella type=matrix rownames=FALSE colnames=FALSE nrow=11 ncol=2 as.numeric=TRUE >
			273	61
			318	61
			363	117
			363	132
			346	144
			383	160
			348	227
			337	241
			337	260
			349	277
			337	285
		</glabella>
		<suture type=matrix rownames=FALSE colnames=FALSE nrow=17 ncol=2 as.numeric=TRUE >
			273	54
			324	64
			368	119
			367	131
			362	139
			434	139
			437	205
			431	234
			396	246
			369	255
			348	259
			365	294
			448	253
			457	235
			477	230
			495	231
			510	242
		</suture>
		<anterior type=matrix rownames=FALSE colnames=FALSE nrow=7 ncol=2 as.numeric=TRUE >
			273	49
			347	42
			404	118
			425	128
			456	149
			492	171
			522	292
		</anterior>
		<posterior type=matrix rownames=FALSE colnames=FALSE nrow=13 ncol=2 as.numeric=TRUE >
			276	292
			305	305
			332	291
			341	273
			353	287
			406	282
			425	281
			460	292
			493	314
			528	335
			541	397
			531	311
			522	292
		</posterior>
	</curves.control>
	<curves.pixel type=list>
		<glabella type=matrix rownames=FALSE colnames=FALSE nrow=282 ncol=2 as.numeric=TRUE >
			273	61
			274	61
			275	61
			276	61
			277	61
			278	61
			279	61
			280	61
			281	61
			282	62
			283	62
			284	62
			285	62
			286	62
			287	62
			288	63
			289	63
			290	63
			291	63
			292	63
			292	64
			293	64
			294	64
			295	64
			296	65
			297	65
			298	65
			299	66
			300	66
			301	66
			302	67
			303	67
			304	67
			305	68
			306	69
			307	69
			308	70
			309	70
			310	70
			310	71
			311	71
			312	71
			312	72
			313	72
			314	72
			314	73
			315	73
			316	74
			317	74
			318	75
			319	76
			320	76
			321	77
			322	78
			323	78
			324	79
			325	80
			326	80
			327	81
			328	82
			329	83
			330	83
			331	84
			332	85
			333	86
			334	87
			335	87
			336	88
			337	89
			338	90
			339	91
			340	92
			341	93
			342	93
			342	94
			343	95
			344	96
			345	97
			346	98
			347	99
			348	100
			349	101
			350	102
			351	103
			352	104
			353	105
			354	106
			355	107
			355	108
			356	108
			356	109
			357	110
			358	110
			358	111
			359	112
			360	113
			361	114
			361	115
			362	116
			363	117
			363	118
			363	119
			363	120
			363	121
			362	122
			362	123
			362	124
			362	125
			361	126
			361	127
			360	128
			360	129
			359	130
			359	131
			359	132
			358	132
			358	133
			357	134
			356	134
			356	135
			355	136
			355	137
			354	137
			353	138
			353	139
			352	139
			351	140
			350	141
			349	142
			348	143
			347	143
			347	144
			348	145
			349	146
			350	146
			351	147
			352	147
			353	148
			354	149
			355	150
			356	150
			356	151
			357	152
			358	152
			358	153
			359	154
			360	155
			361	156
			361	157
			362	158
			362	159
			363	160
			363	161
			363	162
			364	163
			364	164
			364	165
			364	166
			364	167
			365	168
			365	169
			365	170
			365	171
			365	172
			365	173
			365	174
			365	175
			365	176
			365	177
			365	178
			365	179
			365	180
			365	181
			364	182
			364	183
			364	184
			364	185
			364	186
			364	187
			363	188
			363	189
			363	190
			363	191
			362	192
			362	193
			362	194
			361	195
			361	196
			361	197
			361	198
			360	198
			360	199
			360	200
			360	201
			359	201
			359	202
			359	203
			358	204
			358	205
			358	206
			357	207
			357	208
			356	209
			356	210
			355	211
			355	212
			355	213
			354	214
			354	215
			353	216
			353	217
			353	218
			352	219
			351	220
			351	221
			350	222
			350	223
			349	224
			349	225
			348	226
			348	227
			348	228
			347	228
			347	229
			346	230
			345	231
			345	232
			344	232
			344	233
			343	234
			343	235
			342	236
			342	237
			341	238
			341	239
			341	240
			340	241
			340	242
			339	243
			339	244
			339	245
			339	246
			338	247
			338	248
			338	249
			338	250
			338	251
			338	252
			337	253
			337	254
			337	255
			337	256
			337	257
			337	258
			337	259
			337	260
			338	261
			338	262
			339	263
			339	264
			340	265
			341	266
			341	267
			342	268
			342	269
			342	270
			342	271
			343	272
			343	273
			343	274
			343	275
			343	276
			343	277
			343	278
			342	279
			342	280
			341	281
			340	282
			340	283
			339	284
			338	285
			337	285
		</glabella>
		<suture type=matrix rownames=FALSE colnames=FALSE nrow=514 ncol=2 as.numeric=TRUE >
			273	54
			274	54
			275	54
			276	55
			277	55
			278	55
			279	55
			280	56
			281	56
			282	56
			283	57
			284	57
			285	57
			286	57
			287	58
			288	58
			289	58
			290	59
			291	59
			292	59
			293	60
			294	60
			295	60
			296	61
			297	61
			298	62
			299	62
			300	63
			301	63
			302	64
			303	64
			304	65
			305	65
			306	66
			307	66
			308	66
			308	67
			309	67
			310	68
			311	68
			312	69
			313	69
			314	70
			315	71
			316	71
			317	72
			318	72
			319	73
			320	74
			321	75
			322	75
			323	76
			324	76
			325	77
			326	78
			327	79
			328	79
			328	80
			329	80
			330	81
			331	81
			331	82
			332	83
			333	83
			334	84
			335	85
			336	86
			337	87
			338	87
			339	88
			340	89
			341	90
			342	91
			343	92
			344	93
			345	94
			346	94
			346	95
			347	96
			348	96
			348	97
			349	98
			350	98
			350	99
			351	100
			352	100
			352	101
			353	102
			354	103
			355	104
			356	105
			357	106
			358	107
			358	108
			359	108
			360	109
			361	110
			361	111
			362	112
			363	113
			364	114
			364	115
			365	115
			366	116
			367	117
			367	118
			368	119
			368	120
			368	121
			368	122
			368	123
			367	124
			367	125
			367	126
			367	127
			367	128
			366	128
			366	129
			366	130
			366	131
			365	132
			365	133
			365	134
			364	135
			364	136
			363	137
			362	138
			362	139
			363	139
			364	139
			365	139
			366	139
			367	139
			368	139
			369	139
			370	139
			371	139
			372	139
			373	139
			374	139
			375	140
			376	140
			377	140
			378	140
			379	140
			380	140
			381	140
			382	141
			383	141
			384	141
			385	141
			386	141
			387	141
			388	142
			389	142
			390	142
			391	142
			392	143
			393	143
			394	143
			395	144
			396	144
			397	144
			398	145
			399	145
			400	145
			401	146
			402	146
			403	147
			404	147
			405	148
			406	148
			407	148
			407	149
			408	149
			409	150
			410	150
			411	151
			412	151
			412	152
			413	153
			414	153
			415	154
			416	155
			417	156
			418	156
			419	157
			419	158
			420	159
			421	160
			422	161
			423	162
			424	163
			425	164
			425	165
			426	166
			427	167
			427	168
			428	169
			428	170
			429	171
			429	172
			430	172
			430	173
			430	174
			431	175
			431	176
			432	177
			432	178
			432	179
			433	180
			433	181
			433	182
			434	183
			434	184
			434	185
			434	186
			435	187
			435	188
			435	189
			435	190
			435	191
			436	192
			436	193
			436	194
			436	195
			436	196
			436	197
			437	198
			437	199
			437	200
			437	201
			437	202
			437	203
			437	204
			437	205
			437	206
			437	207
			436	208
			436	209
			436	210
			435	211
			435	212
			435	213
			434	214
			434	215
			433	216
			433	217
			433	218
			432	219
			431	220
			431	221
			430	222
			429	223
			429	224
			428	225
			427	226
			426	227
			425	228
			425	229
			424	230
			423	231
			422	231
			421	232
			420	233
			419	234
			418	235
			417	235
			416	236
			415	237
			414	238
			413	238
			412	239
			411	240
			410	240
			409	240
			408	241
			407	242
			406	242
			405	242
			404	243
			403	243
			402	244
			401	244
			400	244
			399	245
			398	245
			397	246
			396	246
			395	246
			394	247
			393	247
			392	247
			391	248
			390	248
			389	248
			388	249
			387	249
			386	249
			385	249
			384	250
			383	250
			382	250
			381	251
			380	251
			379	251
			378	252
			377	252
			376	252
			375	252
			375	253
			374	253
			373	253
			372	253
			371	254
			370	254
			369	254
			368	254
			367	255
			366	255
			365	255
			364	255
			363	256
			362	256
			361	256
			360	256
			359	257
			358	257
			357	257
			356	257
			355	258
			354	258
			353	258
			352	258
			351	258
			350	259
			349	259
			348	259
			349	260
			349	261
			350	262
			350	263
			351	263
			351	264
			352	265
			353	266
			354	267
			355	268
			356	269
			357	270
			358	270
			359	271
			360	272
			361	272
			362	272
			363	273
			364	273
			365	273
			366	274
			367	274
			368	274
			369	274
			370	275
			371	275
			372	275
			373	275
			374	275
			375	275
			376	275
			377	275
			378	275
			379	275
			380	275
			381	275
			382	275
			383	275
			384	275
			385	275
			386	275
			387	274
			388	274
			389	274
			390	274
			391	274
			392	274
			393	273
			394	273
			395	273
			396	273
			397	273
			398	272
			399	272
			400	272
			401	272
			402	271
			403	271
			404	271
			405	271
			405	270
			406	270
			407	270
			408	270
			409	269
			410	269
			411	269
			412	268
			413	268
			414	268
			415	267
			416	267
			417	266
			418	266
			419	266
			420	265
			421	265
			422	265
			423	264
			424	264
			425	263
			426	263
			427	263
			427	262
			428	262
			429	262
			430	261
			431	261
			432	260
			433	260
			434	260
			435	259
			436	259
			437	258
			438	258
			439	257
			440	257
			441	256
			442	256
			443	255
			444	255
			445	254
			446	254
			447	253
			448	253
			448	252
			449	252
			449	251
			449	250
			450	249
			451	248
			452	247
			452	246
			453	245
			454	244
			454	243
			455	242
			456	242
			457	241
			458	240
			458	239
			459	239
			460	238
			461	237
			462	237
			463	236
			464	235
			465	235
			466	234
			467	234
			468	233
			469	233
			470	232
			471	232
			472	231
			473	231
			474	231
			475	231
			476	230
			477	230
			478	230
			479	230
			480	230
			481	230
			482	230
			483	231
			484	231
			485	231
			486	231
			487	231
			488	232
			489	232
			490	232
			491	233
			492	233
			493	233
			494	233
			494	234
			495	234
			496	234
			497	234
			498	235
			499	236
			500	236
			501	237
			502	237
			503	237
			503	238
			504	238
			505	238
			505	239
			506	239
			507	240
			508	241
			509	241
			510	242
		</suture>
		<anterior type=matrix rownames=FALSE colnames=FALSE nrow=352 ncol=2 as.numeric=TRUE >
			273	49
			274	49
			275	49
			276	49
			277	49
			278	49
			279	49
			280	49
			281	48
			282	48
			283	48
			284	48
			285	48
			286	48
			287	48
			288	48
			289	48
			290	49
			291	49
			292	49
			293	49
			294	49
			295	49
			296	49
			297	49
			298	49
			299	49
			300	49
			301	49
			302	50
			303	50
			304	50
			305	50
			306	50
			307	50
			308	50
			309	51
			310	51
			311	51
			312	51
			313	51
			314	52
			315	52
			316	52
			317	53
			318	53
			319	53
			320	54
			321	54
			322	54
			323	54
			324	55
			325	55
			326	55
			327	56
			328	56
			329	57
			330	57
			331	57
			332	58
			333	58
			334	58
			335	59
			336	59
			337	60
			338	60
			339	61
			340	61
			340	62
			341	62
			342	63
			343	63
			344	64
			345	64
			346	65
			347	65
			348	66
			349	66
			350	67
			351	67
			352	68
			353	68
			353	69
			354	70
			355	70
			356	71
			357	71
			358	72
			359	73
			360	73
			361	74
			362	75
			363	75
			363	76
			364	77
			365	77
			366	78
			367	79
			368	80
			369	80
			370	81
			371	82
			371	83
			372	83
			373	84
			374	85
			375	86
			376	86
			377	87
			378	88
			378	89
			379	90
			380	91
			381	91
			382	92
			383	93
			384	94
			384	95
			385	96
			386	97
			387	98
			388	99
			389	99
			390	100
			390	101
			391	102
			392	103
			393	104
			394	105
			395	106
			395	107
			396	108
			397	109
			398	110
			399	111
			400	112
			400	113
			401	114
			402	115
			403	116
			403	117
			404	118
			405	118
			405	119
			406	119
			407	119
			408	120
			409	121
			410	121
			411	121
			412	122
			413	122
			414	123
			415	123
			416	124
			417	125
			418	125
			419	126
			420	126
			421	127
			422	127
			423	128
			424	129
			425	129
			426	130
			427	130
			428	131
			429	132
			430	132
			431	133
			432	134
			433	134
			434	135
			435	135
			435	136
			436	136
			437	136
			438	137
			439	138
			440	139
			441	139
			442	140
			443	140
			444	141
			445	141
			445	142
			446	143
			447	143
			448	144
			449	144
			450	145
			451	145
			452	146
			453	147
			454	148
			455	149
			456	149
			457	150
			458	150
			458	151
			459	151
			460	152
			461	152
			461	153
			462	154
			463	154
			464	155
			464	156
			465	156
			466	157
			467	158
			467	159
			468	159
			469	160
			470	161
			470	162
			471	163
			472	164
			473	165
			473	166
			474	167
			475	168
			476	169
			476	170
			477	171
			478	172
			479	173
			479	174
			479	175
			480	175
			480	176
			481	177
			481	178
			482	178
			482	179
			482	180
			483	181
			484	182
			484	183
			485	184
			485	185
			486	186
			486	187
			487	188
			487	189
			488	190
			488	191
			489	192
			489	193
			490	194
			490	195
			491	196
			491	197
			492	198
			492	199
			493	200
			493	201
			493	202
			494	203
			494	204
			494	205
			495	205
			495	206
			495	207
			496	208
			496	209
			497	210
			497	211
			497	212
			498	212
			498	213
			498	214
			499	215
			499	216
			499	217
			500	218
			500	219
			500	220
			501	221
			501	222
			502	223
			502	224
			502	225
			503	226
			503	227
			503	228
			504	229
			504	230
			504	231
			505	232
			505	233
			505	234
			506	235
			506	236
			506	237
			507	238
			507	239
			507	240
			508	241
			508	242
			508	243
			509	244
			509	245
			509	246
			510	247
			510	248
			510	249
			510	250
			511	250
			511	251
			511	252
			511	253
			512	254
			512	255
			512	256
			513	257
			513	258
			513	259
			514	260
			514	261
			514	262
			514	263
			515	264
			515	265
			515	266
			515	267
			516	268
			516	269
			516	270
			516	271
			517	271
			517	272
			517	273
			517	274
			518	275
			518	276
			518	277
			518	278
			519	279
			519	280
			519	281
			519	282
			520	283
			520	284
			520	285
			520	286
			521	287
			521	288
			521	289
			521	290
			522	291
			522	292
		</anterior>
		<posterior type=matrix rownames=FALSE colnames=FALSE nrow=424 ncol=2 as.numeric=TRUE >
			276	292
			277	292
			278	293
			279	293
			280	294
			281	294
			282	294
			283	295
			284	295
			285	295
			286	296
			287	296
			288	296
			289	296
			290	297
			291	297
			292	297
			293	297
			294	297
			295	298
			296	298
			297	298
			298	298
			299	298
			300	298
			301	298
			302	298
			303	298
			304	298
			305	298
			306	298
			307	298
			308	298
			309	298
			310	298
			311	298
			312	298
			313	298
			313	297
			314	297
			315	297
			316	297
			317	297
			318	296
			319	296
			320	296
			321	296
			322	295
			323	295
			324	295
			325	294
			326	294
			327	294
			327	293
			328	293
			329	292
			330	292
			331	291
			332	291
			332	290
			333	290
			333	289
			334	288
			334	287
			335	286
			335	285
			336	285
			337	284
			337	283
			338	283
			339	282
			340	282
			340	281
			341	281
			342	281
			343	281
			344	281
			345	281
			346	281
			347	282
			348	282
			348	283
			349	283
			350	284
			351	285
			352	286
			353	287
			354	287
			355	287
			356	287
			357	287
			358	287
			359	286
			360	286
			361	286
			362	286
			363	286
			364	286
			365	286
			366	286
			367	286
			368	286
			369	285
			370	285
			371	285
			372	285
			373	285
			374	285
			375	285
			376	285
			377	285
			378	285
			379	285
			380	285
			381	284
			382	284
			383	284
			384	284
			385	284
			386	284
			387	284
			388	284
			389	284
			390	284
			391	284
			392	283
			393	283
			394	283
			395	283
			396	283
			397	283
			398	283
			399	283
			400	283
			401	283
			402	283
			403	283
			404	282
			405	282
			406	282
			407	282
			408	282
			409	282
			410	282
			411	282
			412	282
			413	282
			414	282
			415	282
			416	282
			417	281
			418	281
			419	281
			420	281
			421	281
			422	281
			423	281
			424	281
			425	281
			426	281
			427	282
			428	282
			429	282
			430	283
			431	283
			432	283
			433	284
			434	284
			435	284
			436	285
			437	285
			438	286
			439	286
			440	286
			441	287
			442	287
			443	287
			444	288
			445	288
			446	289
			447	289
			448	290
			449	290
			450	290
			451	291
			452	291
			453	292
			454	292
			455	292
			456	293
			457	293
			457	294
			458	294
			459	295
			460	295
			461	296
			462	296
			463	296
			464	297
			465	297
			466	298
			467	298
			468	299
			469	299
			469	300
			470	300
			471	301
			472	301
			473	302
			474	302
			475	303
			476	303
			477	304
			478	304
			479	305
			480	306
			481	307
			482	307
			483	308
			484	308
			485	309
			486	310
			487	310
			488	311
			489	311
			489	312
			490	312
			491	313
			492	313
			493	314
			494	315
			495	315
			496	316
			497	317
			498	317
			499	318
			500	319
			501	319
			502	320
			503	321
			504	322
			505	323
			506	324
			507	325
			508	326
			509	327
			510	328
			511	329
			512	330
			513	331
			513	332
			514	333
			515	334
			515	335
			516	335
			517	336
			517	337
			518	338
			519	339
			519	340
			520	341
			520	342
			521	343
			522	344
			522	345
			523	346
			523	347
			524	348
			525	349
			525	350
			526	351
			526	352
			527	353
			527	354
			528	355
			528	356
			529	357
			529	358
			529	359
			530	360
			530	361
			531	362
			531	363
			532	364
			532	365
			532	366
			533	367
			533	368
			533	369
			534	370
			534	371
			534	372
			535	373
			535	374
			535	375
			536	376
			536	377
			536	378
			537	379
			537	380
			537	381
			537	382
			538	383
			538	384
			538	385
			538	386
			539	386
			539	387
			539	388
			539	389
			539	390
			540	391
			540	392
			540	393
			540	394
			541	395
			541	396
			541	397
			541	396
			541	395
			541	394
			541	393
			540	392
			540	391
			540	390
			540	389
			540	388
			540	387
			540	386
			540	385
			539	384
			539	383
			539	382
			539	381
			539	380
			539	379
			539	378
			539	377
			538	376
			538	375
			538	374
			538	373
			538	372
			538	371
			538	370
			538	369
			537	368
			537	367
			537	366
			537	365
			537	364
			537	363
			537	362
			536	361
			536	360
			536	359
			536	358
			536	357
			536	356
			536	355
			535	354
			535	353
			535	352
			535	351
			535	350
			535	349
			535	348
			534	347
			534	346
			534	345
			534	344
			534	343
			534	342
			533	341
			533	340
			533	339
			533	338
			533	337
			533	336
			533	335
			532	334
			532	333
			532	332
			532	331
			532	330
			531	329
			531	328
			531	327
			531	326
			531	325
			531	324
			530	323
			530	322
			530	321
			530	320
			530	319
			529	318
			529	317
			529	316
			529	315
			529	314
			528	313
			528	312
			528	311
			528	310
			527	309
			527	308
			527	307
			527	306
			526	305
			526	304
			526	303
			526	302
			525	302
			525	301
			525	300
			525	299
			524	298
			524	297
			524	296
			523	295
			523	294
			522	293
			522	292
		</posterior>
	</curves.pixel>
	<curves.scaled type=list>
		<glabella type=matrix rownames=FALSE colnames=FALSE nrow=282 ncol=2 as.numeric=TRUE >
			17.5	-3.91025641025641
			17.5641025641026	-3.91025641025641
			17.6282051282051	-3.91025641025641
			17.6923076923077	-3.91025641025641
			17.7564102564103	-3.91025641025641
			17.8205128205128	-3.91025641025641
			17.8846153846154	-3.91025641025641
			17.9487179487179	-3.91025641025641
			18.0128205128205	-3.91025641025641
			18.0769230769231	-3.97435897435897
			18.1410256410256	-3.97435897435897
			18.2051282051282	-3.97435897435897
			18.2692307692308	-3.97435897435897
			18.3333333333333	-3.97435897435897
			18.3974358974359	-3.97435897435897
			18.4615384615385	-4.03846153846154
			18.525641025641	-4.03846153846154
			18.5897435897436	-4.03846153846154
			18.6538461538462	-4.03846153846154
			18.7179487179487	-4.03846153846154
			18.7179487179487	-4.1025641025641
			18.7820512820513	-4.1025641025641
			18.8461538461538	-4.1025641025641
			18.9102564102564	-4.1025641025641
			18.974358974359	-4.16666666666667
			19.0384615384615	-4.16666666666667
			19.1025641025641	-4.16666666666667
			19.1666666666667	-4.23076923076923
			19.2307692307692	-4.23076923076923
			19.2948717948718	-4.23076923076923
			19.3589743589744	-4.29487179487179
			19.4230769230769	-4.29487179487179
			19.4871794871795	-4.29487179487179
			19.5512820512821	-4.35897435897436
			19.6153846153846	-4.42307692307692
			19.6794871794872	-4.42307692307692
			19.7435897435897	-4.48717948717949
			19.8076923076923	-4.48717948717949
			19.8717948717949	-4.48717948717949
			19.8717948717949	-4.55128205128205
			19.9358974358974	-4.55128205128205
			20	-4.55128205128205
			20	-4.61538461538461
			20.0641025641026	-4.61538461538461
			20.1282051282051	-4.61538461538461
			20.1282051282051	-4.67948717948718
			20.1923076923077	-4.67948717948718
			20.2564102564103	-4.74358974358974
			20.3205128205128	-4.74358974358974
			20.3846153846154	-4.80769230769231
			20.4487179487179	-4.87179487179487
			20.5128205128205	-4.87179487179487
			20.5769230769231	-4.93589743589744
			20.6410256410256	-5
			20.7051282051282	-5
			20.7692307692308	-5.06410256410256
			20.8333333333333	-5.12820512820513
			20.8974358974359	-5.12820512820513
			20.9615384615385	-5.19230769230769
			21.025641025641	-5.25641025641026
			21.0897435897436	-5.32051282051282
			21.1538461538462	-5.32051282051282
			21.2179487179487	-5.38461538461538
			21.2820512820513	-5.44871794871795
			21.3461538461538	-5.51282051282051
			21.4102564102564	-5.57692307692308
			21.474358974359	-5.57692307692308
			21.5384615384615	-5.64102564102564
			21.6025641025641	-5.7051282051282
			21.6666666666667	-5.76923076923077
			21.7307692307692	-5.83333333333333
			21.7948717948718	-5.8974358974359
			21.8589743589744	-5.96153846153846
			21.9230769230769	-5.96153846153846
			21.9230769230769	-6.02564102564103
			21.9871794871795	-6.08974358974359
			22.0512820512821	-6.15384615384615
			22.1153846153846	-6.21794871794872
			22.1794871794872	-6.28205128205128
			22.2435897435897	-6.34615384615385
			22.3076923076923	-6.41025641025641
			22.3717948717949	-6.47435897435897
			22.4358974358974	-6.53846153846154
			22.5	-6.6025641025641
			22.5641025641026	-6.66666666666667
			22.6282051282051	-6.73076923076923
			22.6923076923077	-6.79487179487179
			22.7564102564103	-6.85897435897436
			22.7564102564103	-6.92307692307692
			22.8205128205128	-6.92307692307692
			22.8205128205128	-6.98717948717949
			22.8846153846154	-7.05128205128205
			22.9487179487179	-7.05128205128205
			22.9487179487179	-7.11538461538461
			23.0128205128205	-7.17948717948718
			23.0769230769231	-7.24358974358974
			23.1410256410256	-7.30769230769231
			23.1410256410256	-7.37179487179487
			23.2051282051282	-7.43589743589744
			23.2692307692308	-7.5
			23.2692307692308	-7.56410256410256
			23.2692307692308	-7.62820512820513
			23.2692307692308	-7.69230769230769
			23.2692307692308	-7.75641025641026
			23.2051282051282	-7.82051282051282
			23.2051282051282	-7.88461538461538
			23.2051282051282	-7.94871794871795
			23.2051282051282	-8.01282051282051
			23.1410256410256	-8.07692307692308
			23.1410256410256	-8.14102564102564
			23.0769230769231	-8.2051282051282
			23.0769230769231	-8.26923076923077
			23.0128205128205	-8.33333333333333
			23.0128205128205	-8.3974358974359
			23.0128205128205	-8.46153846153846
			22.9487179487179	-8.46153846153846
			22.9487179487179	-8.52564102564103
			22.8846153846154	-8.58974358974359
			22.8205128205128	-8.58974358974359
			22.8205128205128	-8.65384615384615
			22.7564102564103	-8.71794871794872
			22.7564102564103	-8.78205128205128
			22.6923076923077	-8.78205128205128
			22.6282051282051	-8.84615384615384
			22.6282051282051	-8.91025641025641
			22.5641025641026	-8.91025641025641
			22.5	-8.97435897435897
			22.4358974358974	-9.03846153846154
			22.3717948717949	-9.1025641025641
			22.3076923076923	-9.16666666666667
			22.2435897435897	-9.16666666666667
			22.2435897435897	-9.23076923076923
			22.3076923076923	-9.29487179487179
			22.3717948717949	-9.35897435897436
			22.4358974358974	-9.35897435897436
			22.5	-9.42307692307692
			22.5641025641026	-9.42307692307692
			22.6282051282051	-9.48717948717949
			22.6923076923077	-9.55128205128205
			22.7564102564103	-9.61538461538461
			22.8205128205128	-9.61538461538461
			22.8205128205128	-9.67948717948718
			22.8846153846154	-9.74358974358974
			22.9487179487179	-9.74358974358974
			22.9487179487179	-9.80769230769231
			23.0128205128205	-9.87179487179487
			23.0769230769231	-9.93589743589743
			23.1410256410256	-10
			23.1410256410256	-10.0641025641026
			23.2051282051282	-10.1282051282051
			23.2051282051282	-10.1923076923077
			23.2692307692308	-10.2564102564103
			23.2692307692308	-10.3205128205128
			23.2692307692308	-10.3846153846154
			23.3333333333333	-10.4487179487179
			23.3333333333333	-10.5128205128205
			23.3333333333333	-10.5769230769231
			23.3333333333333	-10.6410256410256
			23.3333333333333	-10.7051282051282
			23.3974358974359	-10.7692307692308
			23.3974358974359	-10.8333333333333
			23.3974358974359	-10.8974358974359
			23.3974358974359	-10.9615384615385
			23.3974358974359	-11.025641025641
			23.3974358974359	-11.0897435897436
			23.3974358974359	-11.1538461538462
			23.3974358974359	-11.2179487179487
			23.3974358974359	-11.2820512820513
			23.3974358974359	-11.3461538461538
			23.3974358974359	-11.4102564102564
			23.3974358974359	-11.474358974359
			23.3974358974359	-11.5384615384615
			23.3974358974359	-11.6025641025641
			23.3333333333333	-11.6666666666667
			23.3333333333333	-11.7307692307692
			23.3333333333333	-11.7948717948718
			23.3333333333333	-11.8589743589744
			23.3333333333333	-11.9230769230769
			23.3333333333333	-11.9871794871795
			23.2692307692308	-12.0512820512821
			23.2692307692308	-12.1153846153846
			23.2692307692308	-12.1794871794872
			23.2692307692308	-12.2435897435897
			23.2051282051282	-12.3076923076923
			23.2051282051282	-12.3717948717949
			23.2051282051282	-12.4358974358974
			23.1410256410256	-12.5
			23.1410256410256	-12.5641025641026
			23.1410256410256	-12.6282051282051
			23.1410256410256	-12.6923076923077
			23.0769230769231	-12.6923076923077
			23.0769230769231	-12.7564102564103
			23.0769230769231	-12.8205128205128
			23.0769230769231	-12.8846153846154
			23.0128205128205	-12.8846153846154
			23.0128205128205	-12.9487179487179
			23.0128205128205	-13.0128205128205
			22.9487179487179	-13.0769230769231
			22.9487179487179	-13.1410256410256
			22.9487179487179	-13.2051282051282
			22.8846153846154	-13.2692307692308
			22.8846153846154	-13.3333333333333
			22.8205128205128	-13.3974358974359
			22.8205128205128	-13.4615384615385
			22.7564102564103	-13.525641025641
			22.7564102564103	-13.5897435897436
			22.7564102564103	-13.6538461538462
			22.6923076923077	-13.7179487179487
			22.6923076923077	-13.7820512820513
			22.6282051282051	-13.8461538461538
			22.6282051282051	-13.9102564102564
			22.6282051282051	-13.974358974359
			22.5641025641026	-14.0384615384615
			22.5	-14.1025641025641
			22.5	-14.1666666666667
			22.4358974358974	-14.2307692307692
			22.4358974358974	-14.2948717948718
			22.3717948717949	-14.3589743589744
			22.3717948717949	-14.4230769230769
			22.3076923076923	-14.4871794871795
			22.3076923076923	-14.551282051282
			22.3076923076923	-14.6153846153846
			22.2435897435897	-14.6153846153846
			22.2435897435897	-14.6794871794872
			22.1794871794872	-14.7435897435897
			22.1153846153846	-14.8076923076923
			22.1153846153846	-14.8717948717949
			22.0512820512821	-14.8717948717949
			22.0512820512821	-14.9358974358974
			21.9871794871795	-15
			21.9871794871795	-15.0641025641026
			21.9230769230769	-15.1282051282051
			21.9230769230769	-15.1923076923077
			21.8589743589744	-15.2564102564103
			21.8589743589744	-15.3205128205128
			21.8589743589744	-15.3846153846154
			21.7948717948718	-15.4487179487179
			21.7948717948718	-15.5128205128205
			21.7307692307692	-15.5769230769231
			21.7307692307692	-15.6410256410256
			21.7307692307692	-15.7051282051282
			21.7307692307692	-15.7692307692308
			21.6666666666667	-15.8333333333333
			21.6666666666667	-15.8974358974359
			21.6666666666667	-15.9615384615385
			21.6666666666667	-16.025641025641
			21.6666666666667	-16.0897435897436
			21.6666666666667	-16.1538461538462
			21.6025641025641	-16.2179487179487
			21.6025641025641	-16.2820512820513
			21.6025641025641	-16.3461538461538
			21.6025641025641	-16.4102564102564
			21.6025641025641	-16.474358974359
			21.6025641025641	-16.5384615384615
			21.6025641025641	-16.6025641025641
			21.6025641025641	-16.6666666666667
			21.6666666666667	-16.7307692307692
			21.6666666666667	-16.7948717948718
			21.7307692307692	-16.8589743589744
			21.7307692307692	-16.9230769230769
			21.7948717948718	-16.9871794871795
			21.8589743589744	-17.0512820512821
			21.8589743589744	-17.1153846153846
			21.9230769230769	-17.1794871794872
			21.9230769230769	-17.2435897435897
			21.9230769230769	-17.3076923076923
			21.9230769230769	-17.3717948717949
			21.9871794871795	-17.4358974358974
			21.9871794871795	-17.5
			21.9871794871795	-17.5641025641026
			21.9871794871795	-17.6282051282051
			21.9871794871795	-17.6923076923077
			21.9871794871795	-17.7564102564103
			21.9871794871795	-17.8205128205128
			21.9230769230769	-17.8846153846154
			21.9230769230769	-17.9487179487179
			21.8589743589744	-18.0128205128205
			21.7948717948718	-18.0769230769231
			21.7948717948718	-18.1410256410256
			21.7307692307692	-18.2051282051282
			21.6666666666667	-18.2692307692308
			21.6025641025641	-18.2692307692308
		</glabella>
		<suture type=matrix rownames=FALSE colnames=FALSE nrow=514 ncol=2 as.numeric=TRUE >
			17.5	-3.46153846153846
			17.5641025641026	-3.46153846153846
			17.6282051282051	-3.46153846153846
			17.6923076923077	-3.52564102564103
			17.7564102564103	-3.52564102564103
			17.8205128205128	-3.52564102564103
			17.8846153846154	-3.52564102564103
			17.9487179487179	-3.58974358974359
			18.0128205128205	-3.58974358974359
			18.0769230769231	-3.58974358974359
			18.1410256410256	-3.65384615384615
			18.2051282051282	-3.65384615384615
			18.2692307692308	-3.65384615384615
			18.3333333333333	-3.65384615384615
			18.3974358974359	-3.71794871794872
			18.4615384615385	-3.71794871794872
			18.525641025641	-3.71794871794872
			18.5897435897436	-3.78205128205128
			18.6538461538462	-3.78205128205128
			18.7179487179487	-3.78205128205128
			18.7820512820513	-3.84615384615385
			18.8461538461538	-3.84615384615385
			18.9102564102564	-3.84615384615385
			18.974358974359	-3.91025641025641
			19.0384615384615	-3.91025641025641
			19.1025641025641	-3.97435897435897
			19.1666666666667	-3.97435897435897
			19.2307692307692	-4.03846153846154
			19.2948717948718	-4.03846153846154
			19.3589743589744	-4.1025641025641
			19.4230769230769	-4.1025641025641
			19.4871794871795	-4.16666666666667
			19.5512820512821	-4.16666666666667
			19.6153846153846	-4.23076923076923
			19.6794871794872	-4.23076923076923
			19.7435897435897	-4.23076923076923
			19.7435897435897	-4.29487179487179
			19.8076923076923	-4.29487179487179
			19.8717948717949	-4.35897435897436
			19.9358974358974	-4.35897435897436
			20	-4.42307692307692
			20.0641025641026	-4.42307692307692
			20.1282051282051	-4.48717948717949
			20.1923076923077	-4.55128205128205
			20.2564102564103	-4.55128205128205
			20.3205128205128	-4.61538461538461
			20.3846153846154	-4.61538461538461
			20.4487179487179	-4.67948717948718
			20.5128205128205	-4.74358974358974
			20.5769230769231	-4.80769230769231
			20.6410256410256	-4.80769230769231
			20.7051282051282	-4.87179487179487
			20.7692307692308	-4.87179487179487
			20.8333333333333	-4.93589743589744
			20.8974358974359	-5
			20.9615384615385	-5.06410256410256
			21.025641025641	-5.06410256410256
			21.025641025641	-5.12820512820513
			21.0897435897436	-5.12820512820513
			21.1538461538462	-5.19230769230769
			21.2179487179487	-5.19230769230769
			21.2179487179487	-5.25641025641026
			21.2820512820513	-5.32051282051282
			21.3461538461538	-5.32051282051282
			21.4102564102564	-5.38461538461538
			21.474358974359	-5.44871794871795
			21.5384615384615	-5.51282051282051
			21.6025641025641	-5.57692307692308
			21.6666666666667	-5.57692307692308
			21.7307692307692	-5.64102564102564
			21.7948717948718	-5.7051282051282
			21.8589743589744	-5.76923076923077
			21.9230769230769	-5.83333333333333
			21.9871794871795	-5.8974358974359
			22.0512820512821	-5.96153846153846
			22.1153846153846	-6.02564102564103
			22.1794871794872	-6.02564102564103
			22.1794871794872	-6.08974358974359
			22.2435897435897	-6.15384615384615
			22.3076923076923	-6.15384615384615
			22.3076923076923	-6.21794871794872
			22.3717948717949	-6.28205128205128
			22.4358974358974	-6.28205128205128
			22.4358974358974	-6.34615384615385
			22.5	-6.41025641025641
			22.5641025641026	-6.41025641025641
			22.5641025641026	-6.47435897435897
			22.6282051282051	-6.53846153846154
			22.6923076923077	-6.6025641025641
			22.7564102564103	-6.66666666666667
			22.8205128205128	-6.73076923076923
			22.8846153846154	-6.79487179487179
			22.9487179487179	-6.85897435897436
			22.9487179487179	-6.92307692307692
			23.0128205128205	-6.92307692307692
			23.0769230769231	-6.98717948717949
			23.1410256410256	-7.05128205128205
			23.1410256410256	-7.11538461538461
			23.2051282051282	-7.17948717948718
			23.2692307692308	-7.24358974358974
			23.3333333333333	-7.30769230769231
			23.3333333333333	-7.37179487179487
			23.3974358974359	-7.37179487179487
			23.4615384615385	-7.43589743589744
			23.525641025641	-7.5
			23.525641025641	-7.56410256410256
			23.5897435897436	-7.62820512820513
			23.5897435897436	-7.69230769230769
			23.5897435897436	-7.75641025641026
			23.5897435897436	-7.82051282051282
			23.5897435897436	-7.88461538461538
			23.525641025641	-7.94871794871795
			23.525641025641	-8.01282051282051
			23.525641025641	-8.07692307692308
			23.525641025641	-8.14102564102564
			23.525641025641	-8.2051282051282
			23.4615384615385	-8.2051282051282
			23.4615384615385	-8.26923076923077
			23.4615384615385	-8.33333333333333
			23.4615384615385	-8.3974358974359
			23.3974358974359	-8.46153846153846
			23.3974358974359	-8.52564102564103
			23.3974358974359	-8.58974358974359
			23.3333333333333	-8.65384615384615
			23.3333333333333	-8.71794871794872
			23.2692307692308	-8.78205128205128
			23.2051282051282	-8.84615384615384
			23.2051282051282	-8.91025641025641
			23.2692307692308	-8.91025641025641
			23.3333333333333	-8.91025641025641
			23.3974358974359	-8.91025641025641
			23.4615384615385	-8.91025641025641
			23.525641025641	-8.91025641025641
			23.5897435897436	-8.91025641025641
			23.6538461538462	-8.91025641025641
			23.7179487179487	-8.91025641025641
			23.7820512820513	-8.91025641025641
			23.8461538461538	-8.91025641025641
			23.9102564102564	-8.91025641025641
			23.974358974359	-8.91025641025641
			24.0384615384615	-8.97435897435897
			24.1025641025641	-8.97435897435897
			24.1666666666667	-8.97435897435897
			24.2307692307692	-8.97435897435897
			24.2948717948718	-8.97435897435897
			24.3589743589744	-8.97435897435897
			24.4230769230769	-8.97435897435897
			24.4871794871795	-9.03846153846154
			24.551282051282	-9.03846153846154
			24.6153846153846	-9.03846153846154
			24.6794871794872	-9.03846153846154
			24.7435897435897	-9.03846153846154
			24.8076923076923	-9.03846153846154
			24.8717948717949	-9.1025641025641
			24.9358974358974	-9.1025641025641
			25	-9.1025641025641
			25.0641025641026	-9.1025641025641
			25.1282051282051	-9.16666666666667
			25.1923076923077	-9.16666666666667
			25.2564102564103	-9.16666666666667
			25.3205128205128	-9.23076923076923
			25.3846153846154	-9.23076923076923
			25.4487179487179	-9.23076923076923
			25.5128205128205	-9.29487179487179
			25.5769230769231	-9.29487179487179
			25.6410256410256	-9.29487179487179
			25.7051282051282	-9.35897435897436
			25.7692307692308	-9.35897435897436
			25.8333333333333	-9.42307692307692
			25.8974358974359	-9.42307692307692
			25.9615384615385	-9.48717948717949
			26.025641025641	-9.48717948717949
			26.0897435897436	-9.48717948717949
			26.0897435897436	-9.55128205128205
			26.1538461538462	-9.55128205128205
			26.2179487179487	-9.61538461538461
			26.2820512820513	-9.61538461538461
			26.3461538461538	-9.67948717948718
			26.4102564102564	-9.67948717948718
			26.4102564102564	-9.74358974358974
			26.474358974359	-9.80769230769231
			26.5384615384615	-9.80769230769231
			26.6025641025641	-9.87179487179487
			26.6666666666667	-9.93589743589743
			26.7307692307692	-10
			26.7948717948718	-10
			26.8589743589744	-10.0641025641026
			26.8589743589744	-10.1282051282051
			26.9230769230769	-10.1923076923077
			26.9871794871795	-10.2564102564103
			27.051282051282	-10.3205128205128
			27.1153846153846	-10.3846153846154
			27.1794871794872	-10.4487179487179
			27.2435897435897	-10.5128205128205
			27.2435897435897	-10.5769230769231
			27.3076923076923	-10.6410256410256
			27.3717948717949	-10.7051282051282
			27.3717948717949	-10.7692307692308
			27.4358974358974	-10.8333333333333
			27.4358974358974	-10.8974358974359
			27.5	-10.9615384615385
			27.5	-11.025641025641
			27.5641025641026	-11.025641025641
			27.5641025641026	-11.0897435897436
			27.5641025641026	-11.1538461538462
			27.6282051282051	-11.2179487179487
			27.6282051282051	-11.2820512820513
			27.6923076923077	-11.3461538461538
			27.6923076923077	-11.4102564102564
			27.6923076923077	-11.474358974359
			27.7564102564103	-11.5384615384615
			27.7564102564103	-11.6025641025641
			27.7564102564103	-11.6666666666667
			27.8205128205128	-11.7307692307692
			27.8205128205128	-11.7948717948718
			27.8205128205128	-11.8589743589744
			27.8205128205128	-11.9230769230769
			27.8846153846154	-11.9871794871795
			27.8846153846154	-12.0512820512821
			27.8846153846154	-12.1153846153846
			27.8846153846154	-12.1794871794872
			27.8846153846154	-12.2435897435897
			27.9487179487179	-12.3076923076923
			27.9487179487179	-12.3717948717949
			27.9487179487179	-12.4358974358974
			27.9487179487179	-12.5
			27.9487179487179	-12.5641025641026
			27.9487179487179	-12.6282051282051
			28.0128205128205	-12.6923076923077
			28.0128205128205	-12.7564102564103
			28.0128205128205	-12.8205128205128
			28.0128205128205	-12.8846153846154
			28.0128205128205	-12.9487179487179
			28.0128205128205	-13.0128205128205
			28.0128205128205	-13.0769230769231
			28.0128205128205	-13.1410256410256
			28.0128205128205	-13.2051282051282
			28.0128205128205	-13.2692307692308
			27.9487179487179	-13.3333333333333
			27.9487179487179	-13.3974358974359
			27.9487179487179	-13.4615384615385
			27.8846153846154	-13.525641025641
			27.8846153846154	-13.5897435897436
			27.8846153846154	-13.6538461538462
			27.8205128205128	-13.7179487179487
			27.8205128205128	-13.7820512820513
			27.7564102564103	-13.8461538461538
			27.7564102564103	-13.9102564102564
			27.7564102564103	-13.974358974359
			27.6923076923077	-14.0384615384615
			27.6282051282051	-14.1025641025641
			27.6282051282051	-14.1666666666667
			27.5641025641026	-14.2307692307692
			27.5	-14.2948717948718
			27.5	-14.3589743589744
			27.4358974358974	-14.4230769230769
			27.3717948717949	-14.4871794871795
			27.3076923076923	-14.551282051282
			27.2435897435897	-14.6153846153846
			27.2435897435897	-14.6794871794872
			27.1794871794872	-14.7435897435897
			27.1153846153846	-14.8076923076923
			27.051282051282	-14.8076923076923
			26.9871794871795	-14.8717948717949
			26.9230769230769	-14.9358974358974
			26.8589743589744	-15
			26.7948717948718	-15.0641025641026
			26.7307692307692	-15.0641025641026
			26.6666666666667	-15.1282051282051
			26.6025641025641	-15.1923076923077
			26.5384615384615	-15.2564102564103
			26.474358974359	-15.2564102564103
			26.4102564102564	-15.3205128205128
			26.3461538461538	-15.3846153846154
			26.2820512820513	-15.3846153846154
			26.2179487179487	-15.3846153846154
			26.1538461538462	-15.4487179487179
			26.0897435897436	-15.5128205128205
			26.025641025641	-15.5128205128205
			25.9615384615385	-15.5128205128205
			25.8974358974359	-15.5769230769231
			25.8333333333333	-15.5769230769231
			25.7692307692308	-15.6410256410256
			25.7051282051282	-15.6410256410256
			25.6410256410256	-15.6410256410256
			25.5769230769231	-15.7051282051282
			25.5128205128205	-15.7051282051282
			25.4487179487179	-15.7692307692308
			25.3846153846154	-15.7692307692308
			25.3205128205128	-15.7692307692308
			25.2564102564103	-15.8333333333333
			25.1923076923077	-15.8333333333333
			25.1282051282051	-15.8333333333333
			25.0641025641026	-15.8974358974359
			25	-15.8974358974359
			24.9358974358974	-15.8974358974359
			24.8717948717949	-15.9615384615385
			24.8076923076923	-15.9615384615385
			24.7435897435897	-15.9615384615385
			24.6794871794872	-15.9615384615385
			24.6153846153846	-16.025641025641
			24.551282051282	-16.025641025641
			24.4871794871795	-16.025641025641
			24.4230769230769	-16.0897435897436
			24.3589743589744	-16.0897435897436
			24.2948717948718	-16.0897435897436
			24.2307692307692	-16.1538461538462
			24.1666666666667	-16.1538461538462
			24.1025641025641	-16.1538461538462
			24.0384615384615	-16.1538461538462
			24.0384615384615	-16.2179487179487
			23.974358974359	-16.2179487179487
			23.9102564102564	-16.2179487179487
			23.8461538461538	-16.2179487179487
			23.7820512820513	-16.2820512820513
			23.7179487179487	-16.2820512820513
			23.6538461538462	-16.2820512820513
			23.5897435897436	-16.2820512820513
			23.525641025641	-16.3461538461538
			23.4615384615385	-16.3461538461538
			23.3974358974359	-16.3461538461538
			23.3333333333333	-16.3461538461538
			23.2692307692308	-16.4102564102564
			23.2051282051282	-16.4102564102564
			23.1410256410256	-16.4102564102564
			23.0769230769231	-16.4102564102564
			23.0128205128205	-16.474358974359
			22.9487179487179	-16.474358974359
			22.8846153846154	-16.474358974359
			22.8205128205128	-16.474358974359
			22.7564102564103	-16.5384615384615
			22.6923076923077	-16.5384615384615
			22.6282051282051	-16.5384615384615
			22.5641025641026	-16.5384615384615
			22.5	-16.5384615384615
			22.4358974358974	-16.6025641025641
			22.3717948717949	-16.6025641025641
			22.3076923076923	-16.6025641025641
			22.3717948717949	-16.6666666666667
			22.3717948717949	-16.7307692307692
			22.4358974358974	-16.7948717948718
			22.4358974358974	-16.8589743589744
			22.5	-16.8589743589744
			22.5	-16.9230769230769
			22.5641025641026	-16.9871794871795
			22.6282051282051	-17.0512820512821
			22.6923076923077	-17.1153846153846
			22.7564102564103	-17.1794871794872
			22.8205128205128	-17.2435897435897
			22.8846153846154	-17.3076923076923
			22.9487179487179	-17.3076923076923
			23.0128205128205	-17.3717948717949
			23.0769230769231	-17.4358974358974
			23.1410256410256	-17.4358974358974
			23.2051282051282	-17.4358974358974
			23.2692307692308	-17.5
			23.3333333333333	-17.5
			23.3974358974359	-17.5
			23.4615384615385	-17.5641025641026
			23.525641025641	-17.5641025641026
			23.5897435897436	-17.5641025641026
			23.6538461538462	-17.5641025641026
			23.7179487179487	-17.6282051282051
			23.7820512820513	-17.6282051282051
			23.8461538461538	-17.6282051282051
			23.9102564102564	-17.6282051282051
			23.974358974359	-17.6282051282051
			24.0384615384615	-17.6282051282051
			24.1025641025641	-17.6282051282051
			24.1666666666667	-17.6282051282051
			24.2307692307692	-17.6282051282051
			24.2948717948718	-17.6282051282051
			24.3589743589744	-17.6282051282051
			24.4230769230769	-17.6282051282051
			24.4871794871795	-17.6282051282051
			24.551282051282	-17.6282051282051
			24.6153846153846	-17.6282051282051
			24.6794871794872	-17.6282051282051
			24.7435897435897	-17.6282051282051
			24.8076923076923	-17.5641025641026
			24.8717948717949	-17.5641025641026
			24.9358974358974	-17.5641025641026
			25	-17.5641025641026
			25.0641025641026	-17.5641025641026
			25.1282051282051	-17.5641025641026
			25.1923076923077	-17.5
			25.2564102564103	-17.5
			25.3205128205128	-17.5
			25.3846153846154	-17.5
			25.4487179487179	-17.5
			25.5128205128205	-17.4358974358974
			25.5769230769231	-17.4358974358974
			25.6410256410256	-17.4358974358974
			25.7051282051282	-17.4358974358974
			25.7692307692308	-17.3717948717949
			25.8333333333333	-17.3717948717949
			25.8974358974359	-17.3717948717949
			25.9615384615385	-17.3717948717949
			25.9615384615385	-17.3076923076923
			26.025641025641	-17.3076923076923
			26.0897435897436	-17.3076923076923
			26.1538461538462	-17.3076923076923
			26.2179487179487	-17.2435897435897
			26.2820512820513	-17.2435897435897
			26.3461538461538	-17.2435897435897
			26.4102564102564	-17.1794871794872
			26.474358974359	-17.1794871794872
			26.5384615384615	-17.1794871794872
			26.6025641025641	-17.1153846153846
			26.6666666666667	-17.1153846153846
			26.7307692307692	-17.0512820512821
			26.7948717948718	-17.0512820512821
			26.8589743589744	-17.0512820512821
			26.9230769230769	-16.9871794871795
			26.9871794871795	-16.9871794871795
			27.051282051282	-16.9871794871795
			27.1153846153846	-16.9230769230769
			27.1794871794872	-16.9230769230769
			27.2435897435897	-16.8589743589744
			27.3076923076923	-16.8589743589744
			27.3717948717949	-16.8589743589744
			27.3717948717949	-16.7948717948718
			27.4358974358974	-16.7948717948718
			27.5	-16.7948717948718
			27.5641025641026	-16.7307692307692
			27.6282051282051	-16.7307692307692
			27.6923076923077	-16.6666666666667
			27.7564102564103	-16.6666666666667
			27.8205128205128	-16.6666666666667
			27.8846153846154	-16.6025641025641
			27.9487179487179	-16.6025641025641
			28.0128205128205	-16.5384615384615
			28.0769230769231	-16.5384615384615
			28.1410256410256	-16.474358974359
			28.2051282051282	-16.474358974359
			28.2692307692308	-16.4102564102564
			28.3333333333333	-16.4102564102564
			28.3974358974359	-16.3461538461538
			28.4615384615385	-16.3461538461538
			28.525641025641	-16.2820512820513
			28.5897435897436	-16.2820512820513
			28.6538461538461	-16.2179487179487
			28.7179487179487	-16.2179487179487
			28.7179487179487	-16.1538461538462
			28.7820512820513	-16.1538461538462
			28.7820512820513	-16.0897435897436
			28.7820512820513	-16.025641025641
			28.8461538461538	-15.9615384615385
			28.9102564102564	-15.8974358974359
			28.974358974359	-15.8333333333333
			28.974358974359	-15.7692307692308
			29.0384615384615	-15.7051282051282
			29.1025641025641	-15.6410256410256
			29.1025641025641	-15.5769230769231
			29.1666666666667	-15.5128205128205
			29.2307692307692	-15.5128205128205
			29.2948717948718	-15.4487179487179
			29.3589743589744	-15.3846153846154
			29.3589743589744	-15.3205128205128
			29.4230769230769	-15.3205128205128
			29.4871794871795	-15.2564102564103
			29.551282051282	-15.1923076923077
			29.6153846153846	-15.1923076923077
			29.6794871794872	-15.1282051282051
			29.7435897435897	-15.0641025641026
			29.8076923076923	-15.0641025641026
			29.8717948717949	-15
			29.9358974358974	-15
			30	-14.9358974358974
			30.0641025641026	-14.9358974358974
			30.1282051282051	-14.8717948717949
			30.1923076923077	-14.8717948717949
			30.2564102564103	-14.8076923076923
			30.3205128205128	-14.8076923076923
			30.3846153846154	-14.8076923076923
			30.4487179487179	-14.8076923076923
			30.5128205128205	-14.7435897435897
			30.5769230769231	-14.7435897435897
			30.6410256410256	-14.7435897435897
			30.7051282051282	-14.7435897435897
			30.7692307692308	-14.7435897435897
			30.8333333333333	-14.7435897435897
			30.8974358974359	-14.7435897435897
			30.9615384615385	-14.8076923076923
			31.025641025641	-14.8076923076923
			31.0897435897436	-14.8076923076923
			31.1538461538461	-14.8076923076923
			31.2179487179487	-14.8076923076923
			31.2820512820513	-14.8717948717949
			31.3461538461538	-14.8717948717949
			31.4102564102564	-14.8717948717949
			31.474358974359	-14.9358974358974
			31.5384615384615	-14.9358974358974
			31.6025641025641	-14.9358974358974
			31.6666666666667	-14.9358974358974
			31.6666666666667	-15
			31.7307692307692	-15
			31.7948717948718	-15
			31.8589743589744	-15
			31.9230769230769	-15.0641025641026
			31.9871794871795	-15.1282051282051
			32.0512820512821	-15.1282051282051
			32.1153846153846	-15.1923076923077
			32.1794871794872	-15.1923076923077
			32.2435897435897	-15.1923076923077
			32.2435897435897	-15.2564102564103
			32.3076923076923	-15.2564102564103
			32.3717948717949	-15.2564102564103
			32.3717948717949	-15.3205128205128
			32.4358974358974	-15.3205128205128
			32.5	-15.3846153846154
			32.5641025641026	-15.4487179487179
			32.6282051282051	-15.4487179487179
			32.6923076923077	-15.5128205128205
		</suture>
		<anterior type=matrix rownames=FALSE colnames=FALSE nrow=352 ncol=2 as.numeric=TRUE >
			17.5	-3.14102564102564
			17.5641025641026	-3.14102564102564
			17.6282051282051	-3.14102564102564
			17.6923076923077	-3.14102564102564
			17.7564102564103	-3.14102564102564
			17.8205128205128	-3.14102564102564
			17.8846153846154	-3.14102564102564
			17.9487179487179	-3.14102564102564
			18.0128205128205	-3.07692307692308
			18.0769230769231	-3.07692307692308
			18.1410256410256	-3.07692307692308
			18.2051282051282	-3.07692307692308
			18.2692307692308	-3.07692307692308
			18.3333333333333	-3.07692307692308
			18.3974358974359	-3.07692307692308
			18.4615384615385	-3.07692307692308
			18.525641025641	-3.07692307692308
			18.5897435897436	-3.14102564102564
			18.6538461538462	-3.14102564102564
			18.7179487179487	-3.14102564102564
			18.7820512820513	-3.14102564102564
			18.8461538461538	-3.14102564102564
			18.9102564102564	-3.14102564102564
			18.974358974359	-3.14102564102564
			19.0384615384615	-3.14102564102564
			19.1025641025641	-3.14102564102564
			19.1666666666667	-3.14102564102564
			19.2307692307692	-3.14102564102564
			19.2948717948718	-3.14102564102564
			19.3589743589744	-3.2051282051282
			19.4230769230769	-3.2051282051282
			19.4871794871795	-3.2051282051282
			19.5512820512821	-3.2051282051282
			19.6153846153846	-3.2051282051282
			19.6794871794872	-3.2051282051282
			19.7435897435897	-3.2051282051282
			19.8076923076923	-3.26923076923077
			19.8717948717949	-3.26923076923077
			19.9358974358974	-3.26923076923077
			20	-3.26923076923077
			20.0641025641026	-3.26923076923077
			20.1282051282051	-3.33333333333333
			20.1923076923077	-3.33333333333333
			20.2564102564103	-3.33333333333333
			20.3205128205128	-3.3974358974359
			20.3846153846154	-3.3974358974359
			20.4487179487179	-3.3974358974359
			20.5128205128205	-3.46153846153846
			20.5769230769231	-3.46153846153846
			20.6410256410256	-3.46153846153846
			20.7051282051282	-3.46153846153846
			20.7692307692308	-3.52564102564103
			20.8333333333333	-3.52564102564103
			20.8974358974359	-3.52564102564103
			20.9615384615385	-3.58974358974359
			21.025641025641	-3.58974358974359
			21.0897435897436	-3.65384615384615
			21.1538461538462	-3.65384615384615
			21.2179487179487	-3.65384615384615
			21.2820512820513	-3.71794871794872
			21.3461538461538	-3.71794871794872
			21.4102564102564	-3.71794871794872
			21.474358974359	-3.78205128205128
			21.5384615384615	-3.78205128205128
			21.6025641025641	-3.84615384615385
			21.6666666666667	-3.84615384615385
			21.7307692307692	-3.91025641025641
			21.7948717948718	-3.91025641025641
			21.7948717948718	-3.97435897435897
			21.8589743589744	-3.97435897435897
			21.9230769230769	-4.03846153846154
			21.9871794871795	-4.03846153846154
			22.0512820512821	-4.1025641025641
			22.1153846153846	-4.1025641025641
			22.1794871794872	-4.16666666666667
			22.2435897435897	-4.16666666666667
			22.3076923076923	-4.23076923076923
			22.3717948717949	-4.23076923076923
			22.4358974358974	-4.29487179487179
			22.5	-4.29487179487179
			22.5641025641026	-4.35897435897436
			22.6282051282051	-4.35897435897436
			22.6282051282051	-4.42307692307692
			22.6923076923077	-4.48717948717949
			22.7564102564103	-4.48717948717949
			22.8205128205128	-4.55128205128205
			22.8846153846154	-4.55128205128205
			22.9487179487179	-4.61538461538461
			23.0128205128205	-4.67948717948718
			23.0769230769231	-4.67948717948718
			23.1410256410256	-4.74358974358974
			23.2051282051282	-4.80769230769231
			23.2692307692308	-4.80769230769231
			23.2692307692308	-4.87179487179487
			23.3333333333333	-4.93589743589744
			23.3974358974359	-4.93589743589744
			23.4615384615385	-5
			23.525641025641	-5.06410256410256
			23.5897435897436	-5.12820512820513
			23.6538461538462	-5.12820512820513
			23.7179487179487	-5.19230769230769
			23.7820512820513	-5.25641025641026
			23.7820512820513	-5.32051282051282
			23.8461538461538	-5.32051282051282
			23.9102564102564	-5.38461538461538
			23.974358974359	-5.44871794871795
			24.0384615384615	-5.51282051282051
			24.1025641025641	-5.51282051282051
			24.1666666666667	-5.57692307692308
			24.2307692307692	-5.64102564102564
			24.2307692307692	-5.7051282051282
			24.2948717948718	-5.76923076923077
			24.3589743589744	-5.83333333333333
			24.4230769230769	-5.83333333333333
			24.4871794871795	-5.8974358974359
			24.551282051282	-5.96153846153846
			24.6153846153846	-6.02564102564103
			24.6153846153846	-6.08974358974359
			24.6794871794872	-6.15384615384615
			24.7435897435897	-6.21794871794872
			24.8076923076923	-6.28205128205128
			24.8717948717949	-6.34615384615385
			24.9358974358974	-6.34615384615385
			25	-6.41025641025641
			25	-6.47435897435897
			25.0641025641026	-6.53846153846154
			25.1282051282051	-6.6025641025641
			25.1923076923077	-6.66666666666667
			25.2564102564103	-6.73076923076923
			25.3205128205128	-6.79487179487179
			25.3205128205128	-6.85897435897436
			25.3846153846154	-6.92307692307692
			25.4487179487179	-6.98717948717949
			25.5128205128205	-7.05128205128205
			25.5769230769231	-7.11538461538461
			25.6410256410256	-7.17948717948718
			25.6410256410256	-7.24358974358974
			25.7051282051282	-7.30769230769231
			25.7692307692308	-7.37179487179487
			25.8333333333333	-7.43589743589744
			25.8333333333333	-7.5
			25.8974358974359	-7.56410256410256
			25.9615384615385	-7.56410256410256
			25.9615384615385	-7.62820512820513
			26.025641025641	-7.62820512820513
			26.0897435897436	-7.62820512820513
			26.1538461538462	-7.69230769230769
			26.2179487179487	-7.75641025641026
			26.2820512820513	-7.75641025641026
			26.3461538461538	-7.75641025641026
			26.4102564102564	-7.82051282051282
			26.474358974359	-7.82051282051282
			26.5384615384615	-7.88461538461538
			26.6025641025641	-7.88461538461538
			26.6666666666667	-7.94871794871795
			26.7307692307692	-8.01282051282051
			26.7948717948718	-8.01282051282051
			26.8589743589744	-8.07692307692308
			26.9230769230769	-8.07692307692308
			26.9871794871795	-8.14102564102564
			27.051282051282	-8.14102564102564
			27.1153846153846	-8.2051282051282
			27.1794871794872	-8.26923076923077
			27.2435897435897	-8.26923076923077
			27.3076923076923	-8.33333333333333
			27.3717948717949	-8.33333333333333
			27.4358974358974	-8.3974358974359
			27.5	-8.46153846153846
			27.5641025641026	-8.46153846153846
			27.6282051282051	-8.52564102564103
			27.6923076923077	-8.58974358974359
			27.7564102564103	-8.58974358974359
			27.8205128205128	-8.65384615384615
			27.8846153846154	-8.65384615384615
			27.8846153846154	-8.71794871794872
			27.9487179487179	-8.71794871794872
			28.0128205128205	-8.71794871794872
			28.0769230769231	-8.78205128205128
			28.1410256410256	-8.84615384615384
			28.2051282051282	-8.91025641025641
			28.2692307692308	-8.91025641025641
			28.3333333333333	-8.97435897435897
			28.3974358974359	-8.97435897435897
			28.4615384615385	-9.03846153846154
			28.525641025641	-9.03846153846154
			28.525641025641	-9.1025641025641
			28.5897435897436	-9.16666666666667
			28.6538461538461	-9.16666666666667
			28.7179487179487	-9.23076923076923
			28.7820512820513	-9.23076923076923
			28.8461538461538	-9.29487179487179
			28.9102564102564	-9.29487179487179
			28.974358974359	-9.35897435897436
			29.0384615384615	-9.42307692307692
			29.1025641025641	-9.48717948717949
			29.1666666666667	-9.55128205128205
			29.2307692307692	-9.55128205128205
			29.2948717948718	-9.61538461538461
			29.3589743589744	-9.61538461538461
			29.3589743589744	-9.67948717948718
			29.4230769230769	-9.67948717948718
			29.4871794871795	-9.74358974358974
			29.551282051282	-9.74358974358974
			29.551282051282	-9.80769230769231
			29.6153846153846	-9.87179487179487
			29.6794871794872	-9.87179487179487
			29.7435897435897	-9.93589743589743
			29.7435897435897	-10
			29.8076923076923	-10
			29.8717948717949	-10.0641025641026
			29.9358974358974	-10.1282051282051
			29.9358974358974	-10.1923076923077
			30	-10.1923076923077
			30.0641025641026	-10.2564102564103
			30.1282051282051	-10.3205128205128
			30.1282051282051	-10.3846153846154
			30.1923076923077	-10.4487179487179
			30.2564102564103	-10.5128205128205
			30.3205128205128	-10.5769230769231
			30.3205128205128	-10.6410256410256
			30.3846153846154	-10.7051282051282
			30.4487179487179	-10.7692307692308
			30.5128205128205	-10.8333333333333
			30.5128205128205	-10.8974358974359
			30.5769230769231	-10.9615384615385
			30.6410256410256	-11.025641025641
			30.7051282051282	-11.0897435897436
			30.7051282051282	-11.1538461538462
			30.7051282051282	-11.2179487179487
			30.7692307692308	-11.2179487179487
			30.7692307692308	-11.2820512820513
			30.8333333333333	-11.3461538461538
			30.8333333333333	-11.4102564102564
			30.8974358974359	-11.4102564102564
			30.8974358974359	-11.474358974359
			30.8974358974359	-11.5384615384615
			30.9615384615385	-11.6025641025641
			31.025641025641	-11.6666666666667
			31.025641025641	-11.7307692307692
			31.0897435897436	-11.7948717948718
			31.0897435897436	-11.8589743589744
			31.1538461538461	-11.9230769230769
			31.1538461538461	-11.9871794871795
			31.2179487179487	-12.0512820512821
			31.2179487179487	-12.1153846153846
			31.2820512820513	-12.1794871794872
			31.2820512820513	-12.2435897435897
			31.3461538461538	-12.3076923076923
			31.3461538461538	-12.3717948717949
			31.4102564102564	-12.4358974358974
			31.4102564102564	-12.5
			31.474358974359	-12.5641025641026
			31.474358974359	-12.6282051282051
			31.5384615384615	-12.6923076923077
			31.5384615384615	-12.7564102564103
			31.6025641025641	-12.8205128205128
			31.6025641025641	-12.8846153846154
			31.6025641025641	-12.9487179487179
			31.6666666666667	-13.0128205128205
			31.6666666666667	-13.0769230769231
			31.6666666666667	-13.1410256410256
			31.7307692307692	-13.1410256410256
			31.7307692307692	-13.2051282051282
			31.7307692307692	-13.2692307692308
			31.7948717948718	-13.3333333333333
			31.7948717948718	-13.3974358974359
			31.8589743589744	-13.4615384615385
			31.8589743589744	-13.525641025641
			31.8589743589744	-13.5897435897436
			31.9230769230769	-13.5897435897436
			31.9230769230769	-13.6538461538462
			31.9230769230769	-13.7179487179487
			31.9871794871795	-13.7820512820513
			31.9871794871795	-13.8461538461538
			31.9871794871795	-13.9102564102564
			32.0512820512821	-13.974358974359
			32.0512820512821	-14.0384615384615
			32.0512820512821	-14.1025641025641
			32.1153846153846	-14.1666666666667
			32.1153846153846	-14.2307692307692
			32.1794871794872	-14.2948717948718
			32.1794871794872	-14.3589743589744
			32.1794871794872	-14.4230769230769
			32.2435897435897	-14.4871794871795
			32.2435897435897	-14.551282051282
			32.2435897435897	-14.6153846153846
			32.3076923076923	-14.6794871794872
			32.3076923076923	-14.7435897435897
			32.3076923076923	-14.8076923076923
			32.3717948717949	-14.8717948717949
			32.3717948717949	-14.9358974358974
			32.3717948717949	-15
			32.4358974358974	-15.0641025641026
			32.4358974358974	-15.1282051282051
			32.4358974358974	-15.1923076923077
			32.5	-15.2564102564103
			32.5	-15.3205128205128
			32.5	-15.3846153846154
			32.5641025641026	-15.4487179487179
			32.5641025641026	-15.5128205128205
			32.5641025641026	-15.5769230769231
			32.6282051282051	-15.6410256410256
			32.6282051282051	-15.7051282051282
			32.6282051282051	-15.7692307692308
			32.6923076923077	-15.8333333333333
			32.6923076923077	-15.8974358974359
			32.6923076923077	-15.9615384615385
			32.6923076923077	-16.025641025641
			32.7564102564103	-16.025641025641
			32.7564102564103	-16.0897435897436
			32.7564102564103	-16.1538461538462
			32.7564102564103	-16.2179487179487
			32.8205128205128	-16.2820512820513
			32.8205128205128	-16.3461538461538
			32.8205128205128	-16.4102564102564
			32.8846153846154	-16.474358974359
			32.8846153846154	-16.5384615384615
			32.8846153846154	-16.6025641025641
			32.9487179487179	-16.6666666666667
			32.9487179487179	-16.7307692307692
			32.9487179487179	-16.7948717948718
			32.9487179487179	-16.8589743589744
			33.0128205128205	-16.9230769230769
			33.0128205128205	-16.9871794871795
			33.0128205128205	-17.0512820512821
			33.0128205128205	-17.1153846153846
			33.0769230769231	-17.1794871794872
			33.0769230769231	-17.2435897435897
			33.0769230769231	-17.3076923076923
			33.0769230769231	-17.3717948717949
			33.1410256410256	-17.3717948717949
			33.1410256410256	-17.4358974358974
			33.1410256410256	-17.5
			33.1410256410256	-17.5641025641026
			33.2051282051282	-17.6282051282051
			33.2051282051282	-17.6923076923077
			33.2051282051282	-17.7564102564103
			33.2051282051282	-17.8205128205128
			33.2692307692308	-17.8846153846154
			33.2692307692308	-17.9487179487179
			33.2692307692308	-18.0128205128205
			33.2692307692308	-18.0769230769231
			33.3333333333333	-18.1410256410256
			33.3333333333333	-18.2051282051282
			33.3333333333333	-18.2692307692308
			33.3333333333333	-18.3333333333333
			33.3974358974359	-18.3974358974359
			33.3974358974359	-18.4615384615385
			33.3974358974359	-18.525641025641
			33.3974358974359	-18.5897435897436
			33.4615384615385	-18.6538461538462
			33.4615384615385	-18.7179487179487
		</anterior>
		<posterior type=matrix rownames=FALSE colnames=FALSE nrow=424 ncol=2 as.numeric=TRUE >
			17.6923076923077	-18.7179487179487
			17.7564102564103	-18.7179487179487
			17.8205128205128	-18.7820512820513
			17.8846153846154	-18.7820512820513
			17.9487179487179	-18.8461538461538
			18.0128205128205	-18.8461538461538
			18.0769230769231	-18.8461538461538
			18.1410256410256	-18.9102564102564
			18.2051282051282	-18.9102564102564
			18.2692307692308	-18.9102564102564
			18.3333333333333	-18.974358974359
			18.3974358974359	-18.974358974359
			18.4615384615385	-18.974358974359
			18.525641025641	-18.974358974359
			18.5897435897436	-19.0384615384615
			18.6538461538462	-19.0384615384615
			18.7179487179487	-19.0384615384615
			18.7820512820513	-19.0384615384615
			18.8461538461538	-19.0384615384615
			18.9102564102564	-19.1025641025641
			18.974358974359	-19.1025641025641
			19.0384615384615	-19.1025641025641
			19.1025641025641	-19.1025641025641
			19.1666666666667	-19.1025641025641
			19.2307692307692	-19.1025641025641
			19.2948717948718	-19.1025641025641
			19.3589743589744	-19.1025641025641
			19.4230769230769	-19.1025641025641
			19.4871794871795	-19.1025641025641
			19.5512820512821	-19.1025641025641
			19.6153846153846	-19.1025641025641
			19.6794871794872	-19.1025641025641
			19.7435897435897	-19.1025641025641
			19.8076923076923	-19.1025641025641
			19.8717948717949	-19.1025641025641
			19.9358974358974	-19.1025641025641
			20	-19.1025641025641
			20.0641025641026	-19.1025641025641
			20.0641025641026	-19.0384615384615
			20.1282051282051	-19.0384615384615
			20.1923076923077	-19.0384615384615
			20.2564102564103	-19.0384615384615
			20.3205128205128	-19.0384615384615
			20.3846153846154	-18.974358974359
			20.4487179487179	-18.974358974359
			20.5128205128205	-18.974358974359
			20.5769230769231	-18.974358974359
			20.6410256410256	-18.9102564102564
			20.7051282051282	-18.9102564102564
			20.7692307692308	-18.9102564102564
			20.8333333333333	-18.8461538461538
			20.8974358974359	-18.8461538461538
			20.9615384615385	-18.8461538461538
			20.9615384615385	-18.7820512820513
			21.025641025641	-18.7820512820513
			21.0897435897436	-18.7179487179487
			21.1538461538462	-18.7179487179487
			21.2179487179487	-18.6538461538462
			21.2820512820513	-18.6538461538462
			21.2820512820513	-18.5897435897436
			21.3461538461538	-18.5897435897436
			21.3461538461538	-18.525641025641
			21.4102564102564	-18.4615384615385
			21.4102564102564	-18.3974358974359
			21.474358974359	-18.3333333333333
			21.474358974359	-18.2692307692308
			21.5384615384615	-18.2692307692308
			21.6025641025641	-18.2051282051282
			21.6025641025641	-18.1410256410256
			21.6666666666667	-18.1410256410256
			21.7307692307692	-18.0769230769231
			21.7948717948718	-18.0769230769231
			21.7948717948718	-18.0128205128205
			21.8589743589744	-18.0128205128205
			21.9230769230769	-18.0128205128205
			21.9871794871795	-18.0128205128205
			22.0512820512821	-18.0128205128205
			22.1153846153846	-18.0128205128205
			22.1794871794872	-18.0128205128205
			22.2435897435897	-18.0769230769231
			22.3076923076923	-18.0769230769231
			22.3076923076923	-18.1410256410256
			22.3717948717949	-18.1410256410256
			22.4358974358974	-18.2051282051282
			22.5	-18.2692307692308
			22.5641025641026	-18.3333333333333
			22.6282051282051	-18.3974358974359
			22.6923076923077	-18.3974358974359
			22.7564102564103	-18.3974358974359
			22.8205128205128	-18.3974358974359
			22.8846153846154	-18.3974358974359
			22.9487179487179	-18.3974358974359
			23.0128205128205	-18.3333333333333
			23.0769230769231	-18.3333333333333
			23.1410256410256	-18.3333333333333
			23.2051282051282	-18.3333333333333
			23.2692307692308	-18.3333333333333
			23.3333333333333	-18.3333333333333
			23.3974358974359	-18.3333333333333
			23.4615384615385	-18.3333333333333
			23.525641025641	-18.3333333333333
			23.5897435897436	-18.3333333333333
			23.6538461538462	-18.2692307692308
			23.7179487179487	-18.2692307692308
			23.7820512820513	-18.2692307692308
			23.8461538461538	-18.2692307692308
			23.9102564102564	-18.2692307692308
			23.974358974359	-18.2692307692308
			24.0384615384615	-18.2692307692308
			24.1025641025641	-18.2692307692308
			24.1666666666667	-18.2692307692308
			24.2307692307692	-18.2692307692308
			24.2948717948718	-18.2692307692308
			24.3589743589744	-18.2692307692308
			24.4230769230769	-18.2051282051282
			24.4871794871795	-18.2051282051282
			24.551282051282	-18.2051282051282
			24.6153846153846	-18.2051282051282
			24.6794871794872	-18.2051282051282
			24.7435897435897	-18.2051282051282
			24.8076923076923	-18.2051282051282
			24.8717948717949	-18.2051282051282
			24.9358974358974	-18.2051282051282
			25	-18.2051282051282
			25.0641025641026	-18.2051282051282
			25.1282051282051	-18.1410256410256
			25.1923076923077	-18.1410256410256
			25.2564102564103	-18.1410256410256
			25.3205128205128	-18.1410256410256
			25.3846153846154	-18.1410256410256
			25.4487179487179	-18.1410256410256
			25.5128205128205	-18.1410256410256
			25.5769230769231	-18.1410256410256
			25.6410256410256	-18.1410256410256
			25.7051282051282	-18.1410256410256
			25.7692307692308	-18.1410256410256
			25.8333333333333	-18.1410256410256
			25.8974358974359	-18.0769230769231
			25.9615384615385	-18.0769230769231
			26.025641025641	-18.0769230769231
			26.0897435897436	-18.0769230769231
			26.1538461538462	-18.0769230769231
			26.2179487179487	-18.0769230769231
			26.2820512820513	-18.0769230769231
			26.3461538461538	-18.0769230769231
			26.4102564102564	-18.0769230769231
			26.474358974359	-18.0769230769231
			26.5384615384615	-18.0769230769231
			26.6025641025641	-18.0769230769231
			26.6666666666667	-18.0769230769231
			26.7307692307692	-18.0128205128205
			26.7948717948718	-18.0128205128205
			26.8589743589744	-18.0128205128205
			26.9230769230769	-18.0128205128205
			26.9871794871795	-18.0128205128205
			27.051282051282	-18.0128205128205
			27.1153846153846	-18.0128205128205
			27.1794871794872	-18.0128205128205
			27.2435897435897	-18.0128205128205
			27.3076923076923	-18.0128205128205
			27.3717948717949	-18.0769230769231
			27.4358974358974	-18.0769230769231
			27.5	-18.0769230769231
			27.5641025641026	-18.1410256410256
			27.6282051282051	-18.1410256410256
			27.6923076923077	-18.1410256410256
			27.7564102564103	-18.2051282051282
			27.8205128205128	-18.2051282051282
			27.8846153846154	-18.2051282051282
			27.9487179487179	-18.2692307692308
			28.0128205128205	-18.2692307692308
			28.0769230769231	-18.3333333333333
			28.1410256410256	-18.3333333333333
			28.2051282051282	-18.3333333333333
			28.2692307692308	-18.3974358974359
			28.3333333333333	-18.3974358974359
			28.3974358974359	-18.3974358974359
			28.4615384615385	-18.4615384615385
			28.525641025641	-18.4615384615385
			28.5897435897436	-18.525641025641
			28.6538461538461	-18.525641025641
			28.7179487179487	-18.5897435897436
			28.7820512820513	-18.5897435897436
			28.8461538461538	-18.5897435897436
			28.9102564102564	-18.6538461538462
			28.974358974359	-18.6538461538462
			29.0384615384615	-18.7179487179487
			29.1025641025641	-18.7179487179487
			29.1666666666667	-18.7179487179487
			29.2307692307692	-18.7820512820513
			29.2948717948718	-18.7820512820513
			29.2948717948718	-18.8461538461538
			29.3589743589744	-18.8461538461538
			29.4230769230769	-18.9102564102564
			29.4871794871795	-18.9102564102564
			29.551282051282	-18.974358974359
			29.6153846153846	-18.974358974359
			29.6794871794872	-18.974358974359
			29.7435897435897	-19.0384615384615
			29.8076923076923	-19.0384615384615
			29.8717948717949	-19.1025641025641
			29.9358974358974	-19.1025641025641
			30	-19.1666666666667
			30.0641025641026	-19.1666666666667
			30.0641025641026	-19.2307692307692
			30.1282051282051	-19.2307692307692
			30.1923076923077	-19.2948717948718
			30.2564102564103	-19.2948717948718
			30.3205128205128	-19.3589743589744
			30.3846153846154	-19.3589743589744
			30.4487179487179	-19.4230769230769
			30.5128205128205	-19.4230769230769
			30.5769230769231	-19.4871794871795
			30.6410256410256	-19.4871794871795
			30.7051282051282	-19.5512820512821
			30.7692307692308	-19.6153846153846
			30.8333333333333	-19.6794871794872
			30.8974358974359	-19.6794871794872
			30.9615384615385	-19.7435897435897
			31.025641025641	-19.7435897435897
			31.0897435897436	-19.8076923076923
			31.1538461538461	-19.8717948717949
			31.2179487179487	-19.8717948717949
			31.2820512820513	-19.9358974358974
			31.3461538461538	-19.9358974358974
			31.3461538461538	-20
			31.4102564102564	-20
			31.474358974359	-20.0641025641026
			31.5384615384615	-20.0641025641026
			31.6025641025641	-20.1282051282051
			31.6666666666667	-20.1923076923077
			31.7307692307692	-20.1923076923077
			31.7948717948718	-20.2564102564103
			31.8589743589744	-20.3205128205128
			31.9230769230769	-20.3205128205128
			31.9871794871795	-20.3846153846154
			32.0512820512821	-20.4487179487179
			32.1153846153846	-20.4487179487179
			32.1794871794872	-20.5128205128205
			32.2435897435897	-20.5769230769231
			32.3076923076923	-20.6410256410256
			32.3717948717949	-20.7051282051282
			32.4358974358974	-20.7692307692308
			32.5	-20.8333333333333
			32.5641025641026	-20.8974358974359
			32.6282051282051	-20.9615384615385
			32.6923076923077	-21.025641025641
			32.7564102564103	-21.0897435897436
			32.8205128205128	-21.1538461538462
			32.8846153846154	-21.2179487179487
			32.8846153846154	-21.2820512820513
			32.9487179487179	-21.3461538461538
			33.0128205128205	-21.4102564102564
			33.0128205128205	-21.474358974359
			33.0769230769231	-21.474358974359
			33.1410256410256	-21.5384615384615
			33.1410256410256	-21.6025641025641
			33.2051282051282	-21.6666666666667
			33.2692307692308	-21.7307692307692
			33.2692307692308	-21.7948717948718
			33.3333333333333	-21.8589743589744
			33.3333333333333	-21.9230769230769
			33.3974358974359	-21.9871794871795
			33.4615384615385	-22.0512820512821
			33.4615384615385	-22.1153846153846
			33.525641025641	-22.1794871794872
			33.525641025641	-22.2435897435897
			33.5897435897436	-22.3076923076923
			33.6538461538462	-22.3717948717949
			33.6538461538462	-22.4358974358974
			33.7179487179487	-22.5
			33.7179487179487	-22.5641025641026
			33.7820512820513	-22.6282051282051
			33.7820512820513	-22.6923076923077
			33.8461538461538	-22.7564102564103
			33.8461538461538	-22.8205128205128
			33.9102564102564	-22.8846153846154
			33.9102564102564	-22.9487179487179
			33.9102564102564	-23.0128205128205
			33.974358974359	-23.0769230769231
			33.974358974359	-23.1410256410256
			34.0384615384615	-23.2051282051282
			34.0384615384615	-23.2692307692308
			34.1025641025641	-23.3333333333333
			34.1025641025641	-23.3974358974359
			34.1025641025641	-23.4615384615385
			34.1666666666667	-23.525641025641
			34.1666666666667	-23.5897435897436
			34.1666666666667	-23.6538461538462
			34.2307692307692	-23.7179487179487
			34.2307692307692	-23.7820512820513
			34.2307692307692	-23.8461538461538
			34.2948717948718	-23.9102564102564
			34.2948717948718	-23.974358974359
			34.2948717948718	-24.0384615384615
			34.3589743589744	-24.1025641025641
			34.3589743589744	-24.1666666666667
			34.3589743589744	-24.2307692307692
			34.4230769230769	-24.2948717948718
			34.4230769230769	-24.3589743589744
			34.4230769230769	-24.4230769230769
			34.4230769230769	-24.4871794871795
			34.4871794871795	-24.551282051282
			34.4871794871795	-24.6153846153846
			34.4871794871795	-24.6794871794872
			34.4871794871795	-24.7435897435897
			34.5512820512821	-24.7435897435897
			34.5512820512821	-24.8076923076923
			34.5512820512821	-24.8717948717949
			34.5512820512821	-24.9358974358974
			34.5512820512821	-25
			34.6153846153846	-25.0641025641026
			34.6153846153846	-25.1282051282051
			34.6153846153846	-25.1923076923077
			34.6153846153846	-25.2564102564103
			34.6794871794872	-25.3205128205128
			34.6794871794872	-25.3846153846154
			34.6794871794872	-25.4487179487179
			34.6794871794872	-25.3846153846154
			34.6794871794872	-25.3205128205128
			34.6794871794872	-25.2564102564103
			34.6794871794872	-25.1923076923077
			34.6153846153846	-25.1282051282051
			34.6153846153846	-25.0641025641026
			34.6153846153846	-25
			34.6153846153846	-24.9358974358974
			34.6153846153846	-24.8717948717949
			34.6153846153846	-24.8076923076923
			34.6153846153846	-24.7435897435897
			34.6153846153846	-24.6794871794872
			34.5512820512821	-24.6153846153846
			34.5512820512821	-24.551282051282
			34.5512820512821	-24.4871794871795
			34.5512820512821	-24.4230769230769
			34.5512820512821	-24.3589743589744
			34.5512820512821	-24.2948717948718
			34.5512820512821	-24.2307692307692
			34.5512820512821	-24.1666666666667
			34.4871794871795	-24.1025641025641
			34.4871794871795	-24.0384615384615
			34.4871794871795	-23.974358974359
			34.4871794871795	-23.9102564102564
			34.4871794871795	-23.8461538461538
			34.4871794871795	-23.7820512820513
			34.4871794871795	-23.7179487179487
			34.4871794871795	-23.6538461538462
			34.4230769230769	-23.5897435897436
			34.4230769230769	-23.525641025641
			34.4230769230769	-23.4615384615385
			34.4230769230769	-23.3974358974359
			34.4230769230769	-23.3333333333333
			34.4230769230769	-23.2692307692308
			34.4230769230769	-23.2051282051282
			34.3589743589744	-23.1410256410256
			34.3589743589744	-23.0769230769231
			34.3589743589744	-23.0128205128205
			34.3589743589744	-22.9487179487179
			34.3589743589744	-22.8846153846154
			34.3589743589744	-22.8205128205128
			34.3589743589744	-22.7564102564103
			34.2948717948718	-22.6923076923077
			34.2948717948718	-22.6282051282051
			34.2948717948718	-22.5641025641026
			34.2948717948718	-22.5
			34.2948717948718	-22.4358974358974
			34.2948717948718	-22.3717948717949
			34.2948717948718	-22.3076923076923
			34.2307692307692	-22.2435897435897
			34.2307692307692	-22.1794871794872
			34.2307692307692	-22.1153846153846
			34.2307692307692	-22.0512820512821
			34.2307692307692	-21.9871794871795
			34.2307692307692	-21.9230769230769
			34.1666666666667	-21.8589743589744
			34.1666666666667	-21.7948717948718
			34.1666666666667	-21.7307692307692
			34.1666666666667	-21.6666666666667
			34.1666666666667	-21.6025641025641
			34.1666666666667	-21.5384615384615
			34.1666666666667	-21.474358974359
			34.1025641025641	-21.4102564102564
			34.1025641025641	-21.3461538461538
			34.1025641025641	-21.2820512820513
			34.1025641025641	-21.2179487179487
			34.1025641025641	-21.1538461538462
			34.0384615384615	-21.0897435897436
			34.0384615384615	-21.025641025641
			34.0384615384615	-20.9615384615385
			34.0384615384615	-20.8974358974359
			34.0384615384615	-20.8333333333333
			34.0384615384615	-20.7692307692308
			33.974358974359	-20.7051282051282
			33.974358974359	-20.6410256410256
			33.974358974359	-20.5769230769231
			33.974358974359	-20.5128205128205
			33.974358974359	-20.4487179487179
			33.9102564102564	-20.3846153846154
			33.9102564102564	-20.3205128205128
			33.9102564102564	-20.2564102564103
			33.9102564102564	-20.1923076923077
			33.9102564102564	-20.1282051282051
			33.8461538461538	-20.0641025641026
			33.8461538461538	-20
			33.8461538461538	-19.9358974358974
			33.8461538461538	-19.8717948717949
			33.7820512820513	-19.8076923076923
			33.7820512820513	-19.7435897435897
			33.7820512820513	-19.6794871794872
			33.7820512820513	-19.6153846153846
			33.7179487179487	-19.5512820512821
			33.7179487179487	-19.4871794871795
			33.7179487179487	-19.4230769230769
			33.7179487179487	-19.3589743589744
			33.6538461538462	-19.3589743589744
			33.6538461538462	-19.2948717948718
			33.6538461538462	-19.2307692307692
			33.6538461538462	-19.1666666666667
			33.5897435897436	-19.1025641025641
			33.5897435897436	-19.0384615384615
			33.5897435897436	-18.974358974359
			33.525641025641	-18.9102564102564
			33.525641025641	-18.8461538461538
			33.4615384615385	-18.7820512820513
			33.4615384615385	-18.7179487179487
		</posterior>
	</curves.scaled>
	<ruler.points type=matrix rownames=TRUE colnames=FALSE nrow=2 ncol=2 as.numeric=TRUE >
		Ruler point 1	464	35
		Ruler point 2	542	35
	</ruler.points>
</shapes>

