<shapes type=list>
	<ruler.pixel type=vector names=FALSE length=1 as.numeric=TRUE >105</ruler.pixel>
	<ruler.interval type=vector names=FALSE length=1 as.numeric=TRUE >6</ruler.interval>
	<scaling.units type=vector names=FALSE length=1 as.numeric=FALSE >mm</scaling.units>
	<scaling type=vector names=FALSE length=1 as.numeric=TRUE >0.0571428571428571</scaling>
	<landmarks.pixel type=matrix rownames=TRUE colnames=FALSE nrow=16 ncol=2 as.numeric=TRUE >
		LM1	309	1
		LM2	309	33
		LM3	306	213
		LM4	308	252
		LM5	419	101
		LM6	364	229
		LM7	365	248
		LM8	408	133
		LM9	418	213
		LM10	309	19
		LM11	506	194
		LM12	560	222
		LM13	309	1
		LM14	485	171
		LM15	566	252
		LM16	558	462
	</landmarks.pixel>
	<landmarks.scaled type=matrix rownames=TRUE colnames=FALSE nrow=16 ncol=2 as.numeric=TRUE >
		LM1	17.6571428571429	-0.0571428571428571
		LM2	17.6571428571429	-1.88571428571429
		LM3	17.4857142857143	-12.1714285714286
		LM4	17.6	-14.4
		LM5	23.9428571428571	-5.77142857142857
		LM6	20.8	-13.0857142857143
		LM7	20.8571428571429	-14.1714285714286
		LM8	23.3142857142857	-7.6
		LM9	23.8857142857143	-12.1714285714286
		LM10	17.6571428571429	-1.08571428571429
		LM11	28.9142857142857	-11.0857142857143
		LM12	32	-12.6857142857143
		LM13	17.6571428571429	-0.0571428571428571
		LM14	27.7142857142857	-9.77142857142857
		LM15	32.3428571428571	-14.4
		LM16	31.8857142857143	-26.4
	</landmarks.scaled>
	<curves.control type=list>
		<glabella type=matrix rownames=FALSE colnames=FALSE nrow=11 ncol=2 as.numeric=TRUE >
			309	33
			360	31
			408	74
			436	98
			405	117
			403	153
			371	201
			360	230
			362	232
			366	238
			365	248
		</glabella>
		<suture type=matrix rownames=FALSE colnames=FALSE nrow=15 ncol=2 as.numeric=TRUE >
			309	19
			425	53
			426	106
			422	118
			417	131
			451	135
			466	173
			454	204
			421	198
			410	246
			483	212
			486	182
			538	198
			552	207
			560	222
		</suture>
		<anterior type=matrix rownames=FALSE colnames=FALSE nrow=9 ncol=2 as.numeric=TRUE >
			309	1
			341	-3
			342	12
			372	25
			414	50
			499	87
			545	171
			557	212
			566	252
		</anterior>
		<posterior type=matrix rownames=FALSE colnames=FALSE nrow=13 ncol=2 as.numeric=TRUE >
			308	252
			369	257
			394	253
			435	246
			495	285
			518	295
			534	372
			540	398
			556	462
			569	407
			569	358
			571	290
			566	252
		</posterior>
	</curves.control>
	<curves.pixel type=list>
		<glabella type=matrix rownames=FALSE colnames=FALSE nrow=287 ncol=2 as.numeric=TRUE >
			309	33
			310	33
			311	33
			312	33
			313	33
			314	33
			315	33
			316	33
			317	33
			318	33
			319	33
			320	33
			321	33
			322	33
			323	33
			324	33
			325	33
			326	34
			327	34
			328	34
			329	34
			330	34
			331	34
			332	34
			333	35
			334	35
			335	35
			336	35
			337	35
			338	36
			339	36
			340	36
			341	36
			342	36
			343	37
			344	37
			345	37
			346	38
			347	38
			348	38
			349	38
			350	39
			351	39
			352	39
			353	40
			354	40
			355	40
			356	41
			357	42
			358	42
			359	42
			360	42
			360	43
			361	43
			362	43
			362	44
			363	44
			364	44
			364	45
			365	45
			366	45
			367	46
			368	46
			369	47
			370	47
			371	48
			372	48
			373	49
			374	49
			374	50
			375	50
			376	51
			377	51
			378	52
			379	52
			379	53
			380	53
			381	54
			382	54
			383	55
			384	55
			384	56
			385	56
			386	57
			387	57
			388	58
			389	59
			390	60
			391	60
			392	61
			393	62
			394	63
			395	63
			396	64
			397	65
			398	66
			399	67
			400	67
			401	68
			402	69
			403	70
			404	71
			405	71
			406	72
			407	73
			408	74
			409	75
			410	75
			411	76
			412	77
			413	78
			414	79
			414	80
			415	81
			416	82
			417	83
			417	84
			418	85
			418	86
			419	87
			419	88
			420	89
			420	90
			420	91
			421	91
			421	92
			421	93
			421	94
			421	95
			421	96
			421	97
			421	98
			421	99
			421	100
			420	101
			420	102
			419	103
			419	104
			418	105
			417	106
			417	107
			416	108
			415	109
			414	110
			413	111
			412	112
			411	113
			410	114
			409	114
			408	115
			407	115
			407	116
			406	117
			405	117
			405	118
			405	119
			405	120
			405	121
			405	122
			404	123
			404	124
			404	125
			404	126
			404	127
			404	128
			404	129
			403	129
			403	130
			403	131
			403	132
			403	133
			402	134
			402	135
			402	136
			402	137
			401	138
			401	139
			401	140
			401	141
			400	142
			400	143
			400	144
			399	145
			399	146
			399	147
			398	148
			398	149
			398	150
			397	151
			397	152
			397	153
			396	154
			396	155
			396	156
			395	157
			395	158
			394	159
			394	160
			393	161
			393	162
			393	163
			392	164
			392	165
			391	166
			391	167
			390	168
			390	169
			389	169
			389	170
			388	171
			388	172
			387	173
			387	174
			386	175
			386	176
			385	177
			385	178
			384	179
			384	180
			383	181
			383	182
			382	183
			381	184
			381	185
			380	186
			380	187
			379	188
			378	189
			378	190
			377	191
			377	192
			376	193
			375	194
			375	195
			374	196
			374	197
			373	198
			372	199
			371	200
			371	201
			371	202
			370	203
			370	204
			369	205
			369	206
			369	207
			368	208
			368	209
			368	210
			367	211
			367	212
			367	213
			366	214
			366	215
			365	216
			365	217
			365	218
			365	219
			364	220
			364	221
			364	222
			363	223
			363	224
			363	225
			362	226
			362	227
			362	228
			362	229
			362	230
			362	231
			362	232
			363	233
			363	234
			364	235
			364	236
			364	237
			365	238
			365	239
			365	240
			365	241
			365	242
			365	243
			365	244
			365	245
			365	246
			365	247
			365	248
		</glabella>
		<suture type=matrix rownames=FALSE colnames=FALSE nrow=466 ncol=2 as.numeric=TRUE >
			309	19
			310	19
			311	20
			312	20
			313	20
			314	21
			315	21
			316	21
			317	21
			317	22
			318	22
			319	22
			320	22
			321	23
			322	23
			323	23
			324	24
			325	24
			326	24
			327	25
			328	25
			329	25
			330	26
			331	26
			332	26
			333	27
			334	27
			335	28
			336	28
			337	28
			338	28
			339	29
			340	29
			341	29
			342	30
			343	30
			344	31
			345	31
			346	31
			347	32
			348	32
			349	33
			350	33
			351	34
			352	34
			353	34
			354	35
			355	35
			356	36
			357	36
			358	37
			359	37
			360	37
			361	38
			362	38
			363	39
			364	39
			365	40
			366	40
			367	40
			368	41
			369	41
			370	42
			371	43
			372	43
			373	44
			374	44
			375	45
			376	45
			377	46
			378	46
			379	47
			380	47
			381	48
			382	49
			383	49
			384	50
			385	50
			386	51
			387	51
			388	52
			389	53
			390	54
			391	54
			392	55
			393	56
			394	56
			395	57
			396	58
			397	58
			398	59
			399	60
			400	60
			401	61
			402	62
			402	63
			403	63
			404	64
			405	65
			406	65
			406	66
			407	67
			408	68
			409	69
			410	70
			411	71
			412	72
			412	73
			413	73
			414	74
			415	75
			415	76
			416	77
			417	78
			417	79
			418	80
			418	81
			419	82
			420	83
			420	84
			421	85
			421	86
			422	87
			422	88
			423	89
			423	90
			423	91
			423	92
			424	92
			424	93
			424	94
			424	95
			425	96
			425	97
			425	98
			425	99
			426	100
			426	101
			426	102
			426	103
			426	104
			426	105
			426	106
			426	107
			425	108
			425	109
			425	110
			424	111
			424	112
			424	113
			423	114
			423	115
			423	116
			422	117
			422	118
			422	119
			421	119
			421	120
			421	121
			420	122
			420	123
			420	124
			419	125
			419	126
			418	127
			418	128
			418	129
			417	130
			417	131
			418	131
			419	131
			420	131
			421	132
			422	132
			423	132
			424	132
			425	132
			426	133
			427	133
			428	133
			429	134
			430	134
			431	134
			432	135
			433	135
			434	136
			435	136
			436	137
			437	137
			438	137
			438	138
			439	138
			440	139
			441	140
			442	140
			443	141
			444	142
			445	142
			445	143
			446	143
			447	144
			448	145
			449	146
			450	147
			451	148
			452	149
			452	150
			453	151
			454	152
			455	153
			456	154
			456	155
			457	156
			458	157
			458	158
			459	159
			460	160
			460	161
			461	162
			462	163
			462	164
			462	165
			463	165
			463	166
			463	167
			464	168
			464	169
			465	170
			465	171
			466	172
			466	173
			466	174
			465	175
			465	176
			464	177
			464	178
			463	179
			463	180
			462	181
			461	182
			461	183
			460	184
			460	185
			459	186
			458	187
			457	188
			456	189
			455	190
			454	191
			453	192
			452	193
			451	193
			451	194
			450	194
			449	195
			448	195
			447	196
			446	196
			445	197
			444	197
			443	197
			442	198
			441	198
			440	198
			439	198
			438	198
			437	199
			436	199
			435	199
			434	199
			433	199
			432	199
			431	199
			430	199
			429	199
			428	199
			427	199
			426	199
			425	199
			424	199
			424	198
			423	198
			422	198
			421	198
			421	199
			420	200
			420	201
			420	202
			420	203
			420	204
			420	205
			420	206
			420	207
			420	208
			420	209
			420	210
			420	211
			420	212
			420	213
			420	214
			420	215
			420	216
			421	217
			421	218
			421	219
			422	219
			422	220
			423	221
			424	222
			425	223
			426	223
			427	224
			428	224
			429	225
			430	225
			431	225
			432	226
			433	226
			434	226
			435	226
			436	226
			437	226
			438	226
			439	226
			440	226
			441	226
			442	226
			443	226
			444	226
			445	225
			446	225
			447	225
			448	225
			449	224
			450	224
			451	224
			452	224
			453	224
			454	223
			455	223
			456	223
			457	222
			458	222
			459	222
			460	221
			461	221
			462	221
			463	220
			464	220
			465	220
			466	219
			467	219
			468	218
			469	218
			470	218
			470	217
			471	217
			472	217
			473	216
			474	216
			475	216
			476	215
			477	215
			478	214
			479	214
			480	213
			481	213
			482	212
			483	212
			483	211
			483	210
			483	209
			484	208
			484	207
			484	206
			484	205
			485	205
			485	204
			486	203
			486	202
			486	201
			487	201
			487	200
			488	199
			489	199
			489	198
			490	198
			490	197
			491	197
			492	196
			493	196
			493	195
			494	195
			495	195
			496	194
			497	194
			498	194
			499	193
			500	193
			501	193
			502	193
			503	193
			504	193
			505	193
			506	192
			507	192
			508	192
			509	192
			510	192
			511	193
			512	193
			513	193
			514	193
			515	193
			516	193
			517	193
			518	193
			519	193
			520	194
			521	194
			522	194
			523	194
			524	194
			525	194
			525	195
			526	195
			527	195
			528	195
			529	195
			530	196
			531	196
			532	196
			533	197
			534	197
			535	197
			536	197
			537	198
			538	198
			539	199
			540	199
			541	200
			542	201
			543	201
			544	202
			545	203
			546	204
			547	205
			548	206
			549	207
			550	208
			551	209
			552	210
			553	211
			553	212
			554	212
			554	213
			555	214
			555	215
			556	215
			556	216
			557	217
			558	218
			558	219
			559	220
			559	221
			560	222
		</suture>
		<anterior type=matrix rownames=FALSE colnames=FALSE nrow=357 ncol=2 as.numeric=TRUE >
			309	1
			310	1
			311	1
			312	1
			313	1
			314	0
			315	0
			316	0
			317	0
			318	0
			319	0
			320	0
			321	0
			322	0
			323	0
			324	0
			325	0
			326	0
			327	0
			328	1
			329	1
			330	1
			331	1
			332	1
			333	2
			334	2
			335	3
			336	3
			337	3
			337	4
			338	4
			338	5
			339	5
			339	6
			340	6
			340	7
			341	7
			341	8
			341	9
			342	10
			342	11
			342	12
			343	13
			344	13
			345	13
			346	14
			347	14
			348	15
			349	15
			350	16
			351	16
			352	16
			353	17
			354	17
			354	18
			355	18
			356	18
			357	19
			358	19
			359	20
			360	20
			361	21
			362	22
			363	22
			364	22
			365	23
			366	23
			367	24
			368	24
			369	25
			370	25
			371	26
			372	26
			372	27
			373	27
			374	27
			375	28
			376	28
			376	29
			377	29
			378	30
			379	30
			380	31
			381	31
			382	32
			383	32
			384	33
			385	34
			386	34
			387	35
			388	35
			389	35
			389	36
			390	36
			391	37
			392	37
			393	38
			394	38
			395	39
			396	39
			396	40
			397	40
			398	41
			399	41
			400	42
			401	42
			402	43
			403	44
			404	44
			405	45
			406	45
			407	46
			408	46
			409	47
			410	48
			411	48
			412	49
			413	49
			414	50
			415	50
			416	51
			417	52
			418	52
			419	52
			420	53
			421	53
			422	54
			423	54
			424	54
			425	55
			426	56
			427	56
			428	57
			429	57
			430	58
			431	58
			432	59
			433	59
			434	60
			435	60
			436	61
			437	61
			438	62
			439	63
			440	63
			441	64
			442	64
			443	65
			444	65
			445	66
			446	66
			447	67
			448	68
			449	68
			450	69
			451	69
			452	70
			453	71
			454	71
			455	72
			456	73
			457	73
			458	74
			459	75
			460	76
			461	76
			462	77
			463	77
			464	78
			465	79
			466	80
			467	80
			468	81
			469	82
			470	82
			471	83
			472	84
			472	85
			473	85
			474	86
			475	87
			476	87
			477	88
			478	89
			479	90
			480	90
			480	91
			481	92
			482	92
			483	93
			484	94
			485	95
			486	96
			487	96
			487	97
			488	98
			489	99
			490	99
			491	100
			492	101
			492	102
			493	103
			494	103
			495	104
			496	105
			497	106
			497	107
			498	107
			499	108
			500	109
			501	110
			501	111
			502	112
			503	112
			504	113
			505	114
			505	115
			506	116
			507	117
			508	118
			509	119
			510	120
			511	121
			512	122
			512	123
			513	124
			514	124
			514	125
			515	126
			516	127
			517	128
			517	129
			518	130
			519	131
			520	132
			521	133
			521	134
			522	135
			523	136
			524	137
			524	138
			525	139
			526	140
			526	141
			527	142
			528	143
			529	144
			529	145
			530	146
			531	147
			531	148
			532	149
			533	150
			533	151
			534	152
			534	153
			535	154
			536	155
			536	156
			537	157
			537	158
			538	159
			539	160
			539	161
			540	162
			540	163
			541	164
			542	165
			542	166
			543	167
			543	168
			544	169
			544	170
			545	171
			545	172
			545	173
			546	174
			546	175
			546	176
			547	176
			547	177
			547	178
			547	179
			548	180
			548	181
			548	182
			548	183
			549	184
			549	185
			549	186
			550	187
			550	188
			550	189
			550	190
			551	191
			551	192
			551	193
			552	194
			552	195
			552	196
			552	197
			553	198
			553	199
			553	200
			553	201
			554	202
			554	203
			554	204
			555	205
			555	206
			555	207
			555	208
			556	209
			556	210
			556	211
			556	212
			557	213
			557	214
			557	215
			557	216
			558	217
			558	218
			558	219
			558	220
			559	221
			559	222
			559	223
			559	224
			560	225
			560	226
			560	227
			560	228
			561	229
			561	230
			561	231
			561	232
			561	233
			562	233
			562	234
			562	235
			562	236
			562	237
			563	238
			563	239
			563	240
			564	241
			564	242
			564	243
			564	244
			564	245
			565	246
			565	247
			565	248
			565	249
			566	250
			566	251
			566	252
		</anterior>
		<posterior type=matrix rownames=FALSE colnames=FALSE nrow=587 ncol=2 as.numeric=TRUE >
			308	252
			309	252
			310	252
			311	252
			312	252
			313	252
			314	252
			315	253
			316	253
			317	253
			318	253
			319	253
			320	253
			321	253
			322	253
			323	253
			324	253
			325	253
			326	253
			327	253
			328	253
			329	254
			330	254
			331	254
			332	254
			333	254
			334	254
			335	254
			336	254
			337	254
			338	254
			339	254
			340	254
			341	254
			342	254
			343	254
			344	254
			345	254
			346	254
			347	254
			348	254
			349	255
			350	255
			351	255
			352	255
			353	255
			354	255
			355	255
			356	255
			357	255
			358	255
			359	255
			360	255
			361	255
			362	255
			363	255
			364	255
			365	255
			366	255
			367	255
			368	255
			369	255
			370	255
			371	255
			372	255
			373	255
			374	255
			375	255
			376	255
			377	255
			378	254
			379	254
			380	254
			381	254
			382	254
			383	254
			384	254
			385	254
			386	254
			387	254
			388	254
			389	254
			390	254
			391	253
			392	253
			393	253
			394	253
			395	253
			396	253
			397	253
			398	252
			399	252
			400	252
			401	252
			402	252
			403	252
			404	252
			405	252
			406	252
			407	252
			408	252
			409	252
			410	252
			411	252
			412	252
			413	252
			414	252
			415	252
			416	252
			417	252
			418	253
			419	253
			420	253
			421	253
			422	253
			423	253
			424	254
			425	254
			426	254
			427	254
			428	254
			429	255
			430	255
			431	255
			432	255
			433	256
			434	256
			435	256
			436	256
			437	257
			438	257
			439	257
			440	258
			441	258
			442	258
			443	259
			444	259
			445	259
			446	260
			447	260
			448	260
			449	261
			450	261
			451	262
			452	262
			453	262
			454	263
			455	263
			456	264
			457	264
			458	265
			459	265
			460	265
			461	266
			462	266
			463	267
			464	267
			465	268
			466	268
			467	269
			468	269
			469	270
			470	270
			471	271
			472	271
			473	272
			474	272
			475	273
			476	273
			477	274
			478	274
			478	275
			479	275
			480	276
			481	277
			482	277
			483	278
			484	278
			485	279
			486	279
			487	280
			488	281
			489	281
			490	282
			491	283
			492	283
			493	284
			494	284
			495	285
			496	285
			497	286
			498	287
			499	287
			500	288
			501	289
			502	289
			503	290
			503	291
			504	292
			505	293
			506	294
			507	295
			508	296
			508	297
			509	298
			509	299
			510	299
			510	300
			511	301
			511	302
			512	303
			512	304
			513	304
			513	305
			514	306
			514	307
			515	308
			515	309
			516	310
			516	311
			517	312
			517	313
			517	314
			518	315
			518	316
			519	317
			519	318
			519	319
			520	320
			520	321
			521	322
			521	323
			521	324
			522	325
			522	326
			522	327
			523	328
			523	329
			523	330
			524	331
			524	332
			524	333
			524	334
			525	334
			525	335
			525	336
			525	337
			526	338
			526	339
			526	340
			526	341
			527	342
			527	343
			527	344
			527	345
			528	346
			528	347
			528	348
			529	349
			529	350
			529	351
			530	352
			530	353
			530	354
			530	355
			530	356
			531	357
			531	358
			531	359
			531	360
			532	361
			532	362
			532	363
			532	364
			533	365
			533	366
			533	367
			533	368
			533	369
			534	370
			534	371
			534	372
			534	373
			534	374
			535	375
			535	376
			535	377
			535	378
			536	379
			536	380
			536	381
			536	382
			537	383
			537	384
			537	385
			537	386
			538	387
			538	388
			538	389
			538	390
			538	391
			539	392
			539	393
			539	394
			540	395
			540	396
			540	397
			540	398
			540	399
			541	400
			541	401
			541	402
			541	403
			542	404
			542	405
			542	406
			542	407
			543	408
			543	409
			543	410
			543	411
			544	412
			544	413
			544	414
			544	415
			545	416
			545	417
			545	418
			545	419
			546	420
			546	421
			546	422
			546	423
			547	424
			547	425
			547	426
			547	427
			547	428
			548	428
			548	429
			548	430
			548	431
			548	432
			549	432
			549	433
			549	434
			549	435
			549	436
			550	437
			550	438
			550	439
			551	440
			551	441
			551	442
			551	443
			552	444
			552	445
			552	446
			552	447
			553	448
			553	449
			553	450
			553	451
			554	452
			554	453
			554	454
			554	455
			554	456
			555	457
			555	458
			555	459
			555	460
			556	461
			556	462
			556	461
			556	460
			557	460
			557	459
			557	458
			557	457
			557	456
			558	455
			558	454
			558	453
			558	452
			559	451
			559	450
			559	449
			559	448
			559	447
			560	446
			560	445
			560	444
			560	443
			560	442
			561	441
			561	440
			561	439
			561	438
			561	437
			562	436
			562	435
			562	434
			562	433
			562	432
			562	431
			563	430
			563	429
			563	428
			563	427
			563	426
			563	425
			564	424
			564	423
			564	422
			564	421
			564	420
			564	419
			564	418
			565	417
			565	416
			565	415
			565	414
			565	413
			565	412
			565	411
			566	410
			566	409
			566	408
			566	407
			566	406
			566	405
			566	404
			566	403
			566	402
			567	401
			567	400
			567	399
			567	398
			567	397
			567	396
			567	395
			567	394
			567	393
			567	392
			568	392
			568	391
			568	390
			568	389
			568	388
			568	387
			568	386
			568	385
			568	384
			568	383
			568	382
			568	381
			568	380
			568	379
			568	378
			569	377
			569	376
			569	375
			569	374
			569	373
			569	372
			569	371
			569	370
			569	369
			569	368
			569	367
			569	366
			569	365
			569	364
			569	363
			569	362
			569	361
			569	360
			569	359
			569	358
			569	357
			569	356
			569	355
			569	354
			569	353
			569	352
			569	351
			569	350
			569	349
			569	348
			569	347
			569	346
			569	345
			569	344
			569	343
			569	342
			569	341
			569	340
			569	339
			569	338
			569	337
			569	336
			569	335
			570	334
			570	333
			570	332
			570	331
			570	330
			570	329
			570	328
			570	327
			570	326
			570	325
			570	324
			570	323
			570	322
			570	321
			570	320
			570	319
			570	318
			570	317
			570	316
			570	315
			570	314
			570	313
			570	312
			570	311
			570	310
			569	309
			569	308
			569	307
			569	306
			569	305
			569	304
			569	303
			569	302
			569	301
			569	300
			569	299
			569	298
			569	297
			569	296
			569	295
			569	294
			569	293
			569	292
			569	291
			569	290
			569	289
			569	288
			569	287
			569	286
			569	285
			569	284
			569	283
			569	282
			569	281
			569	280
			568	279
			568	278
			568	277
			568	276
			568	275
			568	274
			568	273
			568	272
			568	271
			568	270
			568	269
			568	268
			568	267
			568	266
			567	266
			567	265
			567	264
			567	263
			567	262
			567	261
			567	260
			567	259
			567	258
			567	257
			567	256
			566	255
			566	254
			566	253
			566	252
		</posterior>
	</curves.pixel>
	<curves.scaled type=list>
		<glabella type=matrix rownames=FALSE colnames=FALSE nrow=287 ncol=2 as.numeric=TRUE >
			17.6571428571429	-1.88571428571429
			17.7142857142857	-1.88571428571429
			17.7714285714286	-1.88571428571429
			17.8285714285714	-1.88571428571429
			17.8857142857143	-1.88571428571429
			17.9428571428571	-1.88571428571429
			18	-1.88571428571429
			18.0571428571429	-1.88571428571429
			18.1142857142857	-1.88571428571429
			18.1714285714286	-1.88571428571429
			18.2285714285714	-1.88571428571429
			18.2857142857143	-1.88571428571429
			18.3428571428571	-1.88571428571429
			18.4	-1.88571428571429
			18.4571428571429	-1.88571428571429
			18.5142857142857	-1.88571428571429
			18.5714285714286	-1.88571428571429
			18.6285714285714	-1.94285714285714
			18.6857142857143	-1.94285714285714
			18.7428571428571	-1.94285714285714
			18.8	-1.94285714285714
			18.8571428571429	-1.94285714285714
			18.9142857142857	-1.94285714285714
			18.9714285714286	-1.94285714285714
			19.0285714285714	-2
			19.0857142857143	-2
			19.1428571428571	-2
			19.2	-2
			19.2571428571429	-2
			19.3142857142857	-2.05714285714286
			19.3714285714286	-2.05714285714286
			19.4285714285714	-2.05714285714286
			19.4857142857143	-2.05714285714286
			19.5428571428571	-2.05714285714286
			19.6	-2.11428571428571
			19.6571428571429	-2.11428571428571
			19.7142857142857	-2.11428571428571
			19.7714285714286	-2.17142857142857
			19.8285714285714	-2.17142857142857
			19.8857142857143	-2.17142857142857
			19.9428571428571	-2.17142857142857
			20	-2.22857142857143
			20.0571428571429	-2.22857142857143
			20.1142857142857	-2.22857142857143
			20.1714285714286	-2.28571428571429
			20.2285714285714	-2.28571428571429
			20.2857142857143	-2.28571428571429
			20.3428571428571	-2.34285714285714
			20.4	-2.4
			20.4571428571429	-2.4
			20.5142857142857	-2.4
			20.5714285714286	-2.4
			20.5714285714286	-2.45714285714286
			20.6285714285714	-2.45714285714286
			20.6857142857143	-2.45714285714286
			20.6857142857143	-2.51428571428571
			20.7428571428571	-2.51428571428571
			20.8	-2.51428571428571
			20.8	-2.57142857142857
			20.8571428571429	-2.57142857142857
			20.9142857142857	-2.57142857142857
			20.9714285714286	-2.62857142857143
			21.0285714285714	-2.62857142857143
			21.0857142857143	-2.68571428571429
			21.1428571428571	-2.68571428571429
			21.2	-2.74285714285714
			21.2571428571429	-2.74285714285714
			21.3142857142857	-2.8
			21.3714285714286	-2.8
			21.3714285714286	-2.85714285714286
			21.4285714285714	-2.85714285714286
			21.4857142857143	-2.91428571428571
			21.5428571428571	-2.91428571428571
			21.6	-2.97142857142857
			21.6571428571429	-2.97142857142857
			21.6571428571429	-3.02857142857143
			21.7142857142857	-3.02857142857143
			21.7714285714286	-3.08571428571429
			21.8285714285714	-3.08571428571429
			21.8857142857143	-3.14285714285714
			21.9428571428571	-3.14285714285714
			21.9428571428571	-3.2
			22	-3.2
			22.0571428571429	-3.25714285714286
			22.1142857142857	-3.25714285714286
			22.1714285714286	-3.31428571428571
			22.2285714285714	-3.37142857142857
			22.2857142857143	-3.42857142857143
			22.3428571428571	-3.42857142857143
			22.4	-3.48571428571429
			22.4571428571429	-3.54285714285714
			22.5142857142857	-3.6
			22.5714285714286	-3.6
			22.6285714285714	-3.65714285714286
			22.6857142857143	-3.71428571428571
			22.7428571428571	-3.77142857142857
			22.8	-3.82857142857143
			22.8571428571429	-3.82857142857143
			22.9142857142857	-3.88571428571429
			22.9714285714286	-3.94285714285714
			23.0285714285714	-4
			23.0857142857143	-4.05714285714286
			23.1428571428571	-4.05714285714286
			23.2	-4.11428571428571
			23.2571428571429	-4.17142857142857
			23.3142857142857	-4.22857142857143
			23.3714285714286	-4.28571428571429
			23.4285714285714	-4.28571428571429
			23.4857142857143	-4.34285714285714
			23.5428571428571	-4.4
			23.6	-4.45714285714286
			23.6571428571429	-4.51428571428571
			23.6571428571429	-4.57142857142857
			23.7142857142857	-4.62857142857143
			23.7714285714286	-4.68571428571429
			23.8285714285714	-4.74285714285714
			23.8285714285714	-4.8
			23.8857142857143	-4.85714285714286
			23.8857142857143	-4.91428571428571
			23.9428571428571	-4.97142857142857
			23.9428571428571	-5.02857142857143
			24	-5.08571428571429
			24	-5.14285714285714
			24	-5.2
			24.0571428571429	-5.2
			24.0571428571429	-5.25714285714286
			24.0571428571429	-5.31428571428571
			24.0571428571429	-5.37142857142857
			24.0571428571429	-5.42857142857143
			24.0571428571429	-5.48571428571429
			24.0571428571429	-5.54285714285714
			24.0571428571429	-5.6
			24.0571428571429	-5.65714285714286
			24.0571428571429	-5.71428571428571
			24	-5.77142857142857
			24	-5.82857142857143
			23.9428571428571	-5.88571428571429
			23.9428571428571	-5.94285714285714
			23.8857142857143	-6
			23.8285714285714	-6.05714285714286
			23.8285714285714	-6.11428571428571
			23.7714285714286	-6.17142857142857
			23.7142857142857	-6.22857142857143
			23.6571428571429	-6.28571428571429
			23.6	-6.34285714285714
			23.5428571428571	-6.4
			23.4857142857143	-6.45714285714286
			23.4285714285714	-6.51428571428571
			23.3714285714286	-6.51428571428571
			23.3142857142857	-6.57142857142857
			23.2571428571429	-6.57142857142857
			23.2571428571429	-6.62857142857143
			23.2	-6.68571428571429
			23.1428571428571	-6.68571428571429
			23.1428571428571	-6.74285714285714
			23.1428571428571	-6.8
			23.1428571428571	-6.85714285714286
			23.1428571428571	-6.91428571428571
			23.1428571428571	-6.97142857142857
			23.0857142857143	-7.02857142857143
			23.0857142857143	-7.08571428571429
			23.0857142857143	-7.14285714285714
			23.0857142857143	-7.2
			23.0857142857143	-7.25714285714286
			23.0857142857143	-7.31428571428571
			23.0857142857143	-7.37142857142857
			23.0285714285714	-7.37142857142857
			23.0285714285714	-7.42857142857143
			23.0285714285714	-7.48571428571429
			23.0285714285714	-7.54285714285714
			23.0285714285714	-7.6
			22.9714285714286	-7.65714285714286
			22.9714285714286	-7.71428571428571
			22.9714285714286	-7.77142857142857
			22.9714285714286	-7.82857142857143
			22.9142857142857	-7.88571428571429
			22.9142857142857	-7.94285714285714
			22.9142857142857	-8
			22.9142857142857	-8.05714285714286
			22.8571428571429	-8.11428571428571
			22.8571428571429	-8.17142857142857
			22.8571428571429	-8.22857142857143
			22.8	-8.28571428571428
			22.8	-8.34285714285714
			22.8	-8.4
			22.7428571428571	-8.45714285714286
			22.7428571428571	-8.51428571428571
			22.7428571428571	-8.57142857142857
			22.6857142857143	-8.62857142857143
			22.6857142857143	-8.68571428571429
			22.6857142857143	-8.74285714285714
			22.6285714285714	-8.8
			22.6285714285714	-8.85714285714286
			22.6285714285714	-8.91428571428571
			22.5714285714286	-8.97142857142857
			22.5714285714286	-9.02857142857143
			22.5142857142857	-9.08571428571429
			22.5142857142857	-9.14285714285714
			22.4571428571429	-9.2
			22.4571428571429	-9.25714285714286
			22.4571428571429	-9.31428571428571
			22.4	-9.37142857142857
			22.4	-9.42857142857143
			22.3428571428571	-9.48571428571429
			22.3428571428571	-9.54285714285714
			22.2857142857143	-9.6
			22.2857142857143	-9.65714285714286
			22.2285714285714	-9.65714285714286
			22.2285714285714	-9.71428571428571
			22.1714285714286	-9.77142857142857
			22.1714285714286	-9.82857142857143
			22.1142857142857	-9.88571428571429
			22.1142857142857	-9.94285714285714
			22.0571428571429	-10
			22.0571428571429	-10.0571428571429
			22	-10.1142857142857
			22	-10.1714285714286
			21.9428571428571	-10.2285714285714
			21.9428571428571	-10.2857142857143
			21.8857142857143	-10.3428571428571
			21.8857142857143	-10.4
			21.8285714285714	-10.4571428571429
			21.7714285714286	-10.5142857142857
			21.7714285714286	-10.5714285714286
			21.7142857142857	-10.6285714285714
			21.7142857142857	-10.6857142857143
			21.6571428571429	-10.7428571428571
			21.6	-10.8
			21.6	-10.8571428571429
			21.5428571428571	-10.9142857142857
			21.5428571428571	-10.9714285714286
			21.4857142857143	-11.0285714285714
			21.4285714285714	-11.0857142857143
			21.4285714285714	-11.1428571428571
			21.3714285714286	-11.2
			21.3714285714286	-11.2571428571429
			21.3142857142857	-11.3142857142857
			21.2571428571429	-11.3714285714286
			21.2	-11.4285714285714
			21.2	-11.4857142857143
			21.2	-11.5428571428571
			21.1428571428571	-11.6
			21.1428571428571	-11.6571428571429
			21.0857142857143	-11.7142857142857
			21.0857142857143	-11.7714285714286
			21.0857142857143	-11.8285714285714
			21.0285714285714	-11.8857142857143
			21.0285714285714	-11.9428571428571
			21.0285714285714	-12
			20.9714285714286	-12.0571428571429
			20.9714285714286	-12.1142857142857
			20.9714285714286	-12.1714285714286
			20.9142857142857	-12.2285714285714
			20.9142857142857	-12.2857142857143
			20.8571428571429	-12.3428571428571
			20.8571428571429	-12.4
			20.8571428571429	-12.4571428571429
			20.8571428571429	-12.5142857142857
			20.8	-12.5714285714286
			20.8	-12.6285714285714
			20.8	-12.6857142857143
			20.7428571428571	-12.7428571428571
			20.7428571428571	-12.8
			20.7428571428571	-12.8571428571429
			20.6857142857143	-12.9142857142857
			20.6857142857143	-12.9714285714286
			20.6857142857143	-13.0285714285714
			20.6857142857143	-13.0857142857143
			20.6857142857143	-13.1428571428571
			20.6857142857143	-13.2
			20.6857142857143	-13.2571428571429
			20.7428571428571	-13.3142857142857
			20.7428571428571	-13.3714285714286
			20.8	-13.4285714285714
			20.8	-13.4857142857143
			20.8	-13.5428571428571
			20.8571428571429	-13.6
			20.8571428571429	-13.6571428571429
			20.8571428571429	-13.7142857142857
			20.8571428571429	-13.7714285714286
			20.8571428571429	-13.8285714285714
			20.8571428571429	-13.8857142857143
			20.8571428571429	-13.9428571428571
			20.8571428571429	-14
			20.8571428571429	-14.0571428571429
			20.8571428571429	-14.1142857142857
			20.8571428571429	-14.1714285714286
		</glabella>
		<suture type=matrix rownames=FALSE colnames=FALSE nrow=466 ncol=2 as.numeric=TRUE >
			17.6571428571429	-1.08571428571429
			17.7142857142857	-1.08571428571429
			17.7714285714286	-1.14285714285714
			17.8285714285714	-1.14285714285714
			17.8857142857143	-1.14285714285714
			17.9428571428571	-1.2
			18	-1.2
			18.0571428571429	-1.2
			18.1142857142857	-1.2
			18.1142857142857	-1.25714285714286
			18.1714285714286	-1.25714285714286
			18.2285714285714	-1.25714285714286
			18.2857142857143	-1.25714285714286
			18.3428571428571	-1.31428571428571
			18.4	-1.31428571428571
			18.4571428571429	-1.31428571428571
			18.5142857142857	-1.37142857142857
			18.5714285714286	-1.37142857142857
			18.6285714285714	-1.37142857142857
			18.6857142857143	-1.42857142857143
			18.7428571428571	-1.42857142857143
			18.8	-1.42857142857143
			18.8571428571429	-1.48571428571429
			18.9142857142857	-1.48571428571429
			18.9714285714286	-1.48571428571429
			19.0285714285714	-1.54285714285714
			19.0857142857143	-1.54285714285714
			19.1428571428571	-1.6
			19.2	-1.6
			19.2571428571429	-1.6
			19.3142857142857	-1.6
			19.3714285714286	-1.65714285714286
			19.4285714285714	-1.65714285714286
			19.4857142857143	-1.65714285714286
			19.5428571428571	-1.71428571428571
			19.6	-1.71428571428571
			19.6571428571429	-1.77142857142857
			19.7142857142857	-1.77142857142857
			19.7714285714286	-1.77142857142857
			19.8285714285714	-1.82857142857143
			19.8857142857143	-1.82857142857143
			19.9428571428571	-1.88571428571429
			20	-1.88571428571429
			20.0571428571429	-1.94285714285714
			20.1142857142857	-1.94285714285714
			20.1714285714286	-1.94285714285714
			20.2285714285714	-2
			20.2857142857143	-2
			20.3428571428571	-2.05714285714286
			20.4	-2.05714285714286
			20.4571428571429	-2.11428571428571
			20.5142857142857	-2.11428571428571
			20.5714285714286	-2.11428571428571
			20.6285714285714	-2.17142857142857
			20.6857142857143	-2.17142857142857
			20.7428571428571	-2.22857142857143
			20.8	-2.22857142857143
			20.8571428571429	-2.28571428571429
			20.9142857142857	-2.28571428571429
			20.9714285714286	-2.28571428571429
			21.0285714285714	-2.34285714285714
			21.0857142857143	-2.34285714285714
			21.1428571428571	-2.4
			21.2	-2.45714285714286
			21.2571428571429	-2.45714285714286
			21.3142857142857	-2.51428571428571
			21.3714285714286	-2.51428571428571
			21.4285714285714	-2.57142857142857
			21.4857142857143	-2.57142857142857
			21.5428571428571	-2.62857142857143
			21.6	-2.62857142857143
			21.6571428571429	-2.68571428571429
			21.7142857142857	-2.68571428571429
			21.7714285714286	-2.74285714285714
			21.8285714285714	-2.8
			21.8857142857143	-2.8
			21.9428571428571	-2.85714285714286
			22	-2.85714285714286
			22.0571428571429	-2.91428571428571
			22.1142857142857	-2.91428571428571
			22.1714285714286	-2.97142857142857
			22.2285714285714	-3.02857142857143
			22.2857142857143	-3.08571428571429
			22.3428571428571	-3.08571428571429
			22.4	-3.14285714285714
			22.4571428571429	-3.2
			22.5142857142857	-3.2
			22.5714285714286	-3.25714285714286
			22.6285714285714	-3.31428571428571
			22.6857142857143	-3.31428571428571
			22.7428571428571	-3.37142857142857
			22.8	-3.42857142857143
			22.8571428571429	-3.42857142857143
			22.9142857142857	-3.48571428571429
			22.9714285714286	-3.54285714285714
			22.9714285714286	-3.6
			23.0285714285714	-3.6
			23.0857142857143	-3.65714285714286
			23.1428571428571	-3.71428571428571
			23.2	-3.71428571428571
			23.2	-3.77142857142857
			23.2571428571429	-3.82857142857143
			23.3142857142857	-3.88571428571429
			23.3714285714286	-3.94285714285714
			23.4285714285714	-4
			23.4857142857143	-4.05714285714286
			23.5428571428571	-4.11428571428571
			23.5428571428571	-4.17142857142857
			23.6	-4.17142857142857
			23.6571428571429	-4.22857142857143
			23.7142857142857	-4.28571428571429
			23.7142857142857	-4.34285714285714
			23.7714285714286	-4.4
			23.8285714285714	-4.45714285714286
			23.8285714285714	-4.51428571428571
			23.8857142857143	-4.57142857142857
			23.8857142857143	-4.62857142857143
			23.9428571428571	-4.68571428571429
			24	-4.74285714285714
			24	-4.8
			24.0571428571429	-4.85714285714286
			24.0571428571429	-4.91428571428571
			24.1142857142857	-4.97142857142857
			24.1142857142857	-5.02857142857143
			24.1714285714286	-5.08571428571429
			24.1714285714286	-5.14285714285714
			24.1714285714286	-5.2
			24.1714285714286	-5.25714285714286
			24.2285714285714	-5.25714285714286
			24.2285714285714	-5.31428571428571
			24.2285714285714	-5.37142857142857
			24.2285714285714	-5.42857142857143
			24.2857142857143	-5.48571428571429
			24.2857142857143	-5.54285714285714
			24.2857142857143	-5.6
			24.2857142857143	-5.65714285714286
			24.3428571428571	-5.71428571428571
			24.3428571428571	-5.77142857142857
			24.3428571428571	-5.82857142857143
			24.3428571428571	-5.88571428571429
			24.3428571428571	-5.94285714285714
			24.3428571428571	-6
			24.3428571428571	-6.05714285714286
			24.3428571428571	-6.11428571428571
			24.2857142857143	-6.17142857142857
			24.2857142857143	-6.22857142857143
			24.2857142857143	-6.28571428571429
			24.2285714285714	-6.34285714285714
			24.2285714285714	-6.4
			24.2285714285714	-6.45714285714286
			24.1714285714286	-6.51428571428571
			24.1714285714286	-6.57142857142857
			24.1714285714286	-6.62857142857143
			24.1142857142857	-6.68571428571429
			24.1142857142857	-6.74285714285714
			24.1142857142857	-6.8
			24.0571428571429	-6.8
			24.0571428571429	-6.85714285714286
			24.0571428571429	-6.91428571428571
			24	-6.97142857142857
			24	-7.02857142857143
			24	-7.08571428571429
			23.9428571428571	-7.14285714285714
			23.9428571428571	-7.2
			23.8857142857143	-7.25714285714286
			23.8857142857143	-7.31428571428571
			23.8857142857143	-7.37142857142857
			23.8285714285714	-7.42857142857143
			23.8285714285714	-7.48571428571429
			23.8857142857143	-7.48571428571429
			23.9428571428571	-7.48571428571429
			24	-7.48571428571429
			24.0571428571429	-7.54285714285714
			24.1142857142857	-7.54285714285714
			24.1714285714286	-7.54285714285714
			24.2285714285714	-7.54285714285714
			24.2857142857143	-7.54285714285714
			24.3428571428571	-7.6
			24.4	-7.6
			24.4571428571429	-7.6
			24.5142857142857	-7.65714285714286
			24.5714285714286	-7.65714285714286
			24.6285714285714	-7.65714285714286
			24.6857142857143	-7.71428571428571
			24.7428571428571	-7.71428571428571
			24.8	-7.77142857142857
			24.8571428571429	-7.77142857142857
			24.9142857142857	-7.82857142857143
			24.9714285714286	-7.82857142857143
			25.0285714285714	-7.82857142857143
			25.0285714285714	-7.88571428571429
			25.0857142857143	-7.88571428571429
			25.1428571428571	-7.94285714285714
			25.2	-8
			25.2571428571429	-8
			25.3142857142857	-8.05714285714286
			25.3714285714286	-8.11428571428571
			25.4285714285714	-8.11428571428571
			25.4285714285714	-8.17142857142857
			25.4857142857143	-8.17142857142857
			25.5428571428571	-8.22857142857143
			25.6	-8.28571428571428
			25.6571428571429	-8.34285714285714
			25.7142857142857	-8.4
			25.7714285714286	-8.45714285714286
			25.8285714285714	-8.51428571428571
			25.8285714285714	-8.57142857142857
			25.8857142857143	-8.62857142857143
			25.9428571428571	-8.68571428571429
			26	-8.74285714285714
			26.0571428571429	-8.8
			26.0571428571429	-8.85714285714286
			26.1142857142857	-8.91428571428571
			26.1714285714286	-8.97142857142857
			26.1714285714286	-9.02857142857143
			26.2285714285714	-9.08571428571429
			26.2857142857143	-9.14285714285714
			26.2857142857143	-9.2
			26.3428571428571	-9.25714285714286
			26.4	-9.31428571428571
			26.4	-9.37142857142857
			26.4	-9.42857142857143
			26.4571428571429	-9.42857142857143
			26.4571428571429	-9.48571428571429
			26.4571428571429	-9.54285714285714
			26.5142857142857	-9.6
			26.5142857142857	-9.65714285714286
			26.5714285714286	-9.71428571428571
			26.5714285714286	-9.77142857142857
			26.6285714285714	-9.82857142857143
			26.6285714285714	-9.88571428571429
			26.6285714285714	-9.94285714285714
			26.5714285714286	-10
			26.5714285714286	-10.0571428571429
			26.5142857142857	-10.1142857142857
			26.5142857142857	-10.1714285714286
			26.4571428571429	-10.2285714285714
			26.4571428571429	-10.2857142857143
			26.4	-10.3428571428571
			26.3428571428571	-10.4
			26.3428571428571	-10.4571428571429
			26.2857142857143	-10.5142857142857
			26.2857142857143	-10.5714285714286
			26.2285714285714	-10.6285714285714
			26.1714285714286	-10.6857142857143
			26.1142857142857	-10.7428571428571
			26.0571428571429	-10.8
			26	-10.8571428571429
			25.9428571428571	-10.9142857142857
			25.8857142857143	-10.9714285714286
			25.8285714285714	-11.0285714285714
			25.7714285714286	-11.0285714285714
			25.7714285714286	-11.0857142857143
			25.7142857142857	-11.0857142857143
			25.6571428571429	-11.1428571428571
			25.6	-11.1428571428571
			25.5428571428571	-11.2
			25.4857142857143	-11.2
			25.4285714285714	-11.2571428571429
			25.3714285714286	-11.2571428571429
			25.3142857142857	-11.2571428571429
			25.2571428571429	-11.3142857142857
			25.2	-11.3142857142857
			25.1428571428571	-11.3142857142857
			25.0857142857143	-11.3142857142857
			25.0285714285714	-11.3142857142857
			24.9714285714286	-11.3714285714286
			24.9142857142857	-11.3714285714286
			24.8571428571429	-11.3714285714286
			24.8	-11.3714285714286
			24.7428571428571	-11.3714285714286
			24.6857142857143	-11.3714285714286
			24.6285714285714	-11.3714285714286
			24.5714285714286	-11.3714285714286
			24.5142857142857	-11.3714285714286
			24.4571428571429	-11.3714285714286
			24.4	-11.3714285714286
			24.3428571428571	-11.3714285714286
			24.2857142857143	-11.3714285714286
			24.2285714285714	-11.3714285714286
			24.2285714285714	-11.3142857142857
			24.1714285714286	-11.3142857142857
			24.1142857142857	-11.3142857142857
			24.0571428571429	-11.3142857142857
			24.0571428571429	-11.3714285714286
			24	-11.4285714285714
			24	-11.4857142857143
			24	-11.5428571428571
			24	-11.6
			24	-11.6571428571429
			24	-11.7142857142857
			24	-11.7714285714286
			24	-11.8285714285714
			24	-11.8857142857143
			24	-11.9428571428571
			24	-12
			24	-12.0571428571429
			24	-12.1142857142857
			24	-12.1714285714286
			24	-12.2285714285714
			24	-12.2857142857143
			24	-12.3428571428571
			24.0571428571429	-12.4
			24.0571428571429	-12.4571428571429
			24.0571428571429	-12.5142857142857
			24.1142857142857	-12.5142857142857
			24.1142857142857	-12.5714285714286
			24.1714285714286	-12.6285714285714
			24.2285714285714	-12.6857142857143
			24.2857142857143	-12.7428571428571
			24.3428571428571	-12.7428571428571
			24.4	-12.8
			24.4571428571429	-12.8
			24.5142857142857	-12.8571428571429
			24.5714285714286	-12.8571428571429
			24.6285714285714	-12.8571428571429
			24.6857142857143	-12.9142857142857
			24.7428571428571	-12.9142857142857
			24.8	-12.9142857142857
			24.8571428571429	-12.9142857142857
			24.9142857142857	-12.9142857142857
			24.9714285714286	-12.9142857142857
			25.0285714285714	-12.9142857142857
			25.0857142857143	-12.9142857142857
			25.1428571428571	-12.9142857142857
			25.2	-12.9142857142857
			25.2571428571429	-12.9142857142857
			25.3142857142857	-12.9142857142857
			25.3714285714286	-12.9142857142857
			25.4285714285714	-12.8571428571429
			25.4857142857143	-12.8571428571429
			25.5428571428571	-12.8571428571429
			25.6	-12.8571428571429
			25.6571428571429	-12.8
			25.7142857142857	-12.8
			25.7714285714286	-12.8
			25.8285714285714	-12.8
			25.8857142857143	-12.8
			25.9428571428571	-12.7428571428571
			26	-12.7428571428571
			26.0571428571429	-12.7428571428571
			26.1142857142857	-12.6857142857143
			26.1714285714286	-12.6857142857143
			26.2285714285714	-12.6857142857143
			26.2857142857143	-12.6285714285714
			26.3428571428571	-12.6285714285714
			26.4	-12.6285714285714
			26.4571428571429	-12.5714285714286
			26.5142857142857	-12.5714285714286
			26.5714285714286	-12.5714285714286
			26.6285714285714	-12.5142857142857
			26.6857142857143	-12.5142857142857
			26.7428571428571	-12.4571428571429
			26.8	-12.4571428571429
			26.8571428571429	-12.4571428571429
			26.8571428571429	-12.4
			26.9142857142857	-12.4
			26.9714285714286	-12.4
			27.0285714285714	-12.3428571428571
			27.0857142857143	-12.3428571428571
			27.1428571428571	-12.3428571428571
			27.2	-12.2857142857143
			27.2571428571429	-12.2857142857143
			27.3142857142857	-12.2285714285714
			27.3714285714286	-12.2285714285714
			27.4285714285714	-12.1714285714286
			27.4857142857143	-12.1714285714286
			27.5428571428571	-12.1142857142857
			27.6	-12.1142857142857
			27.6	-12.0571428571429
			27.6	-12
			27.6	-11.9428571428571
			27.6571428571429	-11.8857142857143
			27.6571428571429	-11.8285714285714
			27.6571428571429	-11.7714285714286
			27.6571428571429	-11.7142857142857
			27.7142857142857	-11.7142857142857
			27.7142857142857	-11.6571428571429
			27.7714285714286	-11.6
			27.7714285714286	-11.5428571428571
			27.7714285714286	-11.4857142857143
			27.8285714285714	-11.4857142857143
			27.8285714285714	-11.4285714285714
			27.8857142857143	-11.3714285714286
			27.9428571428571	-11.3714285714286
			27.9428571428571	-11.3142857142857
			28	-11.3142857142857
			28	-11.2571428571429
			28.0571428571429	-11.2571428571429
			28.1142857142857	-11.2
			28.1714285714286	-11.2
			28.1714285714286	-11.1428571428571
			28.2285714285714	-11.1428571428571
			28.2857142857143	-11.1428571428571
			28.3428571428571	-11.0857142857143
			28.4	-11.0857142857143
			28.4571428571429	-11.0857142857143
			28.5142857142857	-11.0285714285714
			28.5714285714286	-11.0285714285714
			28.6285714285714	-11.0285714285714
			28.6857142857143	-11.0285714285714
			28.7428571428571	-11.0285714285714
			28.8	-11.0285714285714
			28.8571428571429	-11.0285714285714
			28.9142857142857	-10.9714285714286
			28.9714285714286	-10.9714285714286
			29.0285714285714	-10.9714285714286
			29.0857142857143	-10.9714285714286
			29.1428571428571	-10.9714285714286
			29.2	-11.0285714285714
			29.2571428571429	-11.0285714285714
			29.3142857142857	-11.0285714285714
			29.3714285714286	-11.0285714285714
			29.4285714285714	-11.0285714285714
			29.4857142857143	-11.0285714285714
			29.5428571428571	-11.0285714285714
			29.6	-11.0285714285714
			29.6571428571429	-11.0285714285714
			29.7142857142857	-11.0857142857143
			29.7714285714286	-11.0857142857143
			29.8285714285714	-11.0857142857143
			29.8857142857143	-11.0857142857143
			29.9428571428571	-11.0857142857143
			30	-11.0857142857143
			30	-11.1428571428571
			30.0571428571429	-11.1428571428571
			30.1142857142857	-11.1428571428571
			30.1714285714286	-11.1428571428571
			30.2285714285714	-11.1428571428571
			30.2857142857143	-11.2
			30.3428571428571	-11.2
			30.4	-11.2
			30.4571428571429	-11.2571428571429
			30.5142857142857	-11.2571428571429
			30.5714285714286	-11.2571428571429
			30.6285714285714	-11.2571428571429
			30.6857142857143	-11.3142857142857
			30.7428571428571	-11.3142857142857
			30.8	-11.3714285714286
			30.8571428571429	-11.3714285714286
			30.9142857142857	-11.4285714285714
			30.9714285714286	-11.4857142857143
			31.0285714285714	-11.4857142857143
			31.0857142857143	-11.5428571428571
			31.1428571428571	-11.6
			31.2	-11.6571428571429
			31.2571428571429	-11.7142857142857
			31.3142857142857	-11.7714285714286
			31.3714285714286	-11.8285714285714
			31.4285714285714	-11.8857142857143
			31.4857142857143	-11.9428571428571
			31.5428571428571	-12
			31.6	-12.0571428571429
			31.6	-12.1142857142857
			31.6571428571429	-12.1142857142857
			31.6571428571429	-12.1714285714286
			31.7142857142857	-12.2285714285714
			31.7142857142857	-12.2857142857143
			31.7714285714286	-12.2857142857143
			31.7714285714286	-12.3428571428571
			31.8285714285714	-12.4
			31.8857142857143	-12.4571428571429
			31.8857142857143	-12.5142857142857
			31.9428571428571	-12.5714285714286
			31.9428571428571	-12.6285714285714
			32	-12.6857142857143
		</suture>
		<anterior type=matrix rownames=FALSE colnames=FALSE nrow=357 ncol=2 as.numeric=TRUE >
			17.6571428571429	-0.0571428571428571
			17.7142857142857	-0.0571428571428571
			17.7714285714286	-0.0571428571428571
			17.8285714285714	-0.0571428571428571
			17.8857142857143	-0.0571428571428571
			17.9428571428571	0
			18	0
			18.0571428571429	0
			18.1142857142857	0
			18.1714285714286	0
			18.2285714285714	0
			18.2857142857143	0
			18.3428571428571	0
			18.4	0
			18.4571428571429	0
			18.5142857142857	0
			18.5714285714286	0
			18.6285714285714	0
			18.6857142857143	0
			18.7428571428571	-0.0571428571428571
			18.8	-0.0571428571428571
			18.8571428571429	-0.0571428571428571
			18.9142857142857	-0.0571428571428571
			18.9714285714286	-0.0571428571428571
			19.0285714285714	-0.114285714285714
			19.0857142857143	-0.114285714285714
			19.1428571428571	-0.171428571428571
			19.2	-0.171428571428571
			19.2571428571429	-0.171428571428571
			19.2571428571429	-0.228571428571429
			19.3142857142857	-0.228571428571429
			19.3142857142857	-0.285714285714286
			19.3714285714286	-0.285714285714286
			19.3714285714286	-0.342857142857143
			19.4285714285714	-0.342857142857143
			19.4285714285714	-0.4
			19.4857142857143	-0.4
			19.4857142857143	-0.457142857142857
			19.4857142857143	-0.514285714285714
			19.5428571428571	-0.571428571428571
			19.5428571428571	-0.628571428571429
			19.5428571428571	-0.685714285714286
			19.6	-0.742857142857143
			19.6571428571429	-0.742857142857143
			19.7142857142857	-0.742857142857143
			19.7714285714286	-0.8
			19.8285714285714	-0.8
			19.8857142857143	-0.857142857142857
			19.9428571428571	-0.857142857142857
			20	-0.914285714285714
			20.0571428571429	-0.914285714285714
			20.1142857142857	-0.914285714285714
			20.1714285714286	-0.971428571428571
			20.2285714285714	-0.971428571428571
			20.2285714285714	-1.02857142857143
			20.2857142857143	-1.02857142857143
			20.3428571428571	-1.02857142857143
			20.4	-1.08571428571429
			20.4571428571429	-1.08571428571429
			20.5142857142857	-1.14285714285714
			20.5714285714286	-1.14285714285714
			20.6285714285714	-1.2
			20.6857142857143	-1.25714285714286
			20.7428571428571	-1.25714285714286
			20.8	-1.25714285714286
			20.8571428571429	-1.31428571428571
			20.9142857142857	-1.31428571428571
			20.9714285714286	-1.37142857142857
			21.0285714285714	-1.37142857142857
			21.0857142857143	-1.42857142857143
			21.1428571428571	-1.42857142857143
			21.2	-1.48571428571429
			21.2571428571429	-1.48571428571429
			21.2571428571429	-1.54285714285714
			21.3142857142857	-1.54285714285714
			21.3714285714286	-1.54285714285714
			21.4285714285714	-1.6
			21.4857142857143	-1.6
			21.4857142857143	-1.65714285714286
			21.5428571428571	-1.65714285714286
			21.6	-1.71428571428571
			21.6571428571429	-1.71428571428571
			21.7142857142857	-1.77142857142857
			21.7714285714286	-1.77142857142857
			21.8285714285714	-1.82857142857143
			21.8857142857143	-1.82857142857143
			21.9428571428571	-1.88571428571429
			22	-1.94285714285714
			22.0571428571429	-1.94285714285714
			22.1142857142857	-2
			22.1714285714286	-2
			22.2285714285714	-2
			22.2285714285714	-2.05714285714286
			22.2857142857143	-2.05714285714286
			22.3428571428571	-2.11428571428571
			22.4	-2.11428571428571
			22.4571428571429	-2.17142857142857
			22.5142857142857	-2.17142857142857
			22.5714285714286	-2.22857142857143
			22.6285714285714	-2.22857142857143
			22.6285714285714	-2.28571428571429
			22.6857142857143	-2.28571428571429
			22.7428571428571	-2.34285714285714
			22.8	-2.34285714285714
			22.8571428571429	-2.4
			22.9142857142857	-2.4
			22.9714285714286	-2.45714285714286
			23.0285714285714	-2.51428571428571
			23.0857142857143	-2.51428571428571
			23.1428571428571	-2.57142857142857
			23.2	-2.57142857142857
			23.2571428571429	-2.62857142857143
			23.3142857142857	-2.62857142857143
			23.3714285714286	-2.68571428571429
			23.4285714285714	-2.74285714285714
			23.4857142857143	-2.74285714285714
			23.5428571428571	-2.8
			23.6	-2.8
			23.6571428571429	-2.85714285714286
			23.7142857142857	-2.85714285714286
			23.7714285714286	-2.91428571428571
			23.8285714285714	-2.97142857142857
			23.8857142857143	-2.97142857142857
			23.9428571428571	-2.97142857142857
			24	-3.02857142857143
			24.0571428571429	-3.02857142857143
			24.1142857142857	-3.08571428571429
			24.1714285714286	-3.08571428571429
			24.2285714285714	-3.08571428571429
			24.2857142857143	-3.14285714285714
			24.3428571428571	-3.2
			24.4	-3.2
			24.4571428571429	-3.25714285714286
			24.5142857142857	-3.25714285714286
			24.5714285714286	-3.31428571428571
			24.6285714285714	-3.31428571428571
			24.6857142857143	-3.37142857142857
			24.7428571428571	-3.37142857142857
			24.8	-3.42857142857143
			24.8571428571429	-3.42857142857143
			24.9142857142857	-3.48571428571429
			24.9714285714286	-3.48571428571429
			25.0285714285714	-3.54285714285714
			25.0857142857143	-3.6
			25.1428571428571	-3.6
			25.2	-3.65714285714286
			25.2571428571429	-3.65714285714286
			25.3142857142857	-3.71428571428571
			25.3714285714286	-3.71428571428571
			25.4285714285714	-3.77142857142857
			25.4857142857143	-3.77142857142857
			25.5428571428571	-3.82857142857143
			25.6	-3.88571428571429
			25.6571428571429	-3.88571428571429
			25.7142857142857	-3.94285714285714
			25.7714285714286	-3.94285714285714
			25.8285714285714	-4
			25.8857142857143	-4.05714285714286
			25.9428571428571	-4.05714285714286
			26	-4.11428571428571
			26.0571428571429	-4.17142857142857
			26.1142857142857	-4.17142857142857
			26.1714285714286	-4.22857142857143
			26.2285714285714	-4.28571428571429
			26.2857142857143	-4.34285714285714
			26.3428571428571	-4.34285714285714
			26.4	-4.4
			26.4571428571429	-4.4
			26.5142857142857	-4.45714285714286
			26.5714285714286	-4.51428571428571
			26.6285714285714	-4.57142857142857
			26.6857142857143	-4.57142857142857
			26.7428571428571	-4.62857142857143
			26.8	-4.68571428571429
			26.8571428571429	-4.68571428571429
			26.9142857142857	-4.74285714285714
			26.9714285714286	-4.8
			26.9714285714286	-4.85714285714286
			27.0285714285714	-4.85714285714286
			27.0857142857143	-4.91428571428571
			27.1428571428571	-4.97142857142857
			27.2	-4.97142857142857
			27.2571428571429	-5.02857142857143
			27.3142857142857	-5.08571428571429
			27.3714285714286	-5.14285714285714
			27.4285714285714	-5.14285714285714
			27.4285714285714	-5.2
			27.4857142857143	-5.25714285714286
			27.5428571428571	-5.25714285714286
			27.6	-5.31428571428571
			27.6571428571429	-5.37142857142857
			27.7142857142857	-5.42857142857143
			27.7714285714286	-5.48571428571429
			27.8285714285714	-5.48571428571429
			27.8285714285714	-5.54285714285714
			27.8857142857143	-5.6
			27.9428571428571	-5.65714285714286
			28	-5.65714285714286
			28.0571428571429	-5.71428571428571
			28.1142857142857	-5.77142857142857
			28.1142857142857	-5.82857142857143
			28.1714285714286	-5.88571428571429
			28.2285714285714	-5.88571428571429
			28.2857142857143	-5.94285714285714
			28.3428571428571	-6
			28.4	-6.05714285714286
			28.4	-6.11428571428571
			28.4571428571429	-6.11428571428571
			28.5142857142857	-6.17142857142857
			28.5714285714286	-6.22857142857143
			28.6285714285714	-6.28571428571429
			28.6285714285714	-6.34285714285714
			28.6857142857143	-6.4
			28.7428571428571	-6.4
			28.8	-6.45714285714286
			28.8571428571429	-6.51428571428571
			28.8571428571429	-6.57142857142857
			28.9142857142857	-6.62857142857143
			28.9714285714286	-6.68571428571429
			29.0285714285714	-6.74285714285714
			29.0857142857143	-6.8
			29.1428571428571	-6.85714285714286
			29.2	-6.91428571428571
			29.2571428571429	-6.97142857142857
			29.2571428571429	-7.02857142857143
			29.3142857142857	-7.08571428571429
			29.3714285714286	-7.08571428571429
			29.3714285714286	-7.14285714285714
			29.4285714285714	-7.2
			29.4857142857143	-7.25714285714286
			29.5428571428571	-7.31428571428571
			29.5428571428571	-7.37142857142857
			29.6	-7.42857142857143
			29.6571428571429	-7.48571428571429
			29.7142857142857	-7.54285714285714
			29.7714285714286	-7.6
			29.7714285714286	-7.65714285714286
			29.8285714285714	-7.71428571428571
			29.8857142857143	-7.77142857142857
			29.9428571428571	-7.82857142857143
			29.9428571428571	-7.88571428571429
			30	-7.94285714285714
			30.0571428571429	-8
			30.0571428571429	-8.05714285714286
			30.1142857142857	-8.11428571428571
			30.1714285714286	-8.17142857142857
			30.2285714285714	-8.22857142857143
			30.2285714285714	-8.28571428571428
			30.2857142857143	-8.34285714285714
			30.3428571428571	-8.4
			30.3428571428571	-8.45714285714286
			30.4	-8.51428571428571
			30.4571428571429	-8.57142857142857
			30.4571428571429	-8.62857142857143
			30.5142857142857	-8.68571428571429
			30.5142857142857	-8.74285714285714
			30.5714285714286	-8.8
			30.6285714285714	-8.85714285714286
			30.6285714285714	-8.91428571428571
			30.6857142857143	-8.97142857142857
			30.6857142857143	-9.02857142857143
			30.7428571428571	-9.08571428571429
			30.8	-9.14285714285714
			30.8	-9.2
			30.8571428571429	-9.25714285714286
			30.8571428571429	-9.31428571428571
			30.9142857142857	-9.37142857142857
			30.9714285714286	-9.42857142857143
			30.9714285714286	-9.48571428571429
			31.0285714285714	-9.54285714285714
			31.0285714285714	-9.6
			31.0857142857143	-9.65714285714286
			31.0857142857143	-9.71428571428571
			31.1428571428571	-9.77142857142857
			31.1428571428571	-9.82857142857143
			31.1428571428571	-9.88571428571429
			31.2	-9.94285714285714
			31.2	-10
			31.2	-10.0571428571429
			31.2571428571429	-10.0571428571429
			31.2571428571429	-10.1142857142857
			31.2571428571429	-10.1714285714286
			31.2571428571429	-10.2285714285714
			31.3142857142857	-10.2857142857143
			31.3142857142857	-10.3428571428571
			31.3142857142857	-10.4
			31.3142857142857	-10.4571428571429
			31.3714285714286	-10.5142857142857
			31.3714285714286	-10.5714285714286
			31.3714285714286	-10.6285714285714
			31.4285714285714	-10.6857142857143
			31.4285714285714	-10.7428571428571
			31.4285714285714	-10.8
			31.4285714285714	-10.8571428571429
			31.4857142857143	-10.9142857142857
			31.4857142857143	-10.9714285714286
			31.4857142857143	-11.0285714285714
			31.5428571428571	-11.0857142857143
			31.5428571428571	-11.1428571428571
			31.5428571428571	-11.2
			31.5428571428571	-11.2571428571429
			31.6	-11.3142857142857
			31.6	-11.3714285714286
			31.6	-11.4285714285714
			31.6	-11.4857142857143
			31.6571428571429	-11.5428571428571
			31.6571428571429	-11.6
			31.6571428571429	-11.6571428571429
			31.7142857142857	-11.7142857142857
			31.7142857142857	-11.7714285714286
			31.7142857142857	-11.8285714285714
			31.7142857142857	-11.8857142857143
			31.7714285714286	-11.9428571428571
			31.7714285714286	-12
			31.7714285714286	-12.0571428571429
			31.7714285714286	-12.1142857142857
			31.8285714285714	-12.1714285714286
			31.8285714285714	-12.2285714285714
			31.8285714285714	-12.2857142857143
			31.8285714285714	-12.3428571428571
			31.8857142857143	-12.4
			31.8857142857143	-12.4571428571429
			31.8857142857143	-12.5142857142857
			31.8857142857143	-12.5714285714286
			31.9428571428571	-12.6285714285714
			31.9428571428571	-12.6857142857143
			31.9428571428571	-12.7428571428571
			31.9428571428571	-12.8
			32	-12.8571428571429
			32	-12.9142857142857
			32	-12.9714285714286
			32	-13.0285714285714
			32.0571428571429	-13.0857142857143
			32.0571428571429	-13.1428571428571
			32.0571428571429	-13.2
			32.0571428571429	-13.2571428571429
			32.0571428571429	-13.3142857142857
			32.1142857142857	-13.3142857142857
			32.1142857142857	-13.3714285714286
			32.1142857142857	-13.4285714285714
			32.1142857142857	-13.4857142857143
			32.1142857142857	-13.5428571428571
			32.1714285714286	-13.6
			32.1714285714286	-13.6571428571429
			32.1714285714286	-13.7142857142857
			32.2285714285714	-13.7714285714286
			32.2285714285714	-13.8285714285714
			32.2285714285714	-13.8857142857143
			32.2285714285714	-13.9428571428571
			32.2285714285714	-14
			32.2857142857143	-14.0571428571429
			32.2857142857143	-14.1142857142857
			32.2857142857143	-14.1714285714286
			32.2857142857143	-14.2285714285714
			32.3428571428571	-14.2857142857143
			32.3428571428571	-14.3428571428571
			32.3428571428571	-14.4
		</anterior>
		<posterior type=matrix rownames=FALSE colnames=FALSE nrow=587 ncol=2 as.numeric=TRUE >
			17.6	-14.4
			17.6571428571429	-14.4
			17.7142857142857	-14.4
			17.7714285714286	-14.4
			17.8285714285714	-14.4
			17.8857142857143	-14.4
			17.9428571428571	-14.4
			18	-14.4571428571429
			18.0571428571429	-14.4571428571429
			18.1142857142857	-14.4571428571429
			18.1714285714286	-14.4571428571429
			18.2285714285714	-14.4571428571429
			18.2857142857143	-14.4571428571429
			18.3428571428571	-14.4571428571429
			18.4	-14.4571428571429
			18.4571428571429	-14.4571428571429
			18.5142857142857	-14.4571428571429
			18.5714285714286	-14.4571428571429
			18.6285714285714	-14.4571428571429
			18.6857142857143	-14.4571428571429
			18.7428571428571	-14.4571428571429
			18.8	-14.5142857142857
			18.8571428571429	-14.5142857142857
			18.9142857142857	-14.5142857142857
			18.9714285714286	-14.5142857142857
			19.0285714285714	-14.5142857142857
			19.0857142857143	-14.5142857142857
			19.1428571428571	-14.5142857142857
			19.2	-14.5142857142857
			19.2571428571429	-14.5142857142857
			19.3142857142857	-14.5142857142857
			19.3714285714286	-14.5142857142857
			19.4285714285714	-14.5142857142857
			19.4857142857143	-14.5142857142857
			19.5428571428571	-14.5142857142857
			19.6	-14.5142857142857
			19.6571428571429	-14.5142857142857
			19.7142857142857	-14.5142857142857
			19.7714285714286	-14.5142857142857
			19.8285714285714	-14.5142857142857
			19.8857142857143	-14.5142857142857
			19.9428571428571	-14.5714285714286
			20	-14.5714285714286
			20.0571428571429	-14.5714285714286
			20.1142857142857	-14.5714285714286
			20.1714285714286	-14.5714285714286
			20.2285714285714	-14.5714285714286
			20.2857142857143	-14.5714285714286
			20.3428571428571	-14.5714285714286
			20.4	-14.5714285714286
			20.4571428571429	-14.5714285714286
			20.5142857142857	-14.5714285714286
			20.5714285714286	-14.5714285714286
			20.6285714285714	-14.5714285714286
			20.6857142857143	-14.5714285714286
			20.7428571428571	-14.5714285714286
			20.8	-14.5714285714286
			20.8571428571429	-14.5714285714286
			20.9142857142857	-14.5714285714286
			20.9714285714286	-14.5714285714286
			21.0285714285714	-14.5714285714286
			21.0857142857143	-14.5714285714286
			21.1428571428571	-14.5714285714286
			21.2	-14.5714285714286
			21.2571428571429	-14.5714285714286
			21.3142857142857	-14.5714285714286
			21.3714285714286	-14.5714285714286
			21.4285714285714	-14.5714285714286
			21.4857142857143	-14.5714285714286
			21.5428571428571	-14.5714285714286
			21.6	-14.5142857142857
			21.6571428571429	-14.5142857142857
			21.7142857142857	-14.5142857142857
			21.7714285714286	-14.5142857142857
			21.8285714285714	-14.5142857142857
			21.8857142857143	-14.5142857142857
			21.9428571428571	-14.5142857142857
			22	-14.5142857142857
			22.0571428571429	-14.5142857142857
			22.1142857142857	-14.5142857142857
			22.1714285714286	-14.5142857142857
			22.2285714285714	-14.5142857142857
			22.2857142857143	-14.5142857142857
			22.3428571428571	-14.4571428571429
			22.4	-14.4571428571429
			22.4571428571429	-14.4571428571429
			22.5142857142857	-14.4571428571429
			22.5714285714286	-14.4571428571429
			22.6285714285714	-14.4571428571429
			22.6857142857143	-14.4571428571429
			22.7428571428571	-14.4
			22.8	-14.4
			22.8571428571429	-14.4
			22.9142857142857	-14.4
			22.9714285714286	-14.4
			23.0285714285714	-14.4
			23.0857142857143	-14.4
			23.1428571428571	-14.4
			23.2	-14.4
			23.2571428571429	-14.4
			23.3142857142857	-14.4
			23.3714285714286	-14.4
			23.4285714285714	-14.4
			23.4857142857143	-14.4
			23.5428571428571	-14.4
			23.6	-14.4
			23.6571428571429	-14.4
			23.7142857142857	-14.4
			23.7714285714286	-14.4
			23.8285714285714	-14.4
			23.8857142857143	-14.4571428571429
			23.9428571428571	-14.4571428571429
			24	-14.4571428571429
			24.0571428571429	-14.4571428571429
			24.1142857142857	-14.4571428571429
			24.1714285714286	-14.4571428571429
			24.2285714285714	-14.5142857142857
			24.2857142857143	-14.5142857142857
			24.3428571428571	-14.5142857142857
			24.4	-14.5142857142857
			24.4571428571429	-14.5142857142857
			24.5142857142857	-14.5714285714286
			24.5714285714286	-14.5714285714286
			24.6285714285714	-14.5714285714286
			24.6857142857143	-14.5714285714286
			24.7428571428571	-14.6285714285714
			24.8	-14.6285714285714
			24.8571428571429	-14.6285714285714
			24.9142857142857	-14.6285714285714
			24.9714285714286	-14.6857142857143
			25.0285714285714	-14.6857142857143
			25.0857142857143	-14.6857142857143
			25.1428571428571	-14.7428571428571
			25.2	-14.7428571428571
			25.2571428571429	-14.7428571428571
			25.3142857142857	-14.8
			25.3714285714286	-14.8
			25.4285714285714	-14.8
			25.4857142857143	-14.8571428571429
			25.5428571428571	-14.8571428571429
			25.6	-14.8571428571429
			25.6571428571429	-14.9142857142857
			25.7142857142857	-14.9142857142857
			25.7714285714286	-14.9714285714286
			25.8285714285714	-14.9714285714286
			25.8857142857143	-14.9714285714286
			25.9428571428571	-15.0285714285714
			26	-15.0285714285714
			26.0571428571429	-15.0857142857143
			26.1142857142857	-15.0857142857143
			26.1714285714286	-15.1428571428571
			26.2285714285714	-15.1428571428571
			26.2857142857143	-15.1428571428571
			26.3428571428571	-15.2
			26.4	-15.2
			26.4571428571429	-15.2571428571429
			26.5142857142857	-15.2571428571429
			26.5714285714286	-15.3142857142857
			26.6285714285714	-15.3142857142857
			26.6857142857143	-15.3714285714286
			26.7428571428571	-15.3714285714286
			26.8	-15.4285714285714
			26.8571428571429	-15.4285714285714
			26.9142857142857	-15.4857142857143
			26.9714285714286	-15.4857142857143
			27.0285714285714	-15.5428571428571
			27.0857142857143	-15.5428571428571
			27.1428571428571	-15.6
			27.2	-15.6
			27.2571428571429	-15.6571428571429
			27.3142857142857	-15.6571428571429
			27.3142857142857	-15.7142857142857
			27.3714285714286	-15.7142857142857
			27.4285714285714	-15.7714285714286
			27.4857142857143	-15.8285714285714
			27.5428571428571	-15.8285714285714
			27.6	-15.8857142857143
			27.6571428571429	-15.8857142857143
			27.7142857142857	-15.9428571428571
			27.7714285714286	-15.9428571428571
			27.8285714285714	-16
			27.8857142857143	-16.0571428571429
			27.9428571428571	-16.0571428571429
			28	-16.1142857142857
			28.0571428571429	-16.1714285714286
			28.1142857142857	-16.1714285714286
			28.1714285714286	-16.2285714285714
			28.2285714285714	-16.2285714285714
			28.2857142857143	-16.2857142857143
			28.3428571428571	-16.2857142857143
			28.4	-16.3428571428571
			28.4571428571429	-16.4
			28.5142857142857	-16.4
			28.5714285714286	-16.4571428571429
			28.6285714285714	-16.5142857142857
			28.6857142857143	-16.5142857142857
			28.7428571428571	-16.5714285714286
			28.7428571428571	-16.6285714285714
			28.8	-16.6857142857143
			28.8571428571429	-16.7428571428571
			28.9142857142857	-16.8
			28.9714285714286	-16.8571428571429
			29.0285714285714	-16.9142857142857
			29.0285714285714	-16.9714285714286
			29.0857142857143	-17.0285714285714
			29.0857142857143	-17.0857142857143
			29.1428571428571	-17.0857142857143
			29.1428571428571	-17.1428571428571
			29.2	-17.2
			29.2	-17.2571428571429
			29.2571428571429	-17.3142857142857
			29.2571428571429	-17.3714285714286
			29.3142857142857	-17.3714285714286
			29.3142857142857	-17.4285714285714
			29.3714285714286	-17.4857142857143
			29.3714285714286	-17.5428571428571
			29.4285714285714	-17.6
			29.4285714285714	-17.6571428571429
			29.4857142857143	-17.7142857142857
			29.4857142857143	-17.7714285714286
			29.5428571428571	-17.8285714285714
			29.5428571428571	-17.8857142857143
			29.5428571428571	-17.9428571428571
			29.6	-18
			29.6	-18.0571428571429
			29.6571428571429	-18.1142857142857
			29.6571428571429	-18.1714285714286
			29.6571428571429	-18.2285714285714
			29.7142857142857	-18.2857142857143
			29.7142857142857	-18.3428571428571
			29.7714285714286	-18.4
			29.7714285714286	-18.4571428571429
			29.7714285714286	-18.5142857142857
			29.8285714285714	-18.5714285714286
			29.8285714285714	-18.6285714285714
			29.8285714285714	-18.6857142857143
			29.8857142857143	-18.7428571428571
			29.8857142857143	-18.8
			29.8857142857143	-18.8571428571429
			29.9428571428571	-18.9142857142857
			29.9428571428571	-18.9714285714286
			29.9428571428571	-19.0285714285714
			29.9428571428571	-19.0857142857143
			30	-19.0857142857143
			30	-19.1428571428571
			30	-19.2
			30	-19.2571428571429
			30.0571428571429	-19.3142857142857
			30.0571428571429	-19.3714285714286
			30.0571428571429	-19.4285714285714
			30.0571428571429	-19.4857142857143
			30.1142857142857	-19.5428571428571
			30.1142857142857	-19.6
			30.1142857142857	-19.6571428571429
			30.1142857142857	-19.7142857142857
			30.1714285714286	-19.7714285714286
			30.1714285714286	-19.8285714285714
			30.1714285714286	-19.8857142857143
			30.2285714285714	-19.9428571428571
			30.2285714285714	-20
			30.2285714285714	-20.0571428571429
			30.2857142857143	-20.1142857142857
			30.2857142857143	-20.1714285714286
			30.2857142857143	-20.2285714285714
			30.2857142857143	-20.2857142857143
			30.2857142857143	-20.3428571428571
			30.3428571428571	-20.4
			30.3428571428571	-20.4571428571429
			30.3428571428571	-20.5142857142857
			30.3428571428571	-20.5714285714286
			30.4	-20.6285714285714
			30.4	-20.6857142857143
			30.4	-20.7428571428571
			30.4	-20.8
			30.4571428571429	-20.8571428571429
			30.4571428571429	-20.9142857142857
			30.4571428571429	-20.9714285714286
			30.4571428571429	-21.0285714285714
			30.4571428571429	-21.0857142857143
			30.5142857142857	-21.1428571428571
			30.5142857142857	-21.2
			30.5142857142857	-21.2571428571429
			30.5142857142857	-21.3142857142857
			30.5142857142857	-21.3714285714286
			30.5714285714286	-21.4285714285714
			30.5714285714286	-21.4857142857143
			30.5714285714286	-21.5428571428571
			30.5714285714286	-21.6
			30.6285714285714	-21.6571428571429
			30.6285714285714	-21.7142857142857
			30.6285714285714	-21.7714285714286
			30.6285714285714	-21.8285714285714
			30.6857142857143	-21.8857142857143
			30.6857142857143	-21.9428571428571
			30.6857142857143	-22
			30.6857142857143	-22.0571428571429
			30.7428571428571	-22.1142857142857
			30.7428571428571	-22.1714285714286
			30.7428571428571	-22.2285714285714
			30.7428571428571	-22.2857142857143
			30.7428571428571	-22.3428571428571
			30.8	-22.4
			30.8	-22.4571428571429
			30.8	-22.5142857142857
			30.8571428571429	-22.5714285714286
			30.8571428571429	-22.6285714285714
			30.8571428571429	-22.6857142857143
			30.8571428571429	-22.7428571428571
			30.8571428571429	-22.8
			30.9142857142857	-22.8571428571429
			30.9142857142857	-22.9142857142857
			30.9142857142857	-22.9714285714286
			30.9142857142857	-23.0285714285714
			30.9714285714286	-23.0857142857143
			30.9714285714286	-23.1428571428571
			30.9714285714286	-23.2
			30.9714285714286	-23.2571428571429
			31.0285714285714	-23.3142857142857
			31.0285714285714	-23.3714285714286
			31.0285714285714	-23.4285714285714
			31.0285714285714	-23.4857142857143
			31.0857142857143	-23.5428571428571
			31.0857142857143	-23.6
			31.0857142857143	-23.6571428571429
			31.0857142857143	-23.7142857142857
			31.1428571428571	-23.7714285714286
			31.1428571428571	-23.8285714285714
			31.1428571428571	-23.8857142857143
			31.1428571428571	-23.9428571428571
			31.2	-24
			31.2	-24.0571428571429
			31.2	-24.1142857142857
			31.2	-24.1714285714286
			31.2571428571429	-24.2285714285714
			31.2571428571429	-24.2857142857143
			31.2571428571429	-24.3428571428571
			31.2571428571429	-24.4
			31.2571428571429	-24.4571428571429
			31.3142857142857	-24.4571428571429
			31.3142857142857	-24.5142857142857
			31.3142857142857	-24.5714285714286
			31.3142857142857	-24.6285714285714
			31.3142857142857	-24.6857142857143
			31.3714285714286	-24.6857142857143
			31.3714285714286	-24.7428571428571
			31.3714285714286	-24.8
			31.3714285714286	-24.8571428571429
			31.3714285714286	-24.9142857142857
			31.4285714285714	-24.9714285714286
			31.4285714285714	-25.0285714285714
			31.4285714285714	-25.0857142857143
			31.4857142857143	-25.1428571428571
			31.4857142857143	-25.2
			31.4857142857143	-25.2571428571429
			31.4857142857143	-25.3142857142857
			31.5428571428571	-25.3714285714286
			31.5428571428571	-25.4285714285714
			31.5428571428571	-25.4857142857143
			31.5428571428571	-25.5428571428571
			31.6	-25.6
			31.6	-25.6571428571429
			31.6	-25.7142857142857
			31.6	-25.7714285714286
			31.6571428571429	-25.8285714285714
			31.6571428571429	-25.8857142857143
			31.6571428571429	-25.9428571428571
			31.6571428571429	-26
			31.6571428571429	-26.0571428571429
			31.7142857142857	-26.1142857142857
			31.7142857142857	-26.1714285714286
			31.7142857142857	-26.2285714285714
			31.7142857142857	-26.2857142857143
			31.7714285714286	-26.3428571428571
			31.7714285714286	-26.4
			31.7714285714286	-26.3428571428571
			31.7714285714286	-26.2857142857143
			31.8285714285714	-26.2857142857143
			31.8285714285714	-26.2285714285714
			31.8285714285714	-26.1714285714286
			31.8285714285714	-26.1142857142857
			31.8285714285714	-26.0571428571429
			31.8857142857143	-26
			31.8857142857143	-25.9428571428571
			31.8857142857143	-25.8857142857143
			31.8857142857143	-25.8285714285714
			31.9428571428571	-25.7714285714286
			31.9428571428571	-25.7142857142857
			31.9428571428571	-25.6571428571429
			31.9428571428571	-25.6
			31.9428571428571	-25.5428571428571
			32	-25.4857142857143
			32	-25.4285714285714
			32	-25.3714285714286
			32	-25.3142857142857
			32	-25.2571428571429
			32.0571428571429	-25.2
			32.0571428571429	-25.1428571428571
			32.0571428571429	-25.0857142857143
			32.0571428571429	-25.0285714285714
			32.0571428571429	-24.9714285714286
			32.1142857142857	-24.9142857142857
			32.1142857142857	-24.8571428571429
			32.1142857142857	-24.8
			32.1142857142857	-24.7428571428571
			32.1142857142857	-24.6857142857143
			32.1142857142857	-24.6285714285714
			32.1714285714286	-24.5714285714286
			32.1714285714286	-24.5142857142857
			32.1714285714286	-24.4571428571429
			32.1714285714286	-24.4
			32.1714285714286	-24.3428571428571
			32.1714285714286	-24.2857142857143
			32.2285714285714	-24.2285714285714
			32.2285714285714	-24.1714285714286
			32.2285714285714	-24.1142857142857
			32.2285714285714	-24.0571428571429
			32.2285714285714	-24
			32.2285714285714	-23.9428571428571
			32.2285714285714	-23.8857142857143
			32.2857142857143	-23.8285714285714
			32.2857142857143	-23.7714285714286
			32.2857142857143	-23.7142857142857
			32.2857142857143	-23.6571428571429
			32.2857142857143	-23.6
			32.2857142857143	-23.5428571428571
			32.2857142857143	-23.4857142857143
			32.3428571428571	-23.4285714285714
			32.3428571428571	-23.3714285714286
			32.3428571428571	-23.3142857142857
			32.3428571428571	-23.2571428571429
			32.3428571428571	-23.2
			32.3428571428571	-23.1428571428571
			32.3428571428571	-23.0857142857143
			32.3428571428571	-23.0285714285714
			32.3428571428571	-22.9714285714286
			32.4	-22.9142857142857
			32.4	-22.8571428571429
			32.4	-22.8
			32.4	-22.7428571428571
			32.4	-22.6857142857143
			32.4	-22.6285714285714
			32.4	-22.5714285714286
			32.4	-22.5142857142857
			32.4	-22.4571428571429
			32.4	-22.4
			32.4571428571429	-22.4
			32.4571428571429	-22.3428571428571
			32.4571428571429	-22.2857142857143
			32.4571428571429	-22.2285714285714
			32.4571428571429	-22.1714285714286
			32.4571428571429	-22.1142857142857
			32.4571428571429	-22.0571428571429
			32.4571428571429	-22
			32.4571428571429	-21.9428571428571
			32.4571428571429	-21.8857142857143
			32.4571428571429	-21.8285714285714
			32.4571428571429	-21.7714285714286
			32.4571428571429	-21.7142857142857
			32.4571428571429	-21.6571428571429
			32.4571428571429	-21.6
			32.5142857142857	-21.5428571428571
			32.5142857142857	-21.4857142857143
			32.5142857142857	-21.4285714285714
			32.5142857142857	-21.3714285714286
			32.5142857142857	-21.3142857142857
			32.5142857142857	-21.2571428571429
			32.5142857142857	-21.2
			32.5142857142857	-21.1428571428571
			32.5142857142857	-21.0857142857143
			32.5142857142857	-21.0285714285714
			32.5142857142857	-20.9714285714286
			32.5142857142857	-20.9142857142857
			32.5142857142857	-20.8571428571429
			32.5142857142857	-20.8
			32.5142857142857	-20.7428571428571
			32.5142857142857	-20.6857142857143
			32.5142857142857	-20.6285714285714
			32.5142857142857	-20.5714285714286
			32.5142857142857	-20.5142857142857
			32.5142857142857	-20.4571428571429
			32.5142857142857	-20.4
			32.5142857142857	-20.3428571428571
			32.5142857142857	-20.2857142857143
			32.5142857142857	-20.2285714285714
			32.5142857142857	-20.1714285714286
			32.5142857142857	-20.1142857142857
			32.5142857142857	-20.0571428571429
			32.5142857142857	-20
			32.5142857142857	-19.9428571428571
			32.5142857142857	-19.8857142857143
			32.5142857142857	-19.8285714285714
			32.5142857142857	-19.7714285714286
			32.5142857142857	-19.7142857142857
			32.5142857142857	-19.6571428571429
			32.5142857142857	-19.6
			32.5142857142857	-19.5428571428571
			32.5142857142857	-19.4857142857143
			32.5142857142857	-19.4285714285714
			32.5142857142857	-19.3714285714286
			32.5142857142857	-19.3142857142857
			32.5142857142857	-19.2571428571429
			32.5142857142857	-19.2
			32.5142857142857	-19.1428571428571
			32.5714285714286	-19.0857142857143
			32.5714285714286	-19.0285714285714
			32.5714285714286	-18.9714285714286
			32.5714285714286	-18.9142857142857
			32.5714285714286	-18.8571428571429
			32.5714285714286	-18.8
			32.5714285714286	-18.7428571428571
			32.5714285714286	-18.6857142857143
			32.5714285714286	-18.6285714285714
			32.5714285714286	-18.5714285714286
			32.5714285714286	-18.5142857142857
			32.5714285714286	-18.4571428571429
			32.5714285714286	-18.4
			32.5714285714286	-18.3428571428571
			32.5714285714286	-18.2857142857143
			32.5714285714286	-18.2285714285714
			32.5714285714286	-18.1714285714286
			32.5714285714286	-18.1142857142857
			32.5714285714286	-18.0571428571429
			32.5714285714286	-18
			32.5714285714286	-17.9428571428571
			32.5714285714286	-17.8857142857143
			32.5714285714286	-17.8285714285714
			32.5714285714286	-17.7714285714286
			32.5714285714286	-17.7142857142857
			32.5142857142857	-17.6571428571429
			32.5142857142857	-17.6
			32.5142857142857	-17.5428571428571
			32.5142857142857	-17.4857142857143
			32.5142857142857	-17.4285714285714
			32.5142857142857	-17.3714285714286
			32.5142857142857	-17.3142857142857
			32.5142857142857	-17.2571428571429
			32.5142857142857	-17.2
			32.5142857142857	-17.1428571428571
			32.5142857142857	-17.0857142857143
			32.5142857142857	-17.0285714285714
			32.5142857142857	-16.9714285714286
			32.5142857142857	-16.9142857142857
			32.5142857142857	-16.8571428571429
			32.5142857142857	-16.8
			32.5142857142857	-16.7428571428571
			32.5142857142857	-16.6857142857143
			32.5142857142857	-16.6285714285714
			32.5142857142857	-16.5714285714286
			32.5142857142857	-16.5142857142857
			32.5142857142857	-16.4571428571429
			32.5142857142857	-16.4
			32.5142857142857	-16.3428571428571
			32.5142857142857	-16.2857142857143
			32.5142857142857	-16.2285714285714
			32.5142857142857	-16.1714285714286
			32.5142857142857	-16.1142857142857
			32.5142857142857	-16.0571428571429
			32.5142857142857	-16
			32.4571428571429	-15.9428571428571
			32.4571428571429	-15.8857142857143
			32.4571428571429	-15.8285714285714
			32.4571428571429	-15.7714285714286
			32.4571428571429	-15.7142857142857
			32.4571428571429	-15.6571428571429
			32.4571428571429	-15.6
			32.4571428571429	-15.5428571428571
			32.4571428571429	-15.4857142857143
			32.4571428571429	-15.4285714285714
			32.4571428571429	-15.3714285714286
			32.4571428571429	-15.3142857142857
			32.4571428571429	-15.2571428571429
			32.4571428571429	-15.2
			32.4	-15.2
			32.4	-15.1428571428571
			32.4	-15.0857142857143
			32.4	-15.0285714285714
			32.4	-14.9714285714286
			32.4	-14.9142857142857
			32.4	-14.8571428571429
			32.4	-14.8
			32.4	-14.7428571428571
			32.4	-14.6857142857143
			32.4	-14.6285714285714
			32.3428571428571	-14.5714285714286
			32.3428571428571	-14.5142857142857
			32.3428571428571	-14.4571428571429
			32.3428571428571	-14.4
		</posterior>
	</curves.scaled>
	<ruler.points type=matrix rownames=TRUE colnames=FALSE nrow=2 ncol=2 as.numeric=TRUE >
		Ruler point 1	465	23
		Ruler point 2	570	23
	</ruler.points>
</shapes>

