<shapes type=list>
	<ruler.pixel type=vector names=FALSE length=1 as.numeric=TRUE >88</ruler.pixel>
	<ruler.interval type=vector names=FALSE length=1 as.numeric=TRUE >16</ruler.interval>
	<scaling.units type=vector names=FALSE length=1 as.numeric=FALSE >mm</scaling.units>
	<scaling type=vector names=FALSE length=1 as.numeric=TRUE >0.181818181818182</scaling>
	<landmarks.pixel type=matrix rownames=TRUE colnames=FALSE nrow=16 ncol=2 as.numeric=TRUE >
		LM1	161	164
		LM2	161	169
		LM3	163	232
		LM4	163	246
		LM5	189	186
		LM6	178	234
		LM7	177	243
		LM8	187	202
		LM9	188	224
		LM10	161	164
		LM11	227	212
		LM12	241	221
		LM13	161	37
		LM14	211	210
		LM15	268	246
		LM16	301	385
	</landmarks.pixel>
	<landmarks.scaled type=matrix rownames=TRUE colnames=FALSE nrow=16 ncol=2 as.numeric=TRUE >
		LM1	29.2727272727273	-29.8181818181818
		LM2	29.2727272727273	-30.7272727272727
		LM3	29.6363636363636	-42.1818181818182
		LM4	29.6363636363636	-44.7272727272727
		LM5	34.3636363636364	-33.8181818181818
		LM6	32.3636363636364	-42.5454545454545
		LM7	32.1818181818182	-44.1818181818182
		LM8	34	-36.7272727272727
		LM9	34.1818181818182	-40.7272727272727
		LM10	29.2727272727273	-29.8181818181818
		LM11	41.2727272727273	-38.5454545454545
		LM12	43.8181818181818	-40.1818181818182
		LM13	29.2727272727273	-6.72727272727273
		LM14	38.3636363636364	-38.1818181818182
		LM15	48.7272727272727	-44.7272727272727
		LM16	54.7272727272727	-70
	</landmarks.scaled>
	<curves.control type=list>
		<glabella type=matrix rownames=FALSE colnames=FALSE nrow=11 ncol=2 as.numeric=TRUE >
			161	169
			179	166
			188	181
			193	185
			184	197
			182	200
			185	209
			181	215
			178	232
			180	239
			177	243
		</glabella>
		<suture type=matrix rownames=FALSE colnames=FALSE nrow=15 ncol=2 as.numeric=TRUE >
			161	164
			173	160
			193	184
			187	196
			188	200
			195	197
			206	207
			208	217
			200	219
			195	222
			188	223
			188	231
			209	223
			224	203
			241	221
		</suture>
		<anterior type=matrix rownames=FALSE colnames=FALSE nrow=15 ncol=2 as.numeric=TRUE >
			161	37
			173	31
			184	40
			172	41
			176	72
			176	100
			181	147
			181	161
			181	171
			215	180
			243	223
			248	227
			262	235
			268	240
			268	246
		</anterior>
		<posterior type=matrix rownames=FALSE colnames=FALSE nrow=15 ncol=2 as.numeric=TRUE >
			163	246
			175	243
			185	244
			221	244
			243	246
			260	245
			274	267
			290	292
			299	350
			300	367
			300	385
			312	356
			295	300
			285	269
			268	246
		</posterior>
	</curves.control>
	<curves.pixel type=list>
		<glabella type=matrix rownames=FALSE colnames=FALSE nrow=96 ncol=2 as.numeric=TRUE >
			161	169
			162	169
			163	169
			164	169
			165	169
			166	169
			167	169
			168	169
			169	169
			170	169
			171	169
			172	169
			173	169
			174	169
			175	170
			176	170
			177	170
			177	171
			178	171
			179	172
			180	172
			180	173
			181	173
			182	174
			183	174
			183	175
			184	176
			185	176
			185	177
			186	178
			187	179
			187	180
			188	180
			188	181
			189	182
			189	183
			190	184
			190	185
			190	186
			189	187
			189	188
			189	189
			188	190
			188	191
			187	192
			187	193
			186	194
			185	195
			185	196
			184	197
			184	198
			183	199
			183	200
			183	201
			183	202
			183	203
			184	204
			184	205
			184	206
			184	207
			185	208
			185	209
			184	210
			184	211
			183	212
			183	213
			183	214
			182	215
			182	216
			182	217
			181	218
			181	219
			181	220
			180	221
			180	222
			180	223
			180	224
			179	225
			179	226
			179	227
			179	228
			178	229
			178	230
			178	231
			178	232
			178	233
			179	234
			179	235
			179	236
			179	237
			179	238
			179	239
			178	240
			178	241
			178	242
			177	243
		</glabella>
		<suture type=matrix rownames=FALSE colnames=FALSE nrow=159 ncol=2 as.numeric=TRUE >
			161	164
			162	164
			163	164
			164	163
			165	163
			166	164
			167	164
			168	164
			169	164
			170	165
			171	165
			172	165
			173	166
			174	166
			175	167
			176	167
			177	168
			178	169
			179	170
			180	170
			181	171
			182	172
			183	173
			184	174
			185	175
			186	176
			187	177
			187	178
			188	179
			189	179
			190	180
			190	181
			191	182
			192	182
			192	183
			193	184
			193	185
			192	185
			192	186
			192	187
			191	188
			191	189
			190	190
			190	191
			189	192
			189	193
			189	194
			188	195
			188	196
			188	197
			188	198
			188	199
			188	200
			189	200
			190	199
			191	199
			192	199
			193	199
			194	200
			195	200
			196	200
			197	201
			198	201
			199	202
			200	203
			201	203
			202	204
			203	205
			204	205
			205	206
			206	207
			206	208
			206	209
			206	210
			206	211
			206	212
			206	213
			206	214
			206	215
			205	216
			204	217
			203	218
			202	218
			201	219
			200	219
			199	219
			198	220
			197	221
			196	221
			195	221
			194	222
			193	222
			192	222
			191	223
			190	223
			189	223
			188	223
			188	224
			188	225
			189	225
			189	226
			190	226
			191	227
			192	227
			193	227
			194	227
			195	227
			196	227
			197	227
			198	226
			199	226
			200	226
			201	226
			202	226
			202	225
			203	225
			204	225
			205	224
			206	224
			207	224
			208	223
			209	223
			210	222
			210	221
			211	220
			212	220
			213	219
			213	218
			214	217
			215	217
			215	216
			216	216
			217	215
			218	215
			218	214
			219	214
			220	214
			221	213
			222	213
			223	213
			224	213
			225	212
			226	212
			227	213
			228	213
			229	213
			230	213
			231	213
			232	214
			233	215
			234	215
			235	216
			236	216
			236	217
			237	217
			238	218
			239	219
			240	220
			241	221
		</suture>
		<anterior type=matrix rownames=FALSE colnames=FALSE nrow=265 ncol=2 as.numeric=TRUE >
			161	37
			162	37
			162	36
			163	36
			164	36
			165	35
			166	35
			167	35
			168	35
			169	35
			170	35
			171	35
			172	35
			173	35
			174	35
			175	35
			176	36
			177	36
			178	36
			179	37
			180	37
			181	38
			182	39
			183	39
			184	40
			183	40
			182	40
			181	41
			180	41
			179	42
			179	43
			178	43
			178	44
			177	45
			177	46
			176	47
			176	48
			176	49
			176	50
			175	51
			175	52
			175	53
			175	54
			175	55
			175	56
			175	57
			175	58
			175	59
			175	60
			175	61
			175	62
			175	63
			175	64
			175	65
			175	66
			175	67
			176	68
			176	69
			176	70
			176	71
			176	72
			176	73
			176	74
			176	75
			176	76
			176	77
			176	78
			176	79
			176	80
			176	81
			176	82
			176	83
			176	84
			176	85
			176	86
			176	87
			176	88
			176	89
			176	90
			176	91
			177	92
			177	93
			177	94
			177	95
			177	96
			177	97
			177	98
			177	99
			177	100
			177	101
			177	102
			177	103
			177	104
			177	105
			177	106
			177	107
			177	108
			178	109
			178	110
			178	111
			178	112
			178	113
			178	114
			178	115
			178	116
			178	117
			178	118
			178	119
			178	120
			179	121
			179	122
			179	123
			179	124
			179	125
			179	126
			179	127
			179	128
			179	129
			179	130
			179	131
			179	132
			180	133
			180	134
			180	135
			180	136
			180	137
			180	138
			180	139
			180	140
			180	141
			180	142
			181	143
			181	144
			181	145
			181	146
			181	147
			181	148
			181	149
			181	150
			181	151
			181	152
			181	153
			181	154
			181	155
			181	156
			181	157
			181	158
			181	159
			181	160
			181	161
			181	162
			181	163
			181	164
			181	165
			181	166
			181	167
			181	168
			181	169
			181	170
			181	171
			182	171
			183	172
			184	172
			185	172
			186	173
			187	173
			188	173
			189	174
			190	174
			191	175
			192	175
			193	175
			194	176
			195	176
			196	177
			197	177
			198	178
			199	178
			199	179
			200	179
			201	180
			202	180
			203	181
			204	181
			205	182
			206	183
			207	183
			207	184
			208	184
			209	185
			210	186
			211	186
			212	187
			213	188
			214	189
			215	190
			216	191
			217	192
			218	193
			219	194
			220	195
			221	196
			222	197
			223	198
			224	199
			225	199
			225	200
			226	201
			227	201
			227	202
			228	203
			229	204
			230	205
			231	206
			231	207
			232	208
			233	209
			234	210
			234	211
			235	212
			236	213
			237	214
			238	215
			238	216
			239	216
			239	217
			240	218
			240	219
			241	219
			241	220
			242	221
			242	222
			243	222
			243	223
			244	224
			245	224
			245	225
			246	226
			247	226
			248	226
			249	227
			250	228
			251	228
			252	229
			253	230
			254	230
			255	231
			256	232
			257	232
			258	233
			259	233
			260	234
			261	235
			262	235
			263	236
			264	237
			265	238
			266	239
			267	240
			267	241
			267	242
			268	243
			268	244
			268	245
			268	246
		</anterior>
		<posterior type=matrix rownames=FALSE colnames=FALSE nrow=382 ncol=2 as.numeric=TRUE >
			163	246
			164	246
			165	246
			166	245
			167	245
			168	245
			169	245
			170	245
			171	244
			172	244
			173	244
			174	244
			175	244
			176	244
			177	244
			178	244
			179	244
			180	244
			181	244
			182	244
			183	244
			184	244
			185	244
			186	244
			187	244
			188	244
			189	244
			190	244
			191	244
			192	244
			193	244
			194	244
			195	244
			196	244
			197	244
			198	244
			199	244
			200	244
			201	244
			202	244
			203	244
			204	244
			205	244
			206	244
			207	244
			208	244
			209	244
			210	244
			211	244
			212	244
			213	244
			214	244
			215	244
			216	244
			217	244
			218	245
			219	245
			220	245
			221	245
			222	245
			223	245
			224	245
			225	245
			226	245
			227	245
			228	245
			229	245
			230	245
			231	245
			232	245
			233	245
			234	245
			235	245
			236	245
			237	246
			238	246
			239	246
			240	246
			241	246
			242	246
			243	246
			244	246
			245	246
			246	246
			247	246
			248	246
			249	246
			250	247
			251	247
			252	247
			253	248
			254	248
			255	248
			256	249
			257	249
			258	250
			259	250
			259	251
			260	252
			261	252
			262	253
			263	254
			264	254
			265	255
			266	256
			266	257
			267	258
			268	259
			269	260
			270	261
			271	262
			271	263
			272	264
			273	265
			273	266
			274	267
			275	268
			275	269
			276	270
			276	271
			277	272
			277	273
			278	273
			278	274
			278	275
			279	275
			279	276
			280	277
			280	278
			280	279
			281	279
			281	280
			281	281
			282	282
			282	283
			282	284
			283	284
			283	285
			283	286
			284	287
			284	288
			284	289
			285	290
			285	291
			285	292
			286	293
			286	294
			287	295
			287	296
			287	297
			287	298
			288	298
			288	299
			288	300
			288	301
			289	301
			289	302
			289	303
			289	304
			290	305
			290	306
			290	307
			290	308
			291	309
			291	310
			291	311
			291	312
			292	313
			292	314
			292	315
			292	316
			293	317
			293	318
			293	319
			293	320
			294	321
			294	322
			294	323
			294	324
			295	325
			295	326
			295	327
			295	328
			295	329
			296	330
			296	331
			296	332
			296	333
			296	334
			296	335
			297	335
			297	336
			297	337
			297	338
			297	339
			297	340
			298	341
			298	342
			298	343
			298	344
			298	345
			298	346
			299	347
			299	348
			299	349
			299	350
			299	351
			299	352
			299	353
			299	354
			299	355
			299	356
			299	357
			299	358
			299	359
			300	360
			300	361
			300	362
			300	363
			300	364
			300	365
			300	366
			300	367
			300	368
			300	369
			300	370
			300	371
			300	372
			300	373
			300	374
			300	375
			300	376
			300	377
			300	378
			300	379
			300	380
			300	381
			300	382
			300	383
			300	384
			300	385
			301	384
			301	383
			301	382
			302	381
			302	380
			302	379
			302	378
			303	377
			303	376
			303	375
			303	374
			304	373
			304	372
			304	371
			304	370
			304	369
			304	368
			304	367
			305	366
			305	365
			305	364
			305	363
			305	362
			305	361
			305	360
			305	359
			305	358
			305	357
			305	356
			305	355
			305	354
			305	353
			305	352
			305	351
			305	350
			305	349
			305	348
			305	347
			304	346
			304	345
			304	344
			304	343
			304	342
			304	341
			304	340
			304	339
			304	338
			303	337
			303	336
			303	335
			303	334
			303	333
			303	332
			303	331
			302	330
			302	329
			302	328
			302	327
			302	326
			301	325
			301	324
			301	323
			301	322
			301	321
			300	320
			300	319
			300	318
			300	317
			299	316
			299	315
			299	314
			299	313
			298	312
			298	311
			298	310
			298	309
			297	308
			297	307
			297	306
			296	305
			296	304
			296	303
			296	302
			295	301
			295	300
			295	299
			294	298
			294	297
			294	296
			293	295
			293	294
			292	293
			292	292
			292	291
			291	290
			291	289
			291	288
			290	287
			290	286
			290	285
			289	285
			289	284
			289	283
			288	282
			288	281
			287	280
			287	279
			287	278
			286	277
			286	276
			285	275
			285	274
			284	273
			284	272
			283	271
			283	270
			282	269
			281	268
			281	267
			280	266
			280	265
			279	264
			279	263
			278	262
			278	261
			277	260
			276	259
			276	258
			275	257
			275	256
			274	255
			273	254
			273	253
			272	252
			272	251
			271	250
			270	249
			270	248
			269	247
			268	247
			268	246
		</posterior>
	</curves.pixel>
	<curves.scaled type=list>
		<glabella type=matrix rownames=FALSE colnames=FALSE nrow=96 ncol=2 as.numeric=TRUE >
			29.2727272727273	-30.7272727272727
			29.4545454545455	-30.7272727272727
			29.6363636363636	-30.7272727272727
			29.8181818181818	-30.7272727272727
			30	-30.7272727272727
			30.1818181818182	-30.7272727272727
			30.3636363636364	-30.7272727272727
			30.5454545454545	-30.7272727272727
			30.7272727272727	-30.7272727272727
			30.9090909090909	-30.7272727272727
			31.0909090909091	-30.7272727272727
			31.2727272727273	-30.7272727272727
			31.4545454545455	-30.7272727272727
			31.6363636363636	-30.7272727272727
			31.8181818181818	-30.9090909090909
			32	-30.9090909090909
			32.1818181818182	-30.9090909090909
			32.1818181818182	-31.0909090909091
			32.3636363636364	-31.0909090909091
			32.5454545454545	-31.2727272727273
			32.7272727272727	-31.2727272727273
			32.7272727272727	-31.4545454545455
			32.9090909090909	-31.4545454545455
			33.0909090909091	-31.6363636363636
			33.2727272727273	-31.6363636363636
			33.2727272727273	-31.8181818181818
			33.4545454545455	-32
			33.6363636363636	-32
			33.6363636363636	-32.1818181818182
			33.8181818181818	-32.3636363636364
			34	-32.5454545454545
			34	-32.7272727272727
			34.1818181818182	-32.7272727272727
			34.1818181818182	-32.9090909090909
			34.3636363636364	-33.0909090909091
			34.3636363636364	-33.2727272727273
			34.5454545454545	-33.4545454545455
			34.5454545454545	-33.6363636363636
			34.5454545454545	-33.8181818181818
			34.3636363636364	-34
			34.3636363636364	-34.1818181818182
			34.3636363636364	-34.3636363636364
			34.1818181818182	-34.5454545454545
			34.1818181818182	-34.7272727272727
			34	-34.9090909090909
			34	-35.0909090909091
			33.8181818181818	-35.2727272727273
			33.6363636363636	-35.4545454545455
			33.6363636363636	-35.6363636363636
			33.4545454545455	-35.8181818181818
			33.4545454545455	-36
			33.2727272727273	-36.1818181818182
			33.2727272727273	-36.3636363636364
			33.2727272727273	-36.5454545454545
			33.2727272727273	-36.7272727272727
			33.2727272727273	-36.9090909090909
			33.4545454545455	-37.0909090909091
			33.4545454545455	-37.2727272727273
			33.4545454545455	-37.4545454545455
			33.4545454545455	-37.6363636363636
			33.6363636363636	-37.8181818181818
			33.6363636363636	-38
			33.4545454545455	-38.1818181818182
			33.4545454545455	-38.3636363636364
			33.2727272727273	-38.5454545454545
			33.2727272727273	-38.7272727272727
			33.2727272727273	-38.9090909090909
			33.0909090909091	-39.0909090909091
			33.0909090909091	-39.2727272727273
			33.0909090909091	-39.4545454545455
			32.9090909090909	-39.6363636363636
			32.9090909090909	-39.8181818181818
			32.9090909090909	-40
			32.7272727272727	-40.1818181818182
			32.7272727272727	-40.3636363636364
			32.7272727272727	-40.5454545454545
			32.7272727272727	-40.7272727272727
			32.5454545454545	-40.9090909090909
			32.5454545454545	-41.0909090909091
			32.5454545454545	-41.2727272727273
			32.5454545454545	-41.4545454545455
			32.3636363636364	-41.6363636363636
			32.3636363636364	-41.8181818181818
			32.3636363636364	-42
			32.3636363636364	-42.1818181818182
			32.3636363636364	-42.3636363636364
			32.5454545454545	-42.5454545454545
			32.5454545454545	-42.7272727272727
			32.5454545454545	-42.9090909090909
			32.5454545454545	-43.0909090909091
			32.5454545454545	-43.2727272727273
			32.5454545454545	-43.4545454545455
			32.3636363636364	-43.6363636363636
			32.3636363636364	-43.8181818181818
			32.3636363636364	-44
			32.1818181818182	-44.1818181818182
		</glabella>
		<suture type=matrix rownames=FALSE colnames=FALSE nrow=159 ncol=2 as.numeric=TRUE >
			29.2727272727273	-29.8181818181818
			29.4545454545455	-29.8181818181818
			29.6363636363636	-29.8181818181818
			29.8181818181818	-29.6363636363636
			30	-29.6363636363636
			30.1818181818182	-29.8181818181818
			30.3636363636364	-29.8181818181818
			30.5454545454545	-29.8181818181818
			30.7272727272727	-29.8181818181818
			30.9090909090909	-30
			31.0909090909091	-30
			31.2727272727273	-30
			31.4545454545455	-30.1818181818182
			31.6363636363636	-30.1818181818182
			31.8181818181818	-30.3636363636364
			32	-30.3636363636364
			32.1818181818182	-30.5454545454545
			32.3636363636364	-30.7272727272727
			32.5454545454545	-30.9090909090909
			32.7272727272727	-30.9090909090909
			32.9090909090909	-31.0909090909091
			33.0909090909091	-31.2727272727273
			33.2727272727273	-31.4545454545455
			33.4545454545455	-31.6363636363636
			33.6363636363636	-31.8181818181818
			33.8181818181818	-32
			34	-32.1818181818182
			34	-32.3636363636364
			34.1818181818182	-32.5454545454545
			34.3636363636364	-32.5454545454545
			34.5454545454545	-32.7272727272727
			34.5454545454545	-32.9090909090909
			34.7272727272727	-33.0909090909091
			34.9090909090909	-33.0909090909091
			34.9090909090909	-33.2727272727273
			35.0909090909091	-33.4545454545455
			35.0909090909091	-33.6363636363636
			34.9090909090909	-33.6363636363636
			34.9090909090909	-33.8181818181818
			34.9090909090909	-34
			34.7272727272727	-34.1818181818182
			34.7272727272727	-34.3636363636364
			34.5454545454545	-34.5454545454545
			34.5454545454545	-34.7272727272727
			34.3636363636364	-34.9090909090909
			34.3636363636364	-35.0909090909091
			34.3636363636364	-35.2727272727273
			34.1818181818182	-35.4545454545455
			34.1818181818182	-35.6363636363636
			34.1818181818182	-35.8181818181818
			34.1818181818182	-36
			34.1818181818182	-36.1818181818182
			34.1818181818182	-36.3636363636364
			34.3636363636364	-36.3636363636364
			34.5454545454545	-36.1818181818182
			34.7272727272727	-36.1818181818182
			34.9090909090909	-36.1818181818182
			35.0909090909091	-36.1818181818182
			35.2727272727273	-36.3636363636364
			35.4545454545455	-36.3636363636364
			35.6363636363636	-36.3636363636364
			35.8181818181818	-36.5454545454545
			36	-36.5454545454545
			36.1818181818182	-36.7272727272727
			36.3636363636364	-36.9090909090909
			36.5454545454545	-36.9090909090909
			36.7272727272727	-37.0909090909091
			36.9090909090909	-37.2727272727273
			37.0909090909091	-37.2727272727273
			37.2727272727273	-37.4545454545455
			37.4545454545455	-37.6363636363636
			37.4545454545455	-37.8181818181818
			37.4545454545455	-38
			37.4545454545455	-38.1818181818182
			37.4545454545455	-38.3636363636364
			37.4545454545455	-38.5454545454545
			37.4545454545455	-38.7272727272727
			37.4545454545455	-38.9090909090909
			37.4545454545455	-39.0909090909091
			37.2727272727273	-39.2727272727273
			37.0909090909091	-39.4545454545455
			36.9090909090909	-39.6363636363636
			36.7272727272727	-39.6363636363636
			36.5454545454545	-39.8181818181818
			36.3636363636364	-39.8181818181818
			36.1818181818182	-39.8181818181818
			36	-40
			35.8181818181818	-40.1818181818182
			35.6363636363636	-40.1818181818182
			35.4545454545455	-40.1818181818182
			35.2727272727273	-40.3636363636364
			35.0909090909091	-40.3636363636364
			34.9090909090909	-40.3636363636364
			34.7272727272727	-40.5454545454545
			34.5454545454545	-40.5454545454545
			34.3636363636364	-40.5454545454545
			34.1818181818182	-40.5454545454545
			34.1818181818182	-40.7272727272727
			34.1818181818182	-40.9090909090909
			34.3636363636364	-40.9090909090909
			34.3636363636364	-41.0909090909091
			34.5454545454545	-41.0909090909091
			34.7272727272727	-41.2727272727273
			34.9090909090909	-41.2727272727273
			35.0909090909091	-41.2727272727273
			35.2727272727273	-41.2727272727273
			35.4545454545455	-41.2727272727273
			35.6363636363636	-41.2727272727273
			35.8181818181818	-41.2727272727273
			36	-41.0909090909091
			36.1818181818182	-41.0909090909091
			36.3636363636364	-41.0909090909091
			36.5454545454545	-41.0909090909091
			36.7272727272727	-41.0909090909091
			36.7272727272727	-40.9090909090909
			36.9090909090909	-40.9090909090909
			37.0909090909091	-40.9090909090909
			37.2727272727273	-40.7272727272727
			37.4545454545455	-40.7272727272727
			37.6363636363636	-40.7272727272727
			37.8181818181818	-40.5454545454545
			38	-40.5454545454545
			38.1818181818182	-40.3636363636364
			38.1818181818182	-40.1818181818182
			38.3636363636364	-40
			38.5454545454545	-40
			38.7272727272727	-39.8181818181818
			38.7272727272727	-39.6363636363636
			38.9090909090909	-39.4545454545455
			39.0909090909091	-39.4545454545455
			39.0909090909091	-39.2727272727273
			39.2727272727273	-39.2727272727273
			39.4545454545455	-39.0909090909091
			39.6363636363636	-39.0909090909091
			39.6363636363636	-38.9090909090909
			39.8181818181818	-38.9090909090909
			40	-38.9090909090909
			40.1818181818182	-38.7272727272727
			40.3636363636364	-38.7272727272727
			40.5454545454545	-38.7272727272727
			40.7272727272727	-38.7272727272727
			40.9090909090909	-38.5454545454545
			41.0909090909091	-38.5454545454545
			41.2727272727273	-38.7272727272727
			41.4545454545455	-38.7272727272727
			41.6363636363636	-38.7272727272727
			41.8181818181818	-38.7272727272727
			42	-38.7272727272727
			42.1818181818182	-38.9090909090909
			42.3636363636364	-39.0909090909091
			42.5454545454545	-39.0909090909091
			42.7272727272727	-39.2727272727273
			42.9090909090909	-39.2727272727273
			42.9090909090909	-39.4545454545455
			43.0909090909091	-39.4545454545455
			43.2727272727273	-39.6363636363636
			43.4545454545455	-39.8181818181818
			43.6363636363636	-40
			43.8181818181818	-40.1818181818182
		</suture>
		<anterior type=matrix rownames=FALSE colnames=FALSE nrow=265 ncol=2 as.numeric=TRUE >
			29.2727272727273	-6.72727272727273
			29.4545454545455	-6.72727272727273
			29.4545454545455	-6.54545454545455
			29.6363636363636	-6.54545454545455
			29.8181818181818	-6.54545454545455
			30	-6.36363636363636
			30.1818181818182	-6.36363636363636
			30.3636363636364	-6.36363636363636
			30.5454545454545	-6.36363636363636
			30.7272727272727	-6.36363636363636
			30.9090909090909	-6.36363636363636
			31.0909090909091	-6.36363636363636
			31.2727272727273	-6.36363636363636
			31.4545454545455	-6.36363636363636
			31.6363636363636	-6.36363636363636
			31.8181818181818	-6.36363636363636
			32	-6.54545454545455
			32.1818181818182	-6.54545454545455
			32.3636363636364	-6.54545454545455
			32.5454545454545	-6.72727272727273
			32.7272727272727	-6.72727272727273
			32.9090909090909	-6.90909090909091
			33.0909090909091	-7.09090909090909
			33.2727272727273	-7.09090909090909
			33.4545454545455	-7.27272727272727
			33.2727272727273	-7.27272727272727
			33.0909090909091	-7.27272727272727
			32.9090909090909	-7.45454545454546
			32.7272727272727	-7.45454545454546
			32.5454545454545	-7.63636363636364
			32.5454545454545	-7.81818181818182
			32.3636363636364	-7.81818181818182
			32.3636363636364	-8
			32.1818181818182	-8.18181818181818
			32.1818181818182	-8.36363636363636
			32	-8.54545454545454
			32	-8.72727272727273
			32	-8.90909090909091
			32	-9.09090909090909
			31.8181818181818	-9.27272727272727
			31.8181818181818	-9.45454545454546
			31.8181818181818	-9.63636363636364
			31.8181818181818	-9.81818181818182
			31.8181818181818	-10
			31.8181818181818	-10.1818181818182
			31.8181818181818	-10.3636363636364
			31.8181818181818	-10.5454545454545
			31.8181818181818	-10.7272727272727
			31.8181818181818	-10.9090909090909
			31.8181818181818	-11.0909090909091
			31.8181818181818	-11.2727272727273
			31.8181818181818	-11.4545454545455
			31.8181818181818	-11.6363636363636
			31.8181818181818	-11.8181818181818
			31.8181818181818	-12
			31.8181818181818	-12.1818181818182
			32	-12.3636363636364
			32	-12.5454545454545
			32	-12.7272727272727
			32	-12.9090909090909
			32	-13.0909090909091
			32	-13.2727272727273
			32	-13.4545454545455
			32	-13.6363636363636
			32	-13.8181818181818
			32	-14
			32	-14.1818181818182
			32	-14.3636363636364
			32	-14.5454545454545
			32	-14.7272727272727
			32	-14.9090909090909
			32	-15.0909090909091
			32	-15.2727272727273
			32	-15.4545454545455
			32	-15.6363636363636
			32	-15.8181818181818
			32	-16
			32	-16.1818181818182
			32	-16.3636363636364
			32	-16.5454545454545
			32.1818181818182	-16.7272727272727
			32.1818181818182	-16.9090909090909
			32.1818181818182	-17.0909090909091
			32.1818181818182	-17.2727272727273
			32.1818181818182	-17.4545454545455
			32.1818181818182	-17.6363636363636
			32.1818181818182	-17.8181818181818
			32.1818181818182	-18
			32.1818181818182	-18.1818181818182
			32.1818181818182	-18.3636363636364
			32.1818181818182	-18.5454545454545
			32.1818181818182	-18.7272727272727
			32.1818181818182	-18.9090909090909
			32.1818181818182	-19.0909090909091
			32.1818181818182	-19.2727272727273
			32.1818181818182	-19.4545454545455
			32.1818181818182	-19.6363636363636
			32.3636363636364	-19.8181818181818
			32.3636363636364	-20
			32.3636363636364	-20.1818181818182
			32.3636363636364	-20.3636363636364
			32.3636363636364	-20.5454545454545
			32.3636363636364	-20.7272727272727
			32.3636363636364	-20.9090909090909
			32.3636363636364	-21.0909090909091
			32.3636363636364	-21.2727272727273
			32.3636363636364	-21.4545454545455
			32.3636363636364	-21.6363636363636
			32.3636363636364	-21.8181818181818
			32.5454545454545	-22
			32.5454545454545	-22.1818181818182
			32.5454545454545	-22.3636363636364
			32.5454545454545	-22.5454545454545
			32.5454545454545	-22.7272727272727
			32.5454545454545	-22.9090909090909
			32.5454545454545	-23.0909090909091
			32.5454545454545	-23.2727272727273
			32.5454545454545	-23.4545454545455
			32.5454545454545	-23.6363636363636
			32.5454545454545	-23.8181818181818
			32.5454545454545	-24
			32.7272727272727	-24.1818181818182
			32.7272727272727	-24.3636363636364
			32.7272727272727	-24.5454545454545
			32.7272727272727	-24.7272727272727
			32.7272727272727	-24.9090909090909
			32.7272727272727	-25.0909090909091
			32.7272727272727	-25.2727272727273
			32.7272727272727	-25.4545454545455
			32.7272727272727	-25.6363636363636
			32.7272727272727	-25.8181818181818
			32.9090909090909	-26
			32.9090909090909	-26.1818181818182
			32.9090909090909	-26.3636363636364
			32.9090909090909	-26.5454545454545
			32.9090909090909	-26.7272727272727
			32.9090909090909	-26.9090909090909
			32.9090909090909	-27.0909090909091
			32.9090909090909	-27.2727272727273
			32.9090909090909	-27.4545454545455
			32.9090909090909	-27.6363636363636
			32.9090909090909	-27.8181818181818
			32.9090909090909	-28
			32.9090909090909	-28.1818181818182
			32.9090909090909	-28.3636363636364
			32.9090909090909	-28.5454545454545
			32.9090909090909	-28.7272727272727
			32.9090909090909	-28.9090909090909
			32.9090909090909	-29.0909090909091
			32.9090909090909	-29.2727272727273
			32.9090909090909	-29.4545454545455
			32.9090909090909	-29.6363636363636
			32.9090909090909	-29.8181818181818
			32.9090909090909	-30
			32.9090909090909	-30.1818181818182
			32.9090909090909	-30.3636363636364
			32.9090909090909	-30.5454545454545
			32.9090909090909	-30.7272727272727
			32.9090909090909	-30.9090909090909
			32.9090909090909	-31.0909090909091
			33.0909090909091	-31.0909090909091
			33.2727272727273	-31.2727272727273
			33.4545454545455	-31.2727272727273
			33.6363636363636	-31.2727272727273
			33.8181818181818	-31.4545454545455
			34	-31.4545454545455
			34.1818181818182	-31.4545454545455
			34.3636363636364	-31.6363636363636
			34.5454545454545	-31.6363636363636
			34.7272727272727	-31.8181818181818
			34.9090909090909	-31.8181818181818
			35.0909090909091	-31.8181818181818
			35.2727272727273	-32
			35.4545454545455	-32
			35.6363636363636	-32.1818181818182
			35.8181818181818	-32.1818181818182
			36	-32.3636363636364
			36.1818181818182	-32.3636363636364
			36.1818181818182	-32.5454545454545
			36.3636363636364	-32.5454545454545
			36.5454545454545	-32.7272727272727
			36.7272727272727	-32.7272727272727
			36.9090909090909	-32.9090909090909
			37.0909090909091	-32.9090909090909
			37.2727272727273	-33.0909090909091
			37.4545454545455	-33.2727272727273
			37.6363636363636	-33.2727272727273
			37.6363636363636	-33.4545454545455
			37.8181818181818	-33.4545454545455
			38	-33.6363636363636
			38.1818181818182	-33.8181818181818
			38.3636363636364	-33.8181818181818
			38.5454545454545	-34
			38.7272727272727	-34.1818181818182
			38.9090909090909	-34.3636363636364
			39.0909090909091	-34.5454545454545
			39.2727272727273	-34.7272727272727
			39.4545454545455	-34.9090909090909
			39.6363636363636	-35.0909090909091
			39.8181818181818	-35.2727272727273
			40	-35.4545454545455
			40.1818181818182	-35.6363636363636
			40.3636363636364	-35.8181818181818
			40.5454545454545	-36
			40.7272727272727	-36.1818181818182
			40.9090909090909	-36.1818181818182
			40.9090909090909	-36.3636363636364
			41.0909090909091	-36.5454545454545
			41.2727272727273	-36.5454545454545
			41.2727272727273	-36.7272727272727
			41.4545454545455	-36.9090909090909
			41.6363636363636	-37.0909090909091
			41.8181818181818	-37.2727272727273
			42	-37.4545454545455
			42	-37.6363636363636
			42.1818181818182	-37.8181818181818
			42.3636363636364	-38
			42.5454545454545	-38.1818181818182
			42.5454545454545	-38.3636363636364
			42.7272727272727	-38.5454545454545
			42.9090909090909	-38.7272727272727
			43.0909090909091	-38.9090909090909
			43.2727272727273	-39.0909090909091
			43.2727272727273	-39.2727272727273
			43.4545454545455	-39.2727272727273
			43.4545454545455	-39.4545454545455
			43.6363636363636	-39.6363636363636
			43.6363636363636	-39.8181818181818
			43.8181818181818	-39.8181818181818
			43.8181818181818	-40
			44	-40.1818181818182
			44	-40.3636363636364
			44.1818181818182	-40.3636363636364
			44.1818181818182	-40.5454545454545
			44.3636363636364	-40.7272727272727
			44.5454545454545	-40.7272727272727
			44.5454545454545	-40.9090909090909
			44.7272727272727	-41.0909090909091
			44.9090909090909	-41.0909090909091
			45.0909090909091	-41.0909090909091
			45.2727272727273	-41.2727272727273
			45.4545454545455	-41.4545454545455
			45.6363636363636	-41.4545454545455
			45.8181818181818	-41.6363636363636
			46	-41.8181818181818
			46.1818181818182	-41.8181818181818
			46.3636363636364	-42
			46.5454545454545	-42.1818181818182
			46.7272727272727	-42.1818181818182
			46.9090909090909	-42.3636363636364
			47.0909090909091	-42.3636363636364
			47.2727272727273	-42.5454545454545
			47.4545454545455	-42.7272727272727
			47.6363636363636	-42.7272727272727
			47.8181818181818	-42.9090909090909
			48	-43.0909090909091
			48.1818181818182	-43.2727272727273
			48.3636363636364	-43.4545454545455
			48.5454545454545	-43.6363636363636
			48.5454545454545	-43.8181818181818
			48.5454545454545	-44
			48.7272727272727	-44.1818181818182
			48.7272727272727	-44.3636363636364
			48.7272727272727	-44.5454545454545
			48.7272727272727	-44.7272727272727
		</anterior>
		<posterior type=matrix rownames=FALSE colnames=FALSE nrow=382 ncol=2 as.numeric=TRUE >
			29.6363636363636	-44.7272727272727
			29.8181818181818	-44.7272727272727
			30	-44.7272727272727
			30.1818181818182	-44.5454545454545
			30.3636363636364	-44.5454545454545
			30.5454545454545	-44.5454545454545
			30.7272727272727	-44.5454545454545
			30.9090909090909	-44.5454545454545
			31.0909090909091	-44.3636363636364
			31.2727272727273	-44.3636363636364
			31.4545454545455	-44.3636363636364
			31.6363636363636	-44.3636363636364
			31.8181818181818	-44.3636363636364
			32	-44.3636363636364
			32.1818181818182	-44.3636363636364
			32.3636363636364	-44.3636363636364
			32.5454545454545	-44.3636363636364
			32.7272727272727	-44.3636363636364
			32.9090909090909	-44.3636363636364
			33.0909090909091	-44.3636363636364
			33.2727272727273	-44.3636363636364
			33.4545454545455	-44.3636363636364
			33.6363636363636	-44.3636363636364
			33.8181818181818	-44.3636363636364
			34	-44.3636363636364
			34.1818181818182	-44.3636363636364
			34.3636363636364	-44.3636363636364
			34.5454545454545	-44.3636363636364
			34.7272727272727	-44.3636363636364
			34.9090909090909	-44.3636363636364
			35.0909090909091	-44.3636363636364
			35.2727272727273	-44.3636363636364
			35.4545454545455	-44.3636363636364
			35.6363636363636	-44.3636363636364
			35.8181818181818	-44.3636363636364
			36	-44.3636363636364
			36.1818181818182	-44.3636363636364
			36.3636363636364	-44.3636363636364
			36.5454545454545	-44.3636363636364
			36.7272727272727	-44.3636363636364
			36.9090909090909	-44.3636363636364
			37.0909090909091	-44.3636363636364
			37.2727272727273	-44.3636363636364
			37.4545454545455	-44.3636363636364
			37.6363636363636	-44.3636363636364
			37.8181818181818	-44.3636363636364
			38	-44.3636363636364
			38.1818181818182	-44.3636363636364
			38.3636363636364	-44.3636363636364
			38.5454545454545	-44.3636363636364
			38.7272727272727	-44.3636363636364
			38.9090909090909	-44.3636363636364
			39.0909090909091	-44.3636363636364
			39.2727272727273	-44.3636363636364
			39.4545454545455	-44.3636363636364
			39.6363636363636	-44.5454545454545
			39.8181818181818	-44.5454545454545
			40	-44.5454545454545
			40.1818181818182	-44.5454545454545
			40.3636363636364	-44.5454545454545
			40.5454545454545	-44.5454545454545
			40.7272727272727	-44.5454545454545
			40.9090909090909	-44.5454545454545
			41.0909090909091	-44.5454545454545
			41.2727272727273	-44.5454545454545
			41.4545454545455	-44.5454545454545
			41.6363636363636	-44.5454545454545
			41.8181818181818	-44.5454545454545
			42	-44.5454545454545
			42.1818181818182	-44.5454545454545
			42.3636363636364	-44.5454545454545
			42.5454545454545	-44.5454545454545
			42.7272727272727	-44.5454545454545
			42.9090909090909	-44.5454545454545
			43.0909090909091	-44.7272727272727
			43.2727272727273	-44.7272727272727
			43.4545454545455	-44.7272727272727
			43.6363636363636	-44.7272727272727
			43.8181818181818	-44.7272727272727
			44	-44.7272727272727
			44.1818181818182	-44.7272727272727
			44.3636363636364	-44.7272727272727
			44.5454545454545	-44.7272727272727
			44.7272727272727	-44.7272727272727
			44.9090909090909	-44.7272727272727
			45.0909090909091	-44.7272727272727
			45.2727272727273	-44.7272727272727
			45.4545454545455	-44.9090909090909
			45.6363636363636	-44.9090909090909
			45.8181818181818	-44.9090909090909
			46	-45.0909090909091
			46.1818181818182	-45.0909090909091
			46.3636363636364	-45.0909090909091
			46.5454545454545	-45.2727272727273
			46.7272727272727	-45.2727272727273
			46.9090909090909	-45.4545454545455
			47.0909090909091	-45.4545454545455
			47.0909090909091	-45.6363636363636
			47.2727272727273	-45.8181818181818
			47.4545454545455	-45.8181818181818
			47.6363636363636	-46
			47.8181818181818	-46.1818181818182
			48	-46.1818181818182
			48.1818181818182	-46.3636363636364
			48.3636363636364	-46.5454545454545
			48.3636363636364	-46.7272727272727
			48.5454545454545	-46.9090909090909
			48.7272727272727	-47.0909090909091
			48.9090909090909	-47.2727272727273
			49.0909090909091	-47.4545454545455
			49.2727272727273	-47.6363636363636
			49.2727272727273	-47.8181818181818
			49.4545454545455	-48
			49.6363636363636	-48.1818181818182
			49.6363636363636	-48.3636363636364
			49.8181818181818	-48.5454545454545
			50	-48.7272727272727
			50	-48.9090909090909
			50.1818181818182	-49.0909090909091
			50.1818181818182	-49.2727272727273
			50.3636363636364	-49.4545454545455
			50.3636363636364	-49.6363636363636
			50.5454545454545	-49.6363636363636
			50.5454545454545	-49.8181818181818
			50.5454545454545	-50
			50.7272727272727	-50
			50.7272727272727	-50.1818181818182
			50.9090909090909	-50.3636363636364
			50.9090909090909	-50.5454545454545
			50.9090909090909	-50.7272727272727
			51.0909090909091	-50.7272727272727
			51.0909090909091	-50.9090909090909
			51.0909090909091	-51.0909090909091
			51.2727272727273	-51.2727272727273
			51.2727272727273	-51.4545454545455
			51.2727272727273	-51.6363636363636
			51.4545454545455	-51.6363636363636
			51.4545454545455	-51.8181818181818
			51.4545454545455	-52
			51.6363636363636	-52.1818181818182
			51.6363636363636	-52.3636363636364
			51.6363636363636	-52.5454545454545
			51.8181818181818	-52.7272727272727
			51.8181818181818	-52.9090909090909
			51.8181818181818	-53.0909090909091
			52	-53.2727272727273
			52	-53.4545454545455
			52.1818181818182	-53.6363636363636
			52.1818181818182	-53.8181818181818
			52.1818181818182	-54
			52.1818181818182	-54.1818181818182
			52.3636363636364	-54.1818181818182
			52.3636363636364	-54.3636363636364
			52.3636363636364	-54.5454545454545
			52.3636363636364	-54.7272727272727
			52.5454545454545	-54.7272727272727
			52.5454545454545	-54.9090909090909
			52.5454545454545	-55.0909090909091
			52.5454545454545	-55.2727272727273
			52.7272727272727	-55.4545454545455
			52.7272727272727	-55.6363636363636
			52.7272727272727	-55.8181818181818
			52.7272727272727	-56
			52.9090909090909	-56.1818181818182
			52.9090909090909	-56.3636363636364
			52.9090909090909	-56.5454545454545
			52.9090909090909	-56.7272727272727
			53.0909090909091	-56.9090909090909
			53.0909090909091	-57.0909090909091
			53.0909090909091	-57.2727272727273
			53.0909090909091	-57.4545454545455
			53.2727272727273	-57.6363636363636
			53.2727272727273	-57.8181818181818
			53.2727272727273	-58
			53.2727272727273	-58.1818181818182
			53.4545454545455	-58.3636363636364
			53.4545454545455	-58.5454545454545
			53.4545454545455	-58.7272727272727
			53.4545454545455	-58.9090909090909
			53.6363636363636	-59.0909090909091
			53.6363636363636	-59.2727272727273
			53.6363636363636	-59.4545454545455
			53.6363636363636	-59.6363636363636
			53.6363636363636	-59.8181818181818
			53.8181818181818	-60
			53.8181818181818	-60.1818181818182
			53.8181818181818	-60.3636363636364
			53.8181818181818	-60.5454545454545
			53.8181818181818	-60.7272727272727
			53.8181818181818	-60.9090909090909
			54	-60.9090909090909
			54	-61.0909090909091
			54	-61.2727272727273
			54	-61.4545454545455
			54	-61.6363636363636
			54	-61.8181818181818
			54.1818181818182	-62
			54.1818181818182	-62.1818181818182
			54.1818181818182	-62.3636363636364
			54.1818181818182	-62.5454545454545
			54.1818181818182	-62.7272727272727
			54.1818181818182	-62.9090909090909
			54.3636363636364	-63.0909090909091
			54.3636363636364	-63.2727272727273
			54.3636363636364	-63.4545454545455
			54.3636363636364	-63.6363636363636
			54.3636363636364	-63.8181818181818
			54.3636363636364	-64
			54.3636363636364	-64.1818181818182
			54.3636363636364	-64.3636363636364
			54.3636363636364	-64.5454545454545
			54.3636363636364	-64.7272727272727
			54.3636363636364	-64.9090909090909
			54.3636363636364	-65.0909090909091
			54.3636363636364	-65.2727272727273
			54.5454545454545	-65.4545454545455
			54.5454545454545	-65.6363636363636
			54.5454545454545	-65.8181818181818
			54.5454545454545	-66
			54.5454545454545	-66.1818181818182
			54.5454545454545	-66.3636363636364
			54.5454545454545	-66.5454545454545
			54.5454545454545	-66.7272727272727
			54.5454545454545	-66.9090909090909
			54.5454545454545	-67.0909090909091
			54.5454545454545	-67.2727272727273
			54.5454545454545	-67.4545454545455
			54.5454545454545	-67.6363636363636
			54.5454545454545	-67.8181818181818
			54.5454545454545	-68
			54.5454545454545	-68.1818181818182
			54.5454545454545	-68.3636363636364
			54.5454545454545	-68.5454545454545
			54.5454545454545	-68.7272727272727
			54.5454545454545	-68.9090909090909
			54.5454545454545	-69.0909090909091
			54.5454545454545	-69.2727272727273
			54.5454545454545	-69.4545454545455
			54.5454545454545	-69.6363636363636
			54.5454545454545	-69.8181818181818
			54.5454545454545	-70
			54.7272727272727	-69.8181818181818
			54.7272727272727	-69.6363636363636
			54.7272727272727	-69.4545454545455
			54.9090909090909	-69.2727272727273
			54.9090909090909	-69.0909090909091
			54.9090909090909	-68.9090909090909
			54.9090909090909	-68.7272727272727
			55.0909090909091	-68.5454545454545
			55.0909090909091	-68.3636363636364
			55.0909090909091	-68.1818181818182
			55.0909090909091	-68
			55.2727272727273	-67.8181818181818
			55.2727272727273	-67.6363636363636
			55.2727272727273	-67.4545454545455
			55.2727272727273	-67.2727272727273
			55.2727272727273	-67.0909090909091
			55.2727272727273	-66.9090909090909
			55.2727272727273	-66.7272727272727
			55.4545454545455	-66.5454545454545
			55.4545454545455	-66.3636363636364
			55.4545454545455	-66.1818181818182
			55.4545454545455	-66
			55.4545454545455	-65.8181818181818
			55.4545454545455	-65.6363636363636
			55.4545454545455	-65.4545454545455
			55.4545454545455	-65.2727272727273
			55.4545454545455	-65.0909090909091
			55.4545454545455	-64.9090909090909
			55.4545454545455	-64.7272727272727
			55.4545454545455	-64.5454545454545
			55.4545454545455	-64.3636363636364
			55.4545454545455	-64.1818181818182
			55.4545454545455	-64
			55.4545454545455	-63.8181818181818
			55.4545454545455	-63.6363636363636
			55.4545454545455	-63.4545454545455
			55.4545454545455	-63.2727272727273
			55.4545454545455	-63.0909090909091
			55.2727272727273	-62.9090909090909
			55.2727272727273	-62.7272727272727
			55.2727272727273	-62.5454545454545
			55.2727272727273	-62.3636363636364
			55.2727272727273	-62.1818181818182
			55.2727272727273	-62
			55.2727272727273	-61.8181818181818
			55.2727272727273	-61.6363636363636
			55.2727272727273	-61.4545454545455
			55.0909090909091	-61.2727272727273
			55.0909090909091	-61.0909090909091
			55.0909090909091	-60.9090909090909
			55.0909090909091	-60.7272727272727
			55.0909090909091	-60.5454545454545
			55.0909090909091	-60.3636363636364
			55.0909090909091	-60.1818181818182
			54.9090909090909	-60
			54.9090909090909	-59.8181818181818
			54.9090909090909	-59.6363636363636
			54.9090909090909	-59.4545454545455
			54.9090909090909	-59.2727272727273
			54.7272727272727	-59.0909090909091
			54.7272727272727	-58.9090909090909
			54.7272727272727	-58.7272727272727
			54.7272727272727	-58.5454545454545
			54.7272727272727	-58.3636363636364
			54.5454545454545	-58.1818181818182
			54.5454545454545	-58
			54.5454545454545	-57.8181818181818
			54.5454545454545	-57.6363636363636
			54.3636363636364	-57.4545454545455
			54.3636363636364	-57.2727272727273
			54.3636363636364	-57.0909090909091
			54.3636363636364	-56.9090909090909
			54.1818181818182	-56.7272727272727
			54.1818181818182	-56.5454545454545
			54.1818181818182	-56.3636363636364
			54.1818181818182	-56.1818181818182
			54	-56
			54	-55.8181818181818
			54	-55.6363636363636
			53.8181818181818	-55.4545454545455
			53.8181818181818	-55.2727272727273
			53.8181818181818	-55.0909090909091
			53.8181818181818	-54.9090909090909
			53.6363636363636	-54.7272727272727
			53.6363636363636	-54.5454545454545
			53.6363636363636	-54.3636363636364
			53.4545454545455	-54.1818181818182
			53.4545454545455	-54
			53.4545454545455	-53.8181818181818
			53.2727272727273	-53.6363636363636
			53.2727272727273	-53.4545454545455
			53.0909090909091	-53.2727272727273
			53.0909090909091	-53.0909090909091
			53.0909090909091	-52.9090909090909
			52.9090909090909	-52.7272727272727
			52.9090909090909	-52.5454545454545
			52.9090909090909	-52.3636363636364
			52.7272727272727	-52.1818181818182
			52.7272727272727	-52
			52.7272727272727	-51.8181818181818
			52.5454545454545	-51.8181818181818
			52.5454545454545	-51.6363636363636
			52.5454545454545	-51.4545454545455
			52.3636363636364	-51.2727272727273
			52.3636363636364	-51.0909090909091
			52.1818181818182	-50.9090909090909
			52.1818181818182	-50.7272727272727
			52.1818181818182	-50.5454545454545
			52	-50.3636363636364
			52	-50.1818181818182
			51.8181818181818	-50
			51.8181818181818	-49.8181818181818
			51.6363636363636	-49.6363636363636
			51.6363636363636	-49.4545454545455
			51.4545454545455	-49.2727272727273
			51.4545454545455	-49.0909090909091
			51.2727272727273	-48.9090909090909
			51.0909090909091	-48.7272727272727
			51.0909090909091	-48.5454545454545
			50.9090909090909	-48.3636363636364
			50.9090909090909	-48.1818181818182
			50.7272727272727	-48
			50.7272727272727	-47.8181818181818
			50.5454545454545	-47.6363636363636
			50.5454545454545	-47.4545454545455
			50.3636363636364	-47.2727272727273
			50.1818181818182	-47.0909090909091
			50.1818181818182	-46.9090909090909
			50	-46.7272727272727
			50	-46.5454545454545
			49.8181818181818	-46.3636363636364
			49.6363636363636	-46.1818181818182
			49.6363636363636	-46
			49.4545454545455	-45.8181818181818
			49.4545454545455	-45.6363636363636
			49.2727272727273	-45.4545454545455
			49.0909090909091	-45.2727272727273
			49.0909090909091	-45.0909090909091
			48.9090909090909	-44.9090909090909
			48.7272727272727	-44.9090909090909
			48.7272727272727	-44.7272727272727
		</posterior>
	</curves.scaled>
	<ruler.points type=matrix rownames=TRUE colnames=FALSE nrow=2 ncol=2 as.numeric=TRUE >
		Ruler point 1	17	29
		Ruler point 2	105	29
	</ruler.points>
</shapes>

