<shapes type=list>
	<ruler.pixel type=vector names=FALSE length=1 as.numeric=TRUE >66</ruler.pixel>
	<ruler.interval type=vector names=FALSE length=1 as.numeric=TRUE >5</ruler.interval>
	<scaling.units type=vector names=FALSE length=1 as.numeric=FALSE >mm</scaling.units>
	<scaling type=vector names=FALSE length=1 as.numeric=TRUE >0.0757575757575758</scaling>
	<landmarks.pixel type=matrix rownames=TRUE colnames=FALSE nrow=16 ncol=2 as.numeric=TRUE >
		LM1	224	45
		LM2	223	92
		LM3	226	226
		LM4	226	263
		LM5	294	154
		LM6	266	240
		LM7	258	254
		LM8	302	170
		LM9	310	222
		LM10	222	89
		LM11	382	213
		LM12	409	224
		LM13	224	45
		LM14	358	187
		LM15	437	263
		LM16	464	390
	</landmarks.pixel>
	<landmarks.scaled type=matrix rownames=TRUE colnames=FALSE nrow=16 ncol=2 as.numeric=TRUE >
		LM1	16.969696969697	-3.40909090909091
		LM2	16.8939393939394	-6.96969696969697
		LM3	17.1212121212121	-17.1212121212121
		LM4	17.1212121212121	-19.9242424242424
		LM5	22.2727272727273	-11.6666666666667
		LM6	20.1515151515152	-18.1818181818182
		LM7	19.5454545454545	-19.2424242424242
		LM8	22.8787878787879	-12.8787878787879
		LM9	23.4848484848485	-16.8181818181818
		LM10	16.8181818181818	-6.74242424242424
		LM11	28.9393939393939	-16.1363636363636
		LM12	30.9848484848485	-16.969696969697
		LM13	16.969696969697	-3.40909090909091
		LM14	27.1212121212121	-14.1666666666667
		LM15	33.1060606060606	-19.9242424242424
		LM16	35.1515151515152	-29.5454545454545
	</landmarks.scaled>
	<curves.control type=list>
		<glabella type=matrix rownames=FALSE colnames=FALSE nrow=7 ncol=2 as.numeric=TRUE >
			223	92
			331	113
			281	199
			267	217
			266	242
			257	255
			258	254
		</glabella>
		<suture type=matrix rownames=FALSE colnames=FALSE nrow=11 ncol=2 as.numeric=TRUE >
			222	89
			298	98
			306	170
			328	176
			342	191
			345	209
			340	215
			330	225
			345	231
			381	197
			409	224
		</suture>
		<anterior type=matrix rownames=FALSE colnames=FALSE nrow=7 ncol=2 as.numeric=TRUE >
			224	45
			249	39
			279	70
			304	84
			291	105
			393	134
			437	263
		</anterior>
		<posterior type=matrix rownames=FALSE colnames=FALSE nrow=9 ncol=2 as.numeric=TRUE >
			226	263
			256	247
			309	258
			361	267
			409	269
			455	319
			464	390
			460	313
			437	263
		</posterior>
	</curves.control>
	<curves.pixel type=list>
		<glabella type=matrix rownames=FALSE colnames=FALSE nrow=206 ncol=2 as.numeric=TRUE >
			223	92
			224	92
			225	92
			226	93
			227	93
			228	93
			229	93
			230	94
			231	94
			232	94
			233	94
			234	95
			235	95
			236	95
			237	95
			238	96
			239	96
			240	96
			241	96
			242	97
			243	97
			244	97
			245	97
			246	98
			247	98
			248	98
			249	99
			250	99
			251	100
			252	100
			253	100
			254	101
			255	101
			256	101
			257	102
			258	102
			259	103
			260	103
			261	103
			262	104
			263	104
			264	105
			265	106
			266	106
			267	107
			268	107
			269	108
			270	108
			271	109
			272	109
			273	110
			274	111
			275	111
			276	112
			277	113
			278	114
			279	115
			280	115
			281	116
			282	117
			283	118
			284	119
			285	120
			286	121
			287	122
			288	123
			288	124
			289	125
			290	126
			290	127
			291	128
			291	129
			292	130
			293	131
			293	132
			293	133
			294	134
			294	135
			295	136
			295	137
			295	138
			295	139
			296	140
			296	141
			296	142
			296	143
			296	144
			296	145
			297	146
			297	147
			297	148
			297	149
			297	150
			297	151
			297	152
			297	153
			297	154
			297	155
			297	156
			297	157
			296	158
			296	159
			296	160
			296	161
			296	162
			296	163
			295	164
			295	165
			295	166
			295	167
			294	168
			294	169
			294	170
			294	171
			293	172
			293	173
			293	174
			292	175
			292	176
			291	177
			291	178
			291	179
			290	180
			290	181
			290	182
			289	182
			289	183
			289	184
			288	185
			288	186
			287	187
			287	188
			287	189
			286	189
			286	190
			285	191
			285	192
			285	193
			284	193
			284	194
			283	195
			283	196
			282	197
			282	198
			281	198
			281	199
			280	200
			279	201
			279	202
			278	203
			278	204
			277	205
			276	206
			275	207
			275	208
			274	209
			274	210
			273	211
			273	212
			272	213
			272	214
			272	215
			271	216
			271	217
			270	218
			270	219
			270	220
			269	221
			269	222
			269	223
			269	224
			268	225
			268	226
			268	227
			268	228
			267	229
			267	230
			267	231
			267	232
			267	233
			267	234
			267	235
			266	236
			266	237
			266	238
			266	239
			266	240
			266	241
			266	242
			266	243
			265	243
			265	244
			264	244
			264	245
			263	246
			263	247
			262	247
			262	248
			261	249
			261	250
			260	250
			260	251
			259	252
			259	253
			258	253
			258	254
		</glabella>
		<suture type=matrix rownames=FALSE colnames=FALSE nrow=271 ncol=2 as.numeric=TRUE >
			222	89
			223	89
			224	89
			225	89
			226	89
			227	90
			228	90
			229	90
			230	90
			231	90
			232	90
			232	91
			233	91
			234	91
			235	91
			236	91
			237	92
			238	92
			239	92
			240	92
			241	93
			242	93
			243	93
			244	93
			245	94
			246	94
			247	94
			248	94
			248	95
			249	95
			250	95
			251	95
			252	96
			253	96
			254	97
			255	97
			256	97
			257	98
			258	98
			259	99
			260	100
			261	100
			262	101
			263	101
			264	102
			265	102
			266	103
			267	103
			268	104
			269	105
			270	105
			271	106
			272	106
			273	107
			274	108
			275	108
			276	109
			276	110
			277	110
			278	111
			279	112
			280	113
			281	114
			282	115
			283	116
			284	117
			285	118
			286	119
			287	120
			287	121
			288	122
			289	123
			290	124
			290	125
			291	126
			292	127
			293	128
			293	129
			294	130
			294	131
			295	131
			295	132
			295	133
			296	134
			296	135
			297	136
			297	137
			298	138
			298	139
			298	140
			299	140
			299	141
			300	142
			300	143
			300	144
			301	145
			301	146
			301	147
			302	148
			302	149
			302	150
			302	151
			303	152
			303	153
			303	154
			303	155
			304	156
			304	157
			304	158
			304	159
			305	160
			305	161
			305	162
			305	163
			305	164
			305	165
			305	166
			306	167
			306	168
			306	169
			306	170
			307	170
			308	171
			309	171
			310	171
			311	172
			312	172
			313	172
			314	172
			314	173
			315	173
			316	173
			317	174
			318	174
			319	175
			320	175
			321	175
			321	176
			322	176
			323	176
			324	177
			325	178
			326	179
			327	179
			328	180
			329	180
			330	181
			331	181
			331	182
			332	182
			333	183
			334	184
			335	184
			335	185
			336	185
			337	186
			338	187
			339	188
			340	189
			341	190
			342	191
			342	192
			342	193
			342	194
			343	195
			343	196
			343	197
			343	198
			343	199
			343	200
			343	201
			343	202
			343	203
			343	204
			343	205
			343	206
			343	207
			343	208
			343	209
			342	210
			342	211
			342	212
			341	213
			341	214
			340	215
			339	216
			339	217
			338	218
			337	218
			337	219
			336	220
			336	221
			336	222
			336	223
			336	224
			337	225
			337	226
			338	227
			339	228
			340	229
			341	229
			342	230
			343	230
			344	231
			345	231
			346	230
			347	229
			348	228
			349	227
			350	227
			351	226
			352	225
			353	224
			354	224
			354	223
			355	222
			356	222
			357	221
			358	221
			359	220
			360	219
			361	219
			362	218
			363	217
			364	217
			365	216
			366	216
			367	215
			368	215
			369	215
			370	214
			371	214
			372	214
			373	213
			374	213
			375	213
			376	213
			377	213
			378	212
			379	212
			380	212
			381	212
			382	212
			383	212
			384	212
			385	212
			386	212
			387	212
			388	213
			389	213
			390	213
			391	213
			392	213
			393	214
			394	214
			395	215
			396	215
			397	215
			398	216
			399	216
			400	217
			401	217
			402	218
			403	219
			404	220
			405	221
			406	221
			407	222
			407	223
			408	223
			409	224
		</suture>
		<anterior type=matrix rownames=FALSE colnames=FALSE nrow=303 ncol=2 as.numeric=TRUE >
			224	45
			225	45
			226	45
			227	44
			228	44
			229	44
			230	44
			231	44
			232	44
			233	44
			234	44
			235	44
			236	44
			237	44
			238	44
			239	45
			240	45
			241	45
			242	45
			243	46
			244	46
			245	46
			246	47
			247	47
			248	47
			249	48
			250	48
			251	49
			252	49
			253	49
			253	50
			254	50
			255	50
			255	51
			256	51
			257	52
			258	52
			259	53
			260	54
			261	54
			262	55
			263	56
			264	57
			265	57
			266	58
			267	59
			268	60
			269	61
			270	61
			271	62
			272	63
			273	64
			274	65
			275	66
			276	67
			277	68
			278	69
			279	70
			280	71
			281	71
			282	72
			283	72
			284	73
			285	74
			286	75
			287	75
			288	76
			289	77
			289	78
			290	78
			291	79
			291	80
			292	81
			293	82
			293	83
			294	84
			294	85
			295	86
			295	87
			295	88
			295	89
			295	90
			295	91
			295	92
			295	93
			295	94
			295	95
			295	96
			295	97
			294	98
			294	99
			293	100
			293	101
			293	102
			292	103
			292	104
			291	105
			292	105
			293	106
			294	106
			295	106
			296	106
			297	107
			298	107
			299	107
			299	108
			300	108
			301	108
			302	109
			303	109
			304	109
			305	109
			306	110
			307	110
			308	111
			309	111
			310	112
			311	112
			312	112
			313	113
			314	113
			315	114
			316	114
			317	115
			318	115
			319	115
			320	116
			321	116
			322	117
			323	117
			324	118
			325	118
			326	119
			327	119
			328	120
			329	120
			330	121
			331	121
			332	122
			333	122
			334	123
			335	123
			335	124
			336	125
			337	125
			338	126
			339	126
			340	127
			341	127
			342	128
			343	129
			344	129
			345	130
			346	130
			346	131
			347	132
			348	132
			349	133
			350	133
			351	134
			352	135
			353	135
			353	136
			354	137
			355	137
			356	138
			357	139
			358	139
			359	140
			359	141
			360	142
			361	142
			362	143
			363	144
			364	144
			364	145
			365	146
			366	147
			367	147
			368	148
			368	149
			369	150
			370	150
			371	151
			372	152
			372	153
			373	154
			374	154
			375	155
			376	156
			376	157
			377	158
			378	158
			379	159
			379	160
			380	161
			381	162
			382	163
			383	164
			384	165
			385	166
			386	167
			387	168
			387	169
			388	170
			389	171
			390	172
			390	173
			391	174
			392	175
			392	176
			393	176
			394	177
			394	178
			395	179
			395	180
			396	180
			397	181
			397	182
			398	183
			398	184
			399	185
			399	186
			400	186
			401	187
			401	188
			402	189
			402	190
			403	191
			403	192
			404	192
			405	193
			405	194
			406	195
			406	196
			407	197
			407	198
			408	199
			408	200
			409	201
			410	202
			410	203
			411	203
			411	204
			412	205
			412	206
			413	207
			413	208
			414	209
			414	210
			415	211
			415	212
			416	213
			416	214
			417	215
			417	216
			418	217
			418	218
			419	219
			419	220
			420	221
			420	222
			421	223
			421	224
			422	225
			422	226
			423	227
			423	228
			424	229
			424	230
			425	231
			425	232
			426	233
			426	234
			426	235
			427	236
			427	237
			428	238
			428	239
			428	240
			429	241
			429	242
			430	243
			430	244
			430	245
			431	246
			431	247
			432	248
			432	249
			432	250
			433	251
			433	252
			433	253
			434	254
			434	255
			434	256
			435	257
			435	258
			436	259
			436	260
			436	261
			437	262
			437	263
		</anterior>
		<posterior type=matrix rownames=FALSE colnames=FALSE nrow=437 ncol=2 as.numeric=TRUE >
			226	263
			227	263
			227	262
			228	262
			229	262
			230	261
			231	261
			232	260
			233	260
			234	259
			235	259
			236	259
			237	258
			238	258
			239	258
			240	257
			241	257
			242	257
			243	257
			244	256
			245	256
			246	256
			247	256
			248	255
			249	255
			250	255
			251	255
			252	255
			253	255
			254	255
			255	254
			256	254
			257	254
			258	254
			259	254
			260	254
			261	254
			262	254
			263	254
			264	254
			265	254
			266	254
			267	254
			268	254
			269	254
			270	254
			271	254
			272	254
			273	254
			274	254
			275	254
			276	254
			277	254
			278	254
			279	254
			280	254
			281	254
			282	254
			283	254
			284	254
			285	254
			286	254
			287	254
			287	255
			288	255
			289	255
			290	255
			291	255
			292	255
			293	255
			294	255
			295	256
			296	256
			297	256
			298	256
			299	256
			300	256
			301	256
			302	257
			303	257
			304	257
			305	257
			306	257
			307	258
			308	258
			309	258
			310	258
			311	258
			312	258
			313	259
			314	259
			315	259
			316	259
			317	259
			318	259
			319	260
			320	260
			321	260
			322	260
			323	260
			324	260
			325	261
			326	261
			327	261
			328	261
			329	261
			330	261
			331	261
			332	262
			333	262
			334	262
			335	262
			336	262
			337	262
			338	263
			339	263
			340	263
			341	263
			342	263
			343	263
			344	263
			345	263
			346	264
			347	264
			348	264
			349	264
			350	264
			351	264
			352	264
			353	264
			354	265
			355	265
			356	265
			357	265
			358	265
			359	265
			360	265
			361	265
			362	265
			363	266
			364	266
			365	266
			366	266
			367	266
			368	266
			369	266
			370	266
			371	266
			372	266
			373	267
			374	267
			375	267
			376	267
			377	267
			378	267
			379	267
			380	267
			381	267
			382	267
			383	267
			384	267
			385	268
			386	268
			387	268
			388	268
			389	268
			390	268
			391	268
			392	268
			393	268
			394	268
			395	268
			396	268
			397	268
			398	268
			399	269
			400	269
			401	269
			402	269
			403	269
			404	269
			405	269
			406	269
			407	269
			408	269
			409	269
			410	270
			411	271
			412	272
			413	273
			414	274
			415	275
			416	276
			416	277
			417	278
			418	279
			419	280
			419	281
			420	282
			421	283
			422	284
			422	285
			423	286
			424	287
			425	288
			425	289
			426	290
			427	291
			427	292
			428	293
			429	294
			429	295
			430	296
			431	297
			431	298
			432	299
			432	300
			433	301
			434	302
			434	303
			435	304
			436	305
			436	306
			437	307
			437	308
			438	309
			438	310
			439	311
			440	312
			440	313
			441	314
			441	315
			442	316
			442	317
			443	318
			443	319
			444	320
			444	321
			445	322
			445	323
			446	324
			446	325
			447	326
			447	327
			447	328
			448	329
			448	330
			449	331
			449	332
			449	333
			450	333
			450	334
			450	335
			451	336
			451	337
			452	338
			452	339
			452	340
			453	341
			453	342
			453	343
			454	344
			454	345
			454	346
			455	347
			455	348
			455	349
			455	350
			456	351
			456	352
			456	353
			457	354
			457	355
			457	356
			457	357
			458	358
			458	359
			458	360
			459	361
			459	362
			459	363
			459	364
			460	365
			460	366
			460	367
			460	368
			460	369
			461	370
			461	371
			461	372
			461	373
			462	374
			462	375
			462	376
			462	377
			462	378
			462	379
			463	380
			463	381
			463	382
			463	383
			463	384
			463	385
			463	386
			464	387
			464	388
			464	389
			464	390
			464	389
			464	388
			464	387
			464	386
			464	385
			464	384
			464	383
			464	382
			463	381
			463	380
			463	379
			463	378
			463	377
			463	376
			463	375
			463	374
			463	373
			463	372
			463	371
			463	370
			462	369
			462	368
			462	367
			462	366
			462	365
			462	364
			462	363
			462	362
			462	361
			462	360
			461	359
			461	358
			461	357
			461	356
			461	355
			461	354
			461	353
			461	352
			461	351
			460	350
			460	349
			460	348
			460	347
			460	346
			460	345
			460	344
			459	343
			459	342
			459	341
			459	340
			459	339
			459	338
			458	337
			458	336
			458	335
			458	334
			458	333
			458	332
			457	331
			457	330
			457	329
			457	328
			457	327
			457	326
			456	325
			456	324
			456	323
			456	322
			456	321
			455	320
			455	319
			455	318
			455	317
			454	316
			454	315
			454	314
			454	313
			454	312
			453	311
			453	310
			453	309
			452	308
			452	307
			452	306
			452	305
			451	304
			451	303
			451	302
			451	301
			451	300
			450	300
			450	299
			450	298
			450	297
			449	297
			449	296
			449	295
			449	294
			448	293
			448	292
			448	291
			447	290
			447	289
			447	288
			447	287
			446	286
			446	285
			445	284
			445	283
			445	282
			444	281
			444	280
			443	279
			443	278
			443	277
			442	276
			442	275
			442	274
			441	273
			441	272
			440	271
			440	270
			440	269
			439	268
			439	267
			438	266
			438	265
			438	264
			437	263
		</posterior>
	</curves.pixel>
	<curves.scaled type=list>
		<glabella type=matrix rownames=FALSE colnames=FALSE nrow=206 ncol=2 as.numeric=TRUE >
			16.8939393939394	-6.96969696969697
			16.969696969697	-6.96969696969697
			17.0454545454545	-6.96969696969697
			17.1212121212121	-7.04545454545455
			17.1969696969697	-7.04545454545455
			17.2727272727273	-7.04545454545455
			17.3484848484848	-7.04545454545455
			17.4242424242424	-7.12121212121212
			17.5	-7.12121212121212
			17.5757575757576	-7.12121212121212
			17.6515151515152	-7.12121212121212
			17.7272727272727	-7.1969696969697
			17.8030303030303	-7.1969696969697
			17.8787878787879	-7.1969696969697
			17.9545454545455	-7.1969696969697
			18.030303030303	-7.27272727272727
			18.1060606060606	-7.27272727272727
			18.1818181818182	-7.27272727272727
			18.2575757575758	-7.27272727272727
			18.3333333333333	-7.34848484848485
			18.4090909090909	-7.34848484848485
			18.4848484848485	-7.34848484848485
			18.5606060606061	-7.34848484848485
			18.6363636363636	-7.42424242424242
			18.7121212121212	-7.42424242424242
			18.7878787878788	-7.42424242424242
			18.8636363636364	-7.5
			18.9393939393939	-7.5
			19.0151515151515	-7.57575757575758
			19.0909090909091	-7.57575757575758
			19.1666666666667	-7.57575757575758
			19.2424242424242	-7.65151515151515
			19.3181818181818	-7.65151515151515
			19.3939393939394	-7.65151515151515
			19.469696969697	-7.72727272727273
			19.5454545454545	-7.72727272727273
			19.6212121212121	-7.8030303030303
			19.6969696969697	-7.8030303030303
			19.7727272727273	-7.8030303030303
			19.8484848484848	-7.87878787878788
			19.9242424242424	-7.87878787878788
			20	-7.95454545454546
			20.0757575757576	-8.03030303030303
			20.1515151515152	-8.03030303030303
			20.2272727272727	-8.10606060606061
			20.3030303030303	-8.10606060606061
			20.3787878787879	-8.18181818181818
			20.4545454545455	-8.18181818181818
			20.530303030303	-8.25757575757576
			20.6060606060606	-8.25757575757576
			20.6818181818182	-8.33333333333333
			20.7575757575758	-8.40909090909091
			20.8333333333333	-8.40909090909091
			20.9090909090909	-8.48484848484848
			20.9848484848485	-8.56060606060606
			21.0606060606061	-8.63636363636364
			21.1363636363636	-8.71212121212121
			21.2121212121212	-8.71212121212121
			21.2878787878788	-8.78787878787879
			21.3636363636364	-8.86363636363636
			21.4393939393939	-8.93939393939394
			21.5151515151515	-9.01515151515152
			21.5909090909091	-9.09090909090909
			21.6666666666667	-9.16666666666667
			21.7424242424242	-9.24242424242424
			21.8181818181818	-9.31818181818182
			21.8181818181818	-9.39393939393939
			21.8939393939394	-9.46969696969697
			21.969696969697	-9.54545454545454
			21.969696969697	-9.62121212121212
			22.0454545454545	-9.6969696969697
			22.0454545454545	-9.77272727272727
			22.1212121212121	-9.84848484848485
			22.1969696969697	-9.92424242424242
			22.1969696969697	-10
			22.1969696969697	-10.0757575757576
			22.2727272727273	-10.1515151515152
			22.2727272727273	-10.2272727272727
			22.3484848484848	-10.3030303030303
			22.3484848484848	-10.3787878787879
			22.3484848484848	-10.4545454545455
			22.3484848484848	-10.530303030303
			22.4242424242424	-10.6060606060606
			22.4242424242424	-10.6818181818182
			22.4242424242424	-10.7575757575758
			22.4242424242424	-10.8333333333333
			22.4242424242424	-10.9090909090909
			22.4242424242424	-10.9848484848485
			22.5	-11.0606060606061
			22.5	-11.1363636363636
			22.5	-11.2121212121212
			22.5	-11.2878787878788
			22.5	-11.3636363636364
			22.5	-11.4393939393939
			22.5	-11.5151515151515
			22.5	-11.5909090909091
			22.5	-11.6666666666667
			22.5	-11.7424242424242
			22.5	-11.8181818181818
			22.5	-11.8939393939394
			22.4242424242424	-11.969696969697
			22.4242424242424	-12.0454545454545
			22.4242424242424	-12.1212121212121
			22.4242424242424	-12.1969696969697
			22.4242424242424	-12.2727272727273
			22.4242424242424	-12.3484848484848
			22.3484848484848	-12.4242424242424
			22.3484848484848	-12.5
			22.3484848484848	-12.5757575757576
			22.3484848484848	-12.6515151515152
			22.2727272727273	-12.7272727272727
			22.2727272727273	-12.8030303030303
			22.2727272727273	-12.8787878787879
			22.2727272727273	-12.9545454545455
			22.1969696969697	-13.030303030303
			22.1969696969697	-13.1060606060606
			22.1969696969697	-13.1818181818182
			22.1212121212121	-13.2575757575758
			22.1212121212121	-13.3333333333333
			22.0454545454545	-13.4090909090909
			22.0454545454545	-13.4848484848485
			22.0454545454545	-13.5606060606061
			21.969696969697	-13.6363636363636
			21.969696969697	-13.7121212121212
			21.969696969697	-13.7878787878788
			21.8939393939394	-13.7878787878788
			21.8939393939394	-13.8636363636364
			21.8939393939394	-13.9393939393939
			21.8181818181818	-14.0151515151515
			21.8181818181818	-14.0909090909091
			21.7424242424242	-14.1666666666667
			21.7424242424242	-14.2424242424242
			21.7424242424242	-14.3181818181818
			21.6666666666667	-14.3181818181818
			21.6666666666667	-14.3939393939394
			21.5909090909091	-14.469696969697
			21.5909090909091	-14.5454545454545
			21.5909090909091	-14.6212121212121
			21.5151515151515	-14.6212121212121
			21.5151515151515	-14.6969696969697
			21.4393939393939	-14.7727272727273
			21.4393939393939	-14.8484848484848
			21.3636363636364	-14.9242424242424
			21.3636363636364	-15
			21.2878787878788	-15
			21.2878787878788	-15.0757575757576
			21.2121212121212	-15.1515151515152
			21.1363636363636	-15.2272727272727
			21.1363636363636	-15.3030303030303
			21.0606060606061	-15.3787878787879
			21.0606060606061	-15.4545454545455
			20.9848484848485	-15.530303030303
			20.9090909090909	-15.6060606060606
			20.8333333333333	-15.6818181818182
			20.8333333333333	-15.7575757575758
			20.7575757575758	-15.8333333333333
			20.7575757575758	-15.9090909090909
			20.6818181818182	-15.9848484848485
			20.6818181818182	-16.0606060606061
			20.6060606060606	-16.1363636363636
			20.6060606060606	-16.2121212121212
			20.6060606060606	-16.2878787878788
			20.530303030303	-16.3636363636364
			20.530303030303	-16.4393939393939
			20.4545454545455	-16.5151515151515
			20.4545454545455	-16.5909090909091
			20.4545454545455	-16.6666666666667
			20.3787878787879	-16.7424242424242
			20.3787878787879	-16.8181818181818
			20.3787878787879	-16.8939393939394
			20.3787878787879	-16.969696969697
			20.3030303030303	-17.0454545454545
			20.3030303030303	-17.1212121212121
			20.3030303030303	-17.1969696969697
			20.3030303030303	-17.2727272727273
			20.2272727272727	-17.3484848484848
			20.2272727272727	-17.4242424242424
			20.2272727272727	-17.5
			20.2272727272727	-17.5757575757576
			20.2272727272727	-17.6515151515152
			20.2272727272727	-17.7272727272727
			20.2272727272727	-17.8030303030303
			20.1515151515152	-17.8787878787879
			20.1515151515152	-17.9545454545455
			20.1515151515152	-18.030303030303
			20.1515151515152	-18.1060606060606
			20.1515151515152	-18.1818181818182
			20.1515151515152	-18.2575757575758
			20.1515151515152	-18.3333333333333
			20.1515151515152	-18.4090909090909
			20.0757575757576	-18.4090909090909
			20.0757575757576	-18.4848484848485
			20	-18.4848484848485
			20	-18.5606060606061
			19.9242424242424	-18.6363636363636
			19.9242424242424	-18.7121212121212
			19.8484848484848	-18.7121212121212
			19.8484848484848	-18.7878787878788
			19.7727272727273	-18.8636363636364
			19.7727272727273	-18.9393939393939
			19.6969696969697	-18.9393939393939
			19.6969696969697	-19.0151515151515
			19.6212121212121	-19.0909090909091
			19.6212121212121	-19.1666666666667
			19.5454545454545	-19.1666666666667
			19.5454545454545	-19.2424242424242
		</glabella>
		<suture type=matrix rownames=FALSE colnames=FALSE nrow=271 ncol=2 as.numeric=TRUE >
			16.8181818181818	-6.74242424242424
			16.8939393939394	-6.74242424242424
			16.969696969697	-6.74242424242424
			17.0454545454545	-6.74242424242424
			17.1212121212121	-6.74242424242424
			17.1969696969697	-6.81818181818182
			17.2727272727273	-6.81818181818182
			17.3484848484848	-6.81818181818182
			17.4242424242424	-6.81818181818182
			17.5	-6.81818181818182
			17.5757575757576	-6.81818181818182
			17.5757575757576	-6.89393939393939
			17.6515151515152	-6.89393939393939
			17.7272727272727	-6.89393939393939
			17.8030303030303	-6.89393939393939
			17.8787878787879	-6.89393939393939
			17.9545454545455	-6.96969696969697
			18.030303030303	-6.96969696969697
			18.1060606060606	-6.96969696969697
			18.1818181818182	-6.96969696969697
			18.2575757575758	-7.04545454545455
			18.3333333333333	-7.04545454545455
			18.4090909090909	-7.04545454545455
			18.4848484848485	-7.04545454545455
			18.5606060606061	-7.12121212121212
			18.6363636363636	-7.12121212121212
			18.7121212121212	-7.12121212121212
			18.7878787878788	-7.12121212121212
			18.7878787878788	-7.1969696969697
			18.8636363636364	-7.1969696969697
			18.9393939393939	-7.1969696969697
			19.0151515151515	-7.1969696969697
			19.0909090909091	-7.27272727272727
			19.1666666666667	-7.27272727272727
			19.2424242424242	-7.34848484848485
			19.3181818181818	-7.34848484848485
			19.3939393939394	-7.34848484848485
			19.469696969697	-7.42424242424242
			19.5454545454545	-7.42424242424242
			19.6212121212121	-7.5
			19.6969696969697	-7.57575757575758
			19.7727272727273	-7.57575757575758
			19.8484848484848	-7.65151515151515
			19.9242424242424	-7.65151515151515
			20	-7.72727272727273
			20.0757575757576	-7.72727272727273
			20.1515151515152	-7.8030303030303
			20.2272727272727	-7.8030303030303
			20.3030303030303	-7.87878787878788
			20.3787878787879	-7.95454545454546
			20.4545454545455	-7.95454545454546
			20.530303030303	-8.03030303030303
			20.6060606060606	-8.03030303030303
			20.6818181818182	-8.10606060606061
			20.7575757575758	-8.18181818181818
			20.8333333333333	-8.18181818181818
			20.9090909090909	-8.25757575757576
			20.9090909090909	-8.33333333333333
			20.9848484848485	-8.33333333333333
			21.0606060606061	-8.40909090909091
			21.1363636363636	-8.48484848484848
			21.2121212121212	-8.56060606060606
			21.2878787878788	-8.63636363636364
			21.3636363636364	-8.71212121212121
			21.4393939393939	-8.78787878787879
			21.5151515151515	-8.86363636363636
			21.5909090909091	-8.93939393939394
			21.6666666666667	-9.01515151515152
			21.7424242424242	-9.09090909090909
			21.7424242424242	-9.16666666666667
			21.8181818181818	-9.24242424242424
			21.8939393939394	-9.31818181818182
			21.969696969697	-9.39393939393939
			21.969696969697	-9.46969696969697
			22.0454545454545	-9.54545454545454
			22.1212121212121	-9.62121212121212
			22.1969696969697	-9.6969696969697
			22.1969696969697	-9.77272727272727
			22.2727272727273	-9.84848484848485
			22.2727272727273	-9.92424242424242
			22.3484848484848	-9.92424242424242
			22.3484848484848	-10
			22.3484848484848	-10.0757575757576
			22.4242424242424	-10.1515151515152
			22.4242424242424	-10.2272727272727
			22.5	-10.3030303030303
			22.5	-10.3787878787879
			22.5757575757576	-10.4545454545455
			22.5757575757576	-10.530303030303
			22.5757575757576	-10.6060606060606
			22.6515151515152	-10.6060606060606
			22.6515151515152	-10.6818181818182
			22.7272727272727	-10.7575757575758
			22.7272727272727	-10.8333333333333
			22.7272727272727	-10.9090909090909
			22.8030303030303	-10.9848484848485
			22.8030303030303	-11.0606060606061
			22.8030303030303	-11.1363636363636
			22.8787878787879	-11.2121212121212
			22.8787878787879	-11.2878787878788
			22.8787878787879	-11.3636363636364
			22.8787878787879	-11.4393939393939
			22.9545454545455	-11.5151515151515
			22.9545454545455	-11.5909090909091
			22.9545454545455	-11.6666666666667
			22.9545454545455	-11.7424242424242
			23.030303030303	-11.8181818181818
			23.030303030303	-11.8939393939394
			23.030303030303	-11.969696969697
			23.030303030303	-12.0454545454545
			23.1060606060606	-12.1212121212121
			23.1060606060606	-12.1969696969697
			23.1060606060606	-12.2727272727273
			23.1060606060606	-12.3484848484848
			23.1060606060606	-12.4242424242424
			23.1060606060606	-12.5
			23.1060606060606	-12.5757575757576
			23.1818181818182	-12.6515151515152
			23.1818181818182	-12.7272727272727
			23.1818181818182	-12.8030303030303
			23.1818181818182	-12.8787878787879
			23.2575757575758	-12.8787878787879
			23.3333333333333	-12.9545454545455
			23.4090909090909	-12.9545454545455
			23.4848484848485	-12.9545454545455
			23.5606060606061	-13.030303030303
			23.6363636363636	-13.030303030303
			23.7121212121212	-13.030303030303
			23.7878787878788	-13.030303030303
			23.7878787878788	-13.1060606060606
			23.8636363636364	-13.1060606060606
			23.9393939393939	-13.1060606060606
			24.0151515151515	-13.1818181818182
			24.0909090909091	-13.1818181818182
			24.1666666666667	-13.2575757575758
			24.2424242424242	-13.2575757575758
			24.3181818181818	-13.2575757575758
			24.3181818181818	-13.3333333333333
			24.3939393939394	-13.3333333333333
			24.469696969697	-13.3333333333333
			24.5454545454545	-13.4090909090909
			24.6212121212121	-13.4848484848485
			24.6969696969697	-13.5606060606061
			24.7727272727273	-13.5606060606061
			24.8484848484848	-13.6363636363636
			24.9242424242424	-13.6363636363636
			25	-13.7121212121212
			25.0757575757576	-13.7121212121212
			25.0757575757576	-13.7878787878788
			25.1515151515152	-13.7878787878788
			25.2272727272727	-13.8636363636364
			25.3030303030303	-13.9393939393939
			25.3787878787879	-13.9393939393939
			25.3787878787879	-14.0151515151515
			25.4545454545455	-14.0151515151515
			25.530303030303	-14.0909090909091
			25.6060606060606	-14.1666666666667
			25.6818181818182	-14.2424242424242
			25.7575757575758	-14.3181818181818
			25.8333333333333	-14.3939393939394
			25.9090909090909	-14.469696969697
			25.9090909090909	-14.5454545454545
			25.9090909090909	-14.6212121212121
			25.9090909090909	-14.6969696969697
			25.9848484848485	-14.7727272727273
			25.9848484848485	-14.8484848484848
			25.9848484848485	-14.9242424242424
			25.9848484848485	-15
			25.9848484848485	-15.0757575757576
			25.9848484848485	-15.1515151515152
			25.9848484848485	-15.2272727272727
			25.9848484848485	-15.3030303030303
			25.9848484848485	-15.3787878787879
			25.9848484848485	-15.4545454545455
			25.9848484848485	-15.530303030303
			25.9848484848485	-15.6060606060606
			25.9848484848485	-15.6818181818182
			25.9848484848485	-15.7575757575758
			25.9848484848485	-15.8333333333333
			25.9090909090909	-15.9090909090909
			25.9090909090909	-15.9848484848485
			25.9090909090909	-16.0606060606061
			25.8333333333333	-16.1363636363636
			25.8333333333333	-16.2121212121212
			25.7575757575758	-16.2878787878788
			25.6818181818182	-16.3636363636364
			25.6818181818182	-16.4393939393939
			25.6060606060606	-16.5151515151515
			25.530303030303	-16.5151515151515
			25.530303030303	-16.5909090909091
			25.4545454545455	-16.6666666666667
			25.4545454545455	-16.7424242424242
			25.4545454545455	-16.8181818181818
			25.4545454545455	-16.8939393939394
			25.4545454545455	-16.969696969697
			25.530303030303	-17.0454545454545
			25.530303030303	-17.1212121212121
			25.6060606060606	-17.1969696969697
			25.6818181818182	-17.2727272727273
			25.7575757575758	-17.3484848484848
			25.8333333333333	-17.3484848484848
			25.9090909090909	-17.4242424242424
			25.9848484848485	-17.4242424242424
			26.0606060606061	-17.5
			26.1363636363636	-17.5
			26.2121212121212	-17.4242424242424
			26.2878787878788	-17.3484848484848
			26.3636363636364	-17.2727272727273
			26.4393939393939	-17.1969696969697
			26.5151515151515	-17.1969696969697
			26.5909090909091	-17.1212121212121
			26.6666666666667	-17.0454545454545
			26.7424242424242	-16.969696969697
			26.8181818181818	-16.969696969697
			26.8181818181818	-16.8939393939394
			26.8939393939394	-16.8181818181818
			26.969696969697	-16.8181818181818
			27.0454545454545	-16.7424242424242
			27.1212121212121	-16.7424242424242
			27.1969696969697	-16.6666666666667
			27.2727272727273	-16.5909090909091
			27.3484848484848	-16.5909090909091
			27.4242424242424	-16.5151515151515
			27.5	-16.4393939393939
			27.5757575757576	-16.4393939393939
			27.6515151515152	-16.3636363636364
			27.7272727272727	-16.3636363636364
			27.8030303030303	-16.2878787878788
			27.8787878787879	-16.2878787878788
			27.9545454545455	-16.2878787878788
			28.030303030303	-16.2121212121212
			28.1060606060606	-16.2121212121212
			28.1818181818182	-16.2121212121212
			28.2575757575758	-16.1363636363636
			28.3333333333333	-16.1363636363636
			28.4090909090909	-16.1363636363636
			28.4848484848485	-16.1363636363636
			28.5606060606061	-16.1363636363636
			28.6363636363636	-16.0606060606061
			28.7121212121212	-16.0606060606061
			28.7878787878788	-16.0606060606061
			28.8636363636364	-16.0606060606061
			28.9393939393939	-16.0606060606061
			29.0151515151515	-16.0606060606061
			29.0909090909091	-16.0606060606061
			29.1666666666667	-16.0606060606061
			29.2424242424242	-16.0606060606061
			29.3181818181818	-16.0606060606061
			29.3939393939394	-16.1363636363636
			29.469696969697	-16.1363636363636
			29.5454545454545	-16.1363636363636
			29.6212121212121	-16.1363636363636
			29.6969696969697	-16.1363636363636
			29.7727272727273	-16.2121212121212
			29.8484848484848	-16.2121212121212
			29.9242424242424	-16.2878787878788
			30	-16.2878787878788
			30.0757575757576	-16.2878787878788
			30.1515151515152	-16.3636363636364
			30.2272727272727	-16.3636363636364
			30.3030303030303	-16.4393939393939
			30.3787878787879	-16.4393939393939
			30.4545454545455	-16.5151515151515
			30.530303030303	-16.5909090909091
			30.6060606060606	-16.6666666666667
			30.6818181818182	-16.7424242424242
			30.7575757575758	-16.7424242424242
			30.8333333333333	-16.8181818181818
			30.8333333333333	-16.8939393939394
			30.9090909090909	-16.8939393939394
			30.9848484848485	-16.969696969697
		</suture>
		<anterior type=matrix rownames=FALSE colnames=FALSE nrow=303 ncol=2 as.numeric=TRUE >
			16.969696969697	-3.40909090909091
			17.0454545454545	-3.40909090909091
			17.1212121212121	-3.40909090909091
			17.1969696969697	-3.33333333333333
			17.2727272727273	-3.33333333333333
			17.3484848484848	-3.33333333333333
			17.4242424242424	-3.33333333333333
			17.5	-3.33333333333333
			17.5757575757576	-3.33333333333333
			17.6515151515152	-3.33333333333333
			17.7272727272727	-3.33333333333333
			17.8030303030303	-3.33333333333333
			17.8787878787879	-3.33333333333333
			17.9545454545455	-3.33333333333333
			18.030303030303	-3.33333333333333
			18.1060606060606	-3.40909090909091
			18.1818181818182	-3.40909090909091
			18.2575757575758	-3.40909090909091
			18.3333333333333	-3.40909090909091
			18.4090909090909	-3.48484848484848
			18.4848484848485	-3.48484848484848
			18.5606060606061	-3.48484848484848
			18.6363636363636	-3.56060606060606
			18.7121212121212	-3.56060606060606
			18.7878787878788	-3.56060606060606
			18.8636363636364	-3.63636363636364
			18.9393939393939	-3.63636363636364
			19.0151515151515	-3.71212121212121
			19.0909090909091	-3.71212121212121
			19.1666666666667	-3.71212121212121
			19.1666666666667	-3.78787878787879
			19.2424242424242	-3.78787878787879
			19.3181818181818	-3.78787878787879
			19.3181818181818	-3.86363636363636
			19.3939393939394	-3.86363636363636
			19.469696969697	-3.93939393939394
			19.5454545454545	-3.93939393939394
			19.6212121212121	-4.01515151515152
			19.6969696969697	-4.09090909090909
			19.7727272727273	-4.09090909090909
			19.8484848484848	-4.16666666666667
			19.9242424242424	-4.24242424242424
			20	-4.31818181818182
			20.0757575757576	-4.31818181818182
			20.1515151515152	-4.39393939393939
			20.2272727272727	-4.46969696969697
			20.3030303030303	-4.54545454545455
			20.3787878787879	-4.62121212121212
			20.4545454545455	-4.62121212121212
			20.530303030303	-4.6969696969697
			20.6060606060606	-4.77272727272727
			20.6818181818182	-4.84848484848485
			20.7575757575758	-4.92424242424242
			20.8333333333333	-5
			20.9090909090909	-5.07575757575758
			20.9848484848485	-5.15151515151515
			21.0606060606061	-5.22727272727273
			21.1363636363636	-5.3030303030303
			21.2121212121212	-5.37878787878788
			21.2878787878788	-5.37878787878788
			21.3636363636364	-5.45454545454546
			21.4393939393939	-5.45454545454546
			21.5151515151515	-5.53030303030303
			21.5909090909091	-5.60606060606061
			21.6666666666667	-5.68181818181818
			21.7424242424242	-5.68181818181818
			21.8181818181818	-5.75757575757576
			21.8939393939394	-5.83333333333333
			21.8939393939394	-5.90909090909091
			21.969696969697	-5.90909090909091
			22.0454545454545	-5.98484848484849
			22.0454545454545	-6.06060606060606
			22.1212121212121	-6.13636363636364
			22.1969696969697	-6.21212121212121
			22.1969696969697	-6.28787878787879
			22.2727272727273	-6.36363636363636
			22.2727272727273	-6.43939393939394
			22.3484848484848	-6.51515151515152
			22.3484848484848	-6.59090909090909
			22.3484848484848	-6.66666666666667
			22.3484848484848	-6.74242424242424
			22.3484848484848	-6.81818181818182
			22.3484848484848	-6.89393939393939
			22.3484848484848	-6.96969696969697
			22.3484848484848	-7.04545454545455
			22.3484848484848	-7.12121212121212
			22.3484848484848	-7.1969696969697
			22.3484848484848	-7.27272727272727
			22.3484848484848	-7.34848484848485
			22.2727272727273	-7.42424242424242
			22.2727272727273	-7.5
			22.1969696969697	-7.57575757575758
			22.1969696969697	-7.65151515151515
			22.1969696969697	-7.72727272727273
			22.1212121212121	-7.8030303030303
			22.1212121212121	-7.87878787878788
			22.0454545454545	-7.95454545454546
			22.1212121212121	-7.95454545454546
			22.1969696969697	-8.03030303030303
			22.2727272727273	-8.03030303030303
			22.3484848484848	-8.03030303030303
			22.4242424242424	-8.03030303030303
			22.5	-8.10606060606061
			22.5757575757576	-8.10606060606061
			22.6515151515152	-8.10606060606061
			22.6515151515152	-8.18181818181818
			22.7272727272727	-8.18181818181818
			22.8030303030303	-8.18181818181818
			22.8787878787879	-8.25757575757576
			22.9545454545455	-8.25757575757576
			23.030303030303	-8.25757575757576
			23.1060606060606	-8.25757575757576
			23.1818181818182	-8.33333333333333
			23.2575757575758	-8.33333333333333
			23.3333333333333	-8.40909090909091
			23.4090909090909	-8.40909090909091
			23.4848484848485	-8.48484848484848
			23.5606060606061	-8.48484848484848
			23.6363636363636	-8.48484848484848
			23.7121212121212	-8.56060606060606
			23.7878787878788	-8.56060606060606
			23.8636363636364	-8.63636363636364
			23.9393939393939	-8.63636363636364
			24.0151515151515	-8.71212121212121
			24.0909090909091	-8.71212121212121
			24.1666666666667	-8.71212121212121
			24.2424242424242	-8.78787878787879
			24.3181818181818	-8.78787878787879
			24.3939393939394	-8.86363636363636
			24.469696969697	-8.86363636363636
			24.5454545454545	-8.93939393939394
			24.6212121212121	-8.93939393939394
			24.6969696969697	-9.01515151515152
			24.7727272727273	-9.01515151515152
			24.8484848484848	-9.09090909090909
			24.9242424242424	-9.09090909090909
			25	-9.16666666666667
			25.0757575757576	-9.16666666666667
			25.1515151515152	-9.24242424242424
			25.2272727272727	-9.24242424242424
			25.3030303030303	-9.31818181818182
			25.3787878787879	-9.31818181818182
			25.3787878787879	-9.39393939393939
			25.4545454545455	-9.46969696969697
			25.530303030303	-9.46969696969697
			25.6060606060606	-9.54545454545454
			25.6818181818182	-9.54545454545454
			25.7575757575758	-9.62121212121212
			25.8333333333333	-9.62121212121212
			25.9090909090909	-9.6969696969697
			25.9848484848485	-9.77272727272727
			26.0606060606061	-9.77272727272727
			26.1363636363636	-9.84848484848485
			26.2121212121212	-9.84848484848485
			26.2121212121212	-9.92424242424242
			26.2878787878788	-10
			26.3636363636364	-10
			26.4393939393939	-10.0757575757576
			26.5151515151515	-10.0757575757576
			26.5909090909091	-10.1515151515152
			26.6666666666667	-10.2272727272727
			26.7424242424242	-10.2272727272727
			26.7424242424242	-10.3030303030303
			26.8181818181818	-10.3787878787879
			26.8939393939394	-10.3787878787879
			26.969696969697	-10.4545454545455
			27.0454545454545	-10.530303030303
			27.1212121212121	-10.530303030303
			27.1969696969697	-10.6060606060606
			27.1969696969697	-10.6818181818182
			27.2727272727273	-10.7575757575758
			27.3484848484848	-10.7575757575758
			27.4242424242424	-10.8333333333333
			27.5	-10.9090909090909
			27.5757575757576	-10.9090909090909
			27.5757575757576	-10.9848484848485
			27.6515151515152	-11.0606060606061
			27.7272727272727	-11.1363636363636
			27.8030303030303	-11.1363636363636
			27.8787878787879	-11.2121212121212
			27.8787878787879	-11.2878787878788
			27.9545454545455	-11.3636363636364
			28.030303030303	-11.3636363636364
			28.1060606060606	-11.4393939393939
			28.1818181818182	-11.5151515151515
			28.1818181818182	-11.5909090909091
			28.2575757575758	-11.6666666666667
			28.3333333333333	-11.6666666666667
			28.4090909090909	-11.7424242424242
			28.4848484848485	-11.8181818181818
			28.4848484848485	-11.8939393939394
			28.5606060606061	-11.969696969697
			28.6363636363636	-11.969696969697
			28.7121212121212	-12.0454545454545
			28.7121212121212	-12.1212121212121
			28.7878787878788	-12.1969696969697
			28.8636363636364	-12.2727272727273
			28.9393939393939	-12.3484848484848
			29.0151515151515	-12.4242424242424
			29.0909090909091	-12.5
			29.1666666666667	-12.5757575757576
			29.2424242424242	-12.6515151515152
			29.3181818181818	-12.7272727272727
			29.3181818181818	-12.8030303030303
			29.3939393939394	-12.8787878787879
			29.469696969697	-12.9545454545455
			29.5454545454545	-13.030303030303
			29.5454545454545	-13.1060606060606
			29.6212121212121	-13.1818181818182
			29.6969696969697	-13.2575757575758
			29.6969696969697	-13.3333333333333
			29.7727272727273	-13.3333333333333
			29.8484848484848	-13.4090909090909
			29.8484848484848	-13.4848484848485
			29.9242424242424	-13.5606060606061
			29.9242424242424	-13.6363636363636
			30	-13.6363636363636
			30.0757575757576	-13.7121212121212
			30.0757575757576	-13.7878787878788
			30.1515151515152	-13.8636363636364
			30.1515151515152	-13.9393939393939
			30.2272727272727	-14.0151515151515
			30.2272727272727	-14.0909090909091
			30.3030303030303	-14.0909090909091
			30.3787878787879	-14.1666666666667
			30.3787878787879	-14.2424242424242
			30.4545454545455	-14.3181818181818
			30.4545454545455	-14.3939393939394
			30.530303030303	-14.469696969697
			30.530303030303	-14.5454545454545
			30.6060606060606	-14.5454545454545
			30.6818181818182	-14.6212121212121
			30.6818181818182	-14.6969696969697
			30.7575757575758	-14.7727272727273
			30.7575757575758	-14.8484848484848
			30.8333333333333	-14.9242424242424
			30.8333333333333	-15
			30.9090909090909	-15.0757575757576
			30.9090909090909	-15.1515151515152
			30.9848484848485	-15.2272727272727
			31.0606060606061	-15.3030303030303
			31.0606060606061	-15.3787878787879
			31.1363636363636	-15.3787878787879
			31.1363636363636	-15.4545454545455
			31.2121212121212	-15.530303030303
			31.2121212121212	-15.6060606060606
			31.2878787878788	-15.6818181818182
			31.2878787878788	-15.7575757575758
			31.3636363636364	-15.8333333333333
			31.3636363636364	-15.9090909090909
			31.4393939393939	-15.9848484848485
			31.4393939393939	-16.0606060606061
			31.5151515151515	-16.1363636363636
			31.5151515151515	-16.2121212121212
			31.5909090909091	-16.2878787878788
			31.5909090909091	-16.3636363636364
			31.6666666666667	-16.4393939393939
			31.6666666666667	-16.5151515151515
			31.7424242424242	-16.5909090909091
			31.7424242424242	-16.6666666666667
			31.8181818181818	-16.7424242424242
			31.8181818181818	-16.8181818181818
			31.8939393939394	-16.8939393939394
			31.8939393939394	-16.969696969697
			31.969696969697	-17.0454545454545
			31.969696969697	-17.1212121212121
			32.0454545454545	-17.1969696969697
			32.0454545454545	-17.2727272727273
			32.1212121212121	-17.3484848484848
			32.1212121212121	-17.4242424242424
			32.1969696969697	-17.5
			32.1969696969697	-17.5757575757576
			32.2727272727273	-17.6515151515152
			32.2727272727273	-17.7272727272727
			32.2727272727273	-17.8030303030303
			32.3484848484849	-17.8787878787879
			32.3484848484849	-17.9545454545455
			32.4242424242424	-18.030303030303
			32.4242424242424	-18.1060606060606
			32.4242424242424	-18.1818181818182
			32.5	-18.2575757575758
			32.5	-18.3333333333333
			32.5757575757576	-18.4090909090909
			32.5757575757576	-18.4848484848485
			32.5757575757576	-18.5606060606061
			32.6515151515152	-18.6363636363636
			32.6515151515152	-18.7121212121212
			32.7272727272727	-18.7878787878788
			32.7272727272727	-18.8636363636364
			32.7272727272727	-18.9393939393939
			32.8030303030303	-19.0151515151515
			32.8030303030303	-19.0909090909091
			32.8030303030303	-19.1666666666667
			32.8787878787879	-19.2424242424242
			32.8787878787879	-19.3181818181818
			32.8787878787879	-19.3939393939394
			32.9545454545455	-19.469696969697
			32.9545454545455	-19.5454545454545
			33.030303030303	-19.6212121212121
			33.030303030303	-19.6969696969697
			33.030303030303	-19.7727272727273
			33.1060606060606	-19.8484848484848
			33.1060606060606	-19.9242424242424
		</anterior>
		<posterior type=matrix rownames=FALSE colnames=FALSE nrow=437 ncol=2 as.numeric=TRUE >
			17.1212121212121	-19.9242424242424
			17.1969696969697	-19.9242424242424
			17.1969696969697	-19.8484848484848
			17.2727272727273	-19.8484848484848
			17.3484848484848	-19.8484848484848
			17.4242424242424	-19.7727272727273
			17.5	-19.7727272727273
			17.5757575757576	-19.6969696969697
			17.6515151515152	-19.6969696969697
			17.7272727272727	-19.6212121212121
			17.8030303030303	-19.6212121212121
			17.8787878787879	-19.6212121212121
			17.9545454545455	-19.5454545454545
			18.030303030303	-19.5454545454545
			18.1060606060606	-19.5454545454545
			18.1818181818182	-19.469696969697
			18.2575757575758	-19.469696969697
			18.3333333333333	-19.469696969697
			18.4090909090909	-19.469696969697
			18.4848484848485	-19.3939393939394
			18.5606060606061	-19.3939393939394
			18.6363636363636	-19.3939393939394
			18.7121212121212	-19.3939393939394
			18.7878787878788	-19.3181818181818
			18.8636363636364	-19.3181818181818
			18.9393939393939	-19.3181818181818
			19.0151515151515	-19.3181818181818
			19.0909090909091	-19.3181818181818
			19.1666666666667	-19.3181818181818
			19.2424242424242	-19.3181818181818
			19.3181818181818	-19.2424242424242
			19.3939393939394	-19.2424242424242
			19.469696969697	-19.2424242424242
			19.5454545454545	-19.2424242424242
			19.6212121212121	-19.2424242424242
			19.6969696969697	-19.2424242424242
			19.7727272727273	-19.2424242424242
			19.8484848484848	-19.2424242424242
			19.9242424242424	-19.2424242424242
			20	-19.2424242424242
			20.0757575757576	-19.2424242424242
			20.1515151515152	-19.2424242424242
			20.2272727272727	-19.2424242424242
			20.3030303030303	-19.2424242424242
			20.3787878787879	-19.2424242424242
			20.4545454545455	-19.2424242424242
			20.530303030303	-19.2424242424242
			20.6060606060606	-19.2424242424242
			20.6818181818182	-19.2424242424242
			20.7575757575758	-19.2424242424242
			20.8333333333333	-19.2424242424242
			20.9090909090909	-19.2424242424242
			20.9848484848485	-19.2424242424242
			21.0606060606061	-19.2424242424242
			21.1363636363636	-19.2424242424242
			21.2121212121212	-19.2424242424242
			21.2878787878788	-19.2424242424242
			21.3636363636364	-19.2424242424242
			21.4393939393939	-19.2424242424242
			21.5151515151515	-19.2424242424242
			21.5909090909091	-19.2424242424242
			21.6666666666667	-19.2424242424242
			21.7424242424242	-19.2424242424242
			21.7424242424242	-19.3181818181818
			21.8181818181818	-19.3181818181818
			21.8939393939394	-19.3181818181818
			21.969696969697	-19.3181818181818
			22.0454545454545	-19.3181818181818
			22.1212121212121	-19.3181818181818
			22.1969696969697	-19.3181818181818
			22.2727272727273	-19.3181818181818
			22.3484848484848	-19.3939393939394
			22.4242424242424	-19.3939393939394
			22.5	-19.3939393939394
			22.5757575757576	-19.3939393939394
			22.6515151515152	-19.3939393939394
			22.7272727272727	-19.3939393939394
			22.8030303030303	-19.3939393939394
			22.8787878787879	-19.469696969697
			22.9545454545455	-19.469696969697
			23.030303030303	-19.469696969697
			23.1060606060606	-19.469696969697
			23.1818181818182	-19.469696969697
			23.2575757575758	-19.5454545454545
			23.3333333333333	-19.5454545454545
			23.4090909090909	-19.5454545454545
			23.4848484848485	-19.5454545454545
			23.5606060606061	-19.5454545454545
			23.6363636363636	-19.5454545454545
			23.7121212121212	-19.6212121212121
			23.7878787878788	-19.6212121212121
			23.8636363636364	-19.6212121212121
			23.9393939393939	-19.6212121212121
			24.0151515151515	-19.6212121212121
			24.0909090909091	-19.6212121212121
			24.1666666666667	-19.6969696969697
			24.2424242424242	-19.6969696969697
			24.3181818181818	-19.6969696969697
			24.3939393939394	-19.6969696969697
			24.469696969697	-19.6969696969697
			24.5454545454545	-19.6969696969697
			24.6212121212121	-19.7727272727273
			24.6969696969697	-19.7727272727273
			24.7727272727273	-19.7727272727273
			24.8484848484848	-19.7727272727273
			24.9242424242424	-19.7727272727273
			25	-19.7727272727273
			25.0757575757576	-19.7727272727273
			25.1515151515152	-19.8484848484848
			25.2272727272727	-19.8484848484848
			25.3030303030303	-19.8484848484848
			25.3787878787879	-19.8484848484848
			25.4545454545455	-19.8484848484848
			25.530303030303	-19.8484848484848
			25.6060606060606	-19.9242424242424
			25.6818181818182	-19.9242424242424
			25.7575757575758	-19.9242424242424
			25.8333333333333	-19.9242424242424
			25.9090909090909	-19.9242424242424
			25.9848484848485	-19.9242424242424
			26.0606060606061	-19.9242424242424
			26.1363636363636	-19.9242424242424
			26.2121212121212	-20
			26.2878787878788	-20
			26.3636363636364	-20
			26.4393939393939	-20
			26.5151515151515	-20
			26.5909090909091	-20
			26.6666666666667	-20
			26.7424242424242	-20
			26.8181818181818	-20.0757575757576
			26.8939393939394	-20.0757575757576
			26.969696969697	-20.0757575757576
			27.0454545454545	-20.0757575757576
			27.1212121212121	-20.0757575757576
			27.1969696969697	-20.0757575757576
			27.2727272727273	-20.0757575757576
			27.3484848484848	-20.0757575757576
			27.4242424242424	-20.0757575757576
			27.5	-20.1515151515152
			27.5757575757576	-20.1515151515152
			27.6515151515152	-20.1515151515152
			27.7272727272727	-20.1515151515152
			27.8030303030303	-20.1515151515152
			27.8787878787879	-20.1515151515152
			27.9545454545455	-20.1515151515152
			28.030303030303	-20.1515151515152
			28.1060606060606	-20.1515151515152
			28.1818181818182	-20.1515151515152
			28.2575757575758	-20.2272727272727
			28.3333333333333	-20.2272727272727
			28.4090909090909	-20.2272727272727
			28.4848484848485	-20.2272727272727
			28.5606060606061	-20.2272727272727
			28.6363636363636	-20.2272727272727
			28.7121212121212	-20.2272727272727
			28.7878787878788	-20.2272727272727
			28.8636363636364	-20.2272727272727
			28.9393939393939	-20.2272727272727
			29.0151515151515	-20.2272727272727
			29.0909090909091	-20.2272727272727
			29.1666666666667	-20.3030303030303
			29.2424242424242	-20.3030303030303
			29.3181818181818	-20.3030303030303
			29.3939393939394	-20.3030303030303
			29.469696969697	-20.3030303030303
			29.5454545454545	-20.3030303030303
			29.6212121212121	-20.3030303030303
			29.6969696969697	-20.3030303030303
			29.7727272727273	-20.3030303030303
			29.8484848484848	-20.3030303030303
			29.9242424242424	-20.3030303030303
			30	-20.3030303030303
			30.0757575757576	-20.3030303030303
			30.1515151515152	-20.3030303030303
			30.2272727272727	-20.3787878787879
			30.3030303030303	-20.3787878787879
			30.3787878787879	-20.3787878787879
			30.4545454545455	-20.3787878787879
			30.530303030303	-20.3787878787879
			30.6060606060606	-20.3787878787879
			30.6818181818182	-20.3787878787879
			30.7575757575758	-20.3787878787879
			30.8333333333333	-20.3787878787879
			30.9090909090909	-20.3787878787879
			30.9848484848485	-20.3787878787879
			31.0606060606061	-20.4545454545455
			31.1363636363636	-20.530303030303
			31.2121212121212	-20.6060606060606
			31.2878787878788	-20.6818181818182
			31.3636363636364	-20.7575757575758
			31.4393939393939	-20.8333333333333
			31.5151515151515	-20.9090909090909
			31.5151515151515	-20.9848484848485
			31.5909090909091	-21.0606060606061
			31.6666666666667	-21.1363636363636
			31.7424242424242	-21.2121212121212
			31.7424242424242	-21.2878787878788
			31.8181818181818	-21.3636363636364
			31.8939393939394	-21.4393939393939
			31.969696969697	-21.5151515151515
			31.969696969697	-21.5909090909091
			32.0454545454545	-21.6666666666667
			32.1212121212121	-21.7424242424242
			32.1969696969697	-21.8181818181818
			32.1969696969697	-21.8939393939394
			32.2727272727273	-21.969696969697
			32.3484848484849	-22.0454545454545
			32.3484848484849	-22.1212121212121
			32.4242424242424	-22.1969696969697
			32.5	-22.2727272727273
			32.5	-22.3484848484848
			32.5757575757576	-22.4242424242424
			32.6515151515152	-22.5
			32.6515151515152	-22.5757575757576
			32.7272727272727	-22.6515151515152
			32.7272727272727	-22.7272727272727
			32.8030303030303	-22.8030303030303
			32.8787878787879	-22.8787878787879
			32.8787878787879	-22.9545454545455
			32.9545454545455	-23.030303030303
			33.030303030303	-23.1060606060606
			33.030303030303	-23.1818181818182
			33.1060606060606	-23.2575757575758
			33.1060606060606	-23.3333333333333
			33.1818181818182	-23.4090909090909
			33.1818181818182	-23.4848484848485
			33.2575757575758	-23.5606060606061
			33.3333333333333	-23.6363636363636
			33.3333333333333	-23.7121212121212
			33.4090909090909	-23.7878787878788
			33.4090909090909	-23.8636363636364
			33.4848484848485	-23.9393939393939
			33.4848484848485	-24.0151515151515
			33.5606060606061	-24.0909090909091
			33.5606060606061	-24.1666666666667
			33.6363636363636	-24.2424242424242
			33.6363636363636	-24.3181818181818
			33.7121212121212	-24.3939393939394
			33.7121212121212	-24.469696969697
			33.7878787878788	-24.5454545454545
			33.7878787878788	-24.6212121212121
			33.8636363636364	-24.6969696969697
			33.8636363636364	-24.7727272727273
			33.8636363636364	-24.8484848484848
			33.9393939393939	-24.9242424242424
			33.9393939393939	-25
			34.0151515151515	-25.0757575757576
			34.0151515151515	-25.1515151515152
			34.0151515151515	-25.2272727272727
			34.0909090909091	-25.2272727272727
			34.0909090909091	-25.3030303030303
			34.0909090909091	-25.3787878787879
			34.1666666666667	-25.4545454545455
			34.1666666666667	-25.530303030303
			34.2424242424242	-25.6060606060606
			34.2424242424242	-25.6818181818182
			34.2424242424242	-25.7575757575758
			34.3181818181818	-25.8333333333333
			34.3181818181818	-25.9090909090909
			34.3181818181818	-25.9848484848485
			34.3939393939394	-26.0606060606061
			34.3939393939394	-26.1363636363636
			34.3939393939394	-26.2121212121212
			34.469696969697	-26.2878787878788
			34.469696969697	-26.3636363636364
			34.469696969697	-26.4393939393939
			34.469696969697	-26.5151515151515
			34.5454545454545	-26.5909090909091
			34.5454545454545	-26.6666666666667
			34.5454545454545	-26.7424242424242
			34.6212121212121	-26.8181818181818
			34.6212121212121	-26.8939393939394
			34.6212121212121	-26.969696969697
			34.6212121212121	-27.0454545454545
			34.6969696969697	-27.1212121212121
			34.6969696969697	-27.1969696969697
			34.6969696969697	-27.2727272727273
			34.7727272727273	-27.3484848484848
			34.7727272727273	-27.4242424242424
			34.7727272727273	-27.5
			34.7727272727273	-27.5757575757576
			34.8484848484849	-27.6515151515152
			34.8484848484849	-27.7272727272727
			34.8484848484849	-27.8030303030303
			34.8484848484849	-27.8787878787879
			34.8484848484849	-27.9545454545455
			34.9242424242424	-28.030303030303
			34.9242424242424	-28.1060606060606
			34.9242424242424	-28.1818181818182
			34.9242424242424	-28.2575757575758
			35	-28.3333333333333
			35	-28.4090909090909
			35	-28.4848484848485
			35	-28.5606060606061
			35	-28.6363636363636
			35	-28.7121212121212
			35.0757575757576	-28.7878787878788
			35.0757575757576	-28.8636363636364
			35.0757575757576	-28.9393939393939
			35.0757575757576	-29.0151515151515
			35.0757575757576	-29.0909090909091
			35.0757575757576	-29.1666666666667
			35.0757575757576	-29.2424242424242
			35.1515151515152	-29.3181818181818
			35.1515151515152	-29.3939393939394
			35.1515151515152	-29.469696969697
			35.1515151515152	-29.5454545454545
			35.1515151515152	-29.469696969697
			35.1515151515152	-29.3939393939394
			35.1515151515152	-29.3181818181818
			35.1515151515152	-29.2424242424242
			35.1515151515152	-29.1666666666667
			35.1515151515152	-29.0909090909091
			35.1515151515152	-29.0151515151515
			35.1515151515152	-28.9393939393939
			35.0757575757576	-28.8636363636364
			35.0757575757576	-28.7878787878788
			35.0757575757576	-28.7121212121212
			35.0757575757576	-28.6363636363636
			35.0757575757576	-28.5606060606061
			35.0757575757576	-28.4848484848485
			35.0757575757576	-28.4090909090909
			35.0757575757576	-28.3333333333333
			35.0757575757576	-28.2575757575758
			35.0757575757576	-28.1818181818182
			35.0757575757576	-28.1060606060606
			35.0757575757576	-28.030303030303
			35	-27.9545454545455
			35	-27.8787878787879
			35	-27.8030303030303
			35	-27.7272727272727
			35	-27.6515151515152
			35	-27.5757575757576
			35	-27.5
			35	-27.4242424242424
			35	-27.3484848484848
			35	-27.2727272727273
			34.9242424242424	-27.1969696969697
			34.9242424242424	-27.1212121212121
			34.9242424242424	-27.0454545454545
			34.9242424242424	-26.969696969697
			34.9242424242424	-26.8939393939394
			34.9242424242424	-26.8181818181818
			34.9242424242424	-26.7424242424242
			34.9242424242424	-26.6666666666667
			34.9242424242424	-26.5909090909091
			34.8484848484849	-26.5151515151515
			34.8484848484849	-26.4393939393939
			34.8484848484849	-26.3636363636364
			34.8484848484849	-26.2878787878788
			34.8484848484849	-26.2121212121212
			34.8484848484849	-26.1363636363636
			34.8484848484849	-26.0606060606061
			34.7727272727273	-25.9848484848485
			34.7727272727273	-25.9090909090909
			34.7727272727273	-25.8333333333333
			34.7727272727273	-25.7575757575758
			34.7727272727273	-25.6818181818182
			34.7727272727273	-25.6060606060606
			34.6969696969697	-25.530303030303
			34.6969696969697	-25.4545454545455
			34.6969696969697	-25.3787878787879
			34.6969696969697	-25.3030303030303
			34.6969696969697	-25.2272727272727
			34.6969696969697	-25.1515151515152
			34.6212121212121	-25.0757575757576
			34.6212121212121	-25
			34.6212121212121	-24.9242424242424
			34.6212121212121	-24.8484848484848
			34.6212121212121	-24.7727272727273
			34.6212121212121	-24.6969696969697
			34.5454545454545	-24.6212121212121
			34.5454545454545	-24.5454545454545
			34.5454545454545	-24.469696969697
			34.5454545454545	-24.3939393939394
			34.5454545454545	-24.3181818181818
			34.469696969697	-24.2424242424242
			34.469696969697	-24.1666666666667
			34.469696969697	-24.0909090909091
			34.469696969697	-24.0151515151515
			34.3939393939394	-23.9393939393939
			34.3939393939394	-23.8636363636364
			34.3939393939394	-23.7878787878788
			34.3939393939394	-23.7121212121212
			34.3939393939394	-23.6363636363636
			34.3181818181818	-23.5606060606061
			34.3181818181818	-23.4848484848485
			34.3181818181818	-23.4090909090909
			34.2424242424242	-23.3333333333333
			34.2424242424242	-23.2575757575758
			34.2424242424242	-23.1818181818182
			34.2424242424242	-23.1060606060606
			34.1666666666667	-23.030303030303
			34.1666666666667	-22.9545454545455
			34.1666666666667	-22.8787878787879
			34.1666666666667	-22.8030303030303
			34.1666666666667	-22.7272727272727
			34.0909090909091	-22.7272727272727
			34.0909090909091	-22.6515151515152
			34.0909090909091	-22.5757575757576
			34.0909090909091	-22.5
			34.0151515151515	-22.5
			34.0151515151515	-22.4242424242424
			34.0151515151515	-22.3484848484848
			34.0151515151515	-22.2727272727273
			33.9393939393939	-22.1969696969697
			33.9393939393939	-22.1212121212121
			33.9393939393939	-22.0454545454545
			33.8636363636364	-21.969696969697
			33.8636363636364	-21.8939393939394
			33.8636363636364	-21.8181818181818
			33.8636363636364	-21.7424242424242
			33.7878787878788	-21.6666666666667
			33.7878787878788	-21.5909090909091
			33.7121212121212	-21.5151515151515
			33.7121212121212	-21.4393939393939
			33.7121212121212	-21.3636363636364
			33.6363636363636	-21.2878787878788
			33.6363636363636	-21.2121212121212
			33.5606060606061	-21.1363636363636
			33.5606060606061	-21.0606060606061
			33.5606060606061	-20.9848484848485
			33.4848484848485	-20.9090909090909
			33.4848484848485	-20.8333333333333
			33.4848484848485	-20.7575757575758
			33.4090909090909	-20.6818181818182
			33.4090909090909	-20.6060606060606
			33.3333333333333	-20.530303030303
			33.3333333333333	-20.4545454545455
			33.3333333333333	-20.3787878787879
			33.2575757575758	-20.3030303030303
			33.2575757575758	-20.2272727272727
			33.1818181818182	-20.1515151515152
			33.1818181818182	-20.0757575757576
			33.1818181818182	-20
			33.1060606060606	-19.9242424242424
		</posterior>
	</curves.scaled>
	<ruler.points type=matrix rownames=TRUE colnames=FALSE nrow=2 ncol=2 as.numeric=TRUE >
		Ruler point 1	22	39
		Ruler point 2	88	39
	</ruler.points>
</shapes>

