<shapes type=list>
	<ruler.pixel type=vector names=FALSE length=1 as.numeric=TRUE >58</ruler.pixel>
	<ruler.interval type=vector names=FALSE length=1 as.numeric=TRUE >6</ruler.interval>
	<scaling.units type=vector names=FALSE length=1 as.numeric=FALSE >mm</scaling.units>
	<scaling type=vector names=FALSE length=1 as.numeric=TRUE >0.103448275862069</scaling>
	<landmarks.pixel type=matrix rownames=TRUE colnames=FALSE nrow=16 ncol=2 as.numeric=TRUE >
		LM1	166	184
		LM2	165	194
		LM3	166	285
		LM4	169	306
		LM5	207	223
		LM6	191	294
		LM7	194	304
		LM8	218	252
		LM9	227	285
		LM10	165	193
		LM11	270	279
		LM12	287	294
		LM13	162	13
		LM14	257	267
		LM15	290	306
		LM16	305	399
	</landmarks.pixel>
	<landmarks.scaled type=matrix rownames=TRUE colnames=FALSE nrow=16 ncol=2 as.numeric=TRUE >
		LM1	17.1724137931034	-19.0344827586207
		LM2	17.0689655172414	-20.0689655172414
		LM3	17.1724137931034	-29.4827586206897
		LM4	17.4827586206897	-31.6551724137931
		LM5	21.4137931034483	-23.0689655172414
		LM6	19.7586206896552	-30.4137931034483
		LM7	20.0689655172414	-31.448275862069
		LM8	22.551724137931	-26.0689655172414
		LM9	23.4827586206897	-29.4827586206897
		LM10	17.0689655172414	-19.9655172413793
		LM11	27.9310344827586	-28.8620689655172
		LM12	29.6896551724138	-30.4137931034483
		LM13	16.7586206896552	-1.3448275862069
		LM14	26.5862068965517	-27.6206896551724
		LM15	30	-31.6551724137931
		LM16	31.551724137931	-41.2758620689655
	</landmarks.scaled>
	<curves.control type=list>
		<glabella type=matrix rownames=FALSE colnames=FALSE nrow=9 ncol=2 as.numeric=TRUE >
			165	194
			217	199
			204	246
			204	261
			198	270
			190	282
			194	293
			200	301
			194	304
		</glabella>
		<suture type=matrix rownames=FALSE colnames=FALSE nrow=15 ncol=2 as.numeric=TRUE >
			165	193
			191	191
			213	214
			221	224
			222	238
			220	250
			235	252
			262	274
			240	278
			234	284
			230	286
			236	297
			262	282
			272	277
			287	294
		</suture>
		<anterior type=matrix rownames=FALSE colnames=FALSE nrow=19 ncol=2 as.numeric=TRUE >
			162	13
			172	13
			167	94
			178	92
			192	50
			196	33
			203	18
			219	16
			206	42
			198	62
			188	83
			175	103
			172	126
			169	158
			174	184
			227	189
			261	224
			278	265
			290	306
		</anterior>
		<posterior type=matrix rownames=FALSE colnames=FALSE nrow=9 ncol=2 as.numeric=TRUE >
			169	306
			196	310
			223	307
			259	314
			279	328
			294	343
			298	377
			318	448
			290	306
		</posterior>
	</curves.control>
	<curves.pixel type=list>
		<glabella type=matrix rownames=FALSE colnames=FALSE nrow=136 ncol=2 as.numeric=TRUE >
			165	194
			166	194
			167	194
			168	194
			169	194
			170	195
			171	195
			172	195
			173	195
			174	195
			175	195
			176	196
			177	196
			178	196
			179	196
			179	197
			180	197
			181	197
			182	197
			183	198
			184	198
			185	198
			186	199
			187	199
			188	200
			189	200
			190	200
			190	201
			191	201
			192	202
			193	202
			193	203
			194	203
			195	204
			196	205
			197	206
			198	206
			199	207
			199	208
			200	209
			201	209
			201	210
			202	211
			202	212
			203	213
			204	214
			204	215
			205	216
			205	217
			205	218
			205	219
			206	220
			206	221
			206	222
			206	223
			206	224
			206	225
			207	226
			207	227
			207	228
			207	229
			207	230
			207	231
			206	232
			206	233
			206	234
			206	235
			206	236
			206	237
			206	238
			206	239
			205	240
			205	241
			205	242
			205	243
			205	244
			204	245
			204	246
			204	247
			204	248
			204	249
			204	250
			204	251
			204	252
			204	253
			204	254
			203	255
			203	256
			203	257
			203	258
			203	259
			202	260
			202	261
			202	262
			201	263
			201	264
			201	265
			200	266
			200	267
			199	268
			199	269
			198	270
			198	271
			197	272
			196	273
			195	274
			195	275
			195	276
			194	277
			194	278
			194	279
			193	280
			193	281
			193	282
			193	283
			193	284
			193	285
			193	286
			193	287
			193	288
			193	289
			193	290
			193	291
			194	292
			194	293
			195	294
			195	295
			196	296
			196	297
			197	298
			197	299
			197	300
			197	301
			196	302
			195	303
			194	304
		</glabella>
		<suture type=matrix rownames=FALSE colnames=FALSE nrow=204 ncol=2 as.numeric=TRUE >
			165	193
			166	193
			167	193
			168	193
			169	193
			170	193
			171	193
			172	193
			173	193
			174	193
			175	193
			176	193
			177	193
			178	194
			179	194
			180	194
			181	194
			182	194
			183	195
			184	195
			185	195
			186	196
			187	196
			188	197
			189	197
			190	197
			191	198
			192	198
			193	199
			194	199
			195	200
			196	200
			197	201
			198	201
			199	202
			200	203
			201	203
			202	204
			203	205
			204	206
			205	207
			206	208
			207	208
			207	209
			208	209
			209	210
			210	211
			211	212
			212	213
			213	214
			213	215
			214	215
			215	216
			215	217
			216	218
			216	219
			217	220
			217	221
			218	222
			218	223
			219	224
			219	225
			220	226
			220	227
			220	228
			220	229
			221	230
			221	231
			221	232
			221	233
			222	234
			222	235
			222	236
			222	237
			222	238
			222	239
			222	240
			222	241
			222	242
			222	243
			222	244
			223	245
			223	246
			224	247
			224	248
			225	248
			226	249
			227	249
			228	250
			229	250
			230	251
			231	251
			232	251
			233	252
			234	252
			235	252
			236	253
			237	254
			238	254
			239	255
			239	256
			240	257
			241	257
			242	258
			242	259
			243	259
			244	260
			244	261
			245	261
			245	262
			246	263
			247	264
			248	265
			248	266
			249	267
			249	268
			250	269
			250	270
			250	271
			250	272
			250	273
			249	273
			249	274
			248	275
			247	276
			246	276
			245	277
			244	277
			243	277
			242	278
			241	278
			240	278
			239	279
			238	280
			237	281
			236	282
			235	283
			234	284
			233	284
			232	285
			231	285
			230	286
			231	287
			231	288
			232	289
			233	289
			234	290
			235	290
			236	290
			237	291
			238	291
			239	291
			240	291
			241	291
			241	290
			242	290
			243	290
			244	290
			245	290
			246	289
			247	289
			248	289
			249	288
			250	288
			251	288
			252	287
			253	287
			254	286
			255	286
			256	285
			257	285
			258	284
			259	284
			260	283
			261	283
			261	282
			262	282
			263	282
			263	281
			264	281
			265	281
			266	281
			267	281
			268	281
			269	281
			270	281
			271	282
			272	282
			273	282
			274	283
			275	283
			276	284
			277	285
			278	286
			279	286
			280	287
			281	288
			282	289
			283	290
			284	290
			285	291
			286	292
			286	293
			287	294
		</suture>
		<anterior type=matrix rownames=FALSE colnames=FALSE nrow=508 ncol=2 as.numeric=TRUE >
			162	13
			163	13
			164	14
			165	15
			165	16
			166	17
			166	18
			166	19
			167	20
			167	21
			167	22
			167	23
			167	24
			167	25
			168	26
			168	27
			168	28
			168	29
			168	30
			168	31
			168	32
			168	33
			168	34
			168	35
			168	36
			168	37
			168	38
			169	39
			169	40
			169	41
			169	42
			169	43
			169	44
			169	45
			169	46
			169	47
			169	48
			169	49
			169	50
			169	51
			169	52
			169	53
			169	54
			169	55
			169	56
			169	57
			169	58
			169	59
			169	60
			169	61
			168	62
			168	63
			168	64
			168	65
			168	66
			168	67
			168	68
			168	69
			168	70
			168	71
			168	72
			168	73
			168	74
			168	75
			168	76
			168	77
			168	78
			168	79
			168	80
			168	81
			168	82
			168	83
			168	84
			168	85
			167	86
			167	87
			167	88
			167	89
			167	90
			167	91
			167	92
			167	93
			167	94
			168	94
			169	93
			170	93
			171	92
			172	91
			173	90
			174	89
			175	88
			176	87
			177	86
			177	85
			178	84
			178	83
			179	82
			179	81
			180	80
			181	79
			181	78
			181	77
			182	76
			182	75
			183	74
			183	73
			184	72
			184	71
			185	70
			185	69
			186	68
			186	67
			186	66
			186	65
			187	65
			187	64
			187	63
			188	62
			188	61
			189	60
			189	59
			189	58
			190	57
			190	56
			190	55
			191	54
			191	53
			191	52
			192	51
			192	50
			192	49
			192	48
			193	48
			193	47
			193	46
			193	45
			193	44
			194	43
			194	42
			194	41
			195	40
			195	39
			195	38
			196	37
			196	36
			196	35
			196	34
			197	33
			197	32
			198	31
			198	30
			198	29
			199	29
			199	28
			199	27
			200	26
			200	25
			200	24
			201	23
			201	22
			202	21
			202	20
			203	19
			203	18
			204	18
			205	18
			206	18
			207	18
			208	18
			209	19
			210	20
			211	21
			212	22
			212	23
			212	24
			212	25
			212	26
			212	27
			211	28
			211	29
			211	30
			211	31
			210	32
			210	33
			209	34
			209	35
			209	36
			208	37
			208	38
			207	39
			207	40
			207	41
			206	42
			206	43
			205	43
			205	44
			205	45
			205	46
			204	46
			204	47
			204	48
			203	49
			203	50
			202	51
			202	52
			202	53
			201	54
			201	55
			200	56
			200	57
			199	58
			199	59
			198	60
			198	61
			198	62
			197	63
			197	64
			196	65
			196	66
			195	67
			195	68
			194	69
			194	70
			194	71
			193	72
			193	73
			192	74
			192	75
			191	76
			191	77
			190	78
			190	79
			190	80
			189	81
			189	82
			188	83
			188	84
			187	85
			186	85
			186	86
			185	87
			185	88
			184	89
			184	90
			183	91
			183	92
			182	93
			182	94
			181	95
			181	96
			180	97
			180	98
			179	99
			179	100
			179	101
			178	102
			178	103
			177	104
			177	105
			177	106
			176	107
			176	108
			176	109
			175	110
			175	111
			175	112
			175	113
			174	114
			174	115
			174	116
			174	117
			173	118
			173	119
			173	120
			173	121
			173	122
			172	123
			172	124
			172	125
			172	126
			172	127
			172	128
			172	129
			172	130
			172	131
			171	132
			171	133
			171	134
			171	135
			171	136
			171	137
			171	138
			171	139
			171	140
			171	141
			171	142
			171	143
			171	144
			171	145
			171	146
			171	147
			171	148
			171	149
			171	150
			171	151
			171	152
			171	153
			171	154
			171	155
			171	156
			171	157
			171	158
			171	159
			171	160
			171	161
			171	162
			171	163
			171	164
			171	165
			172	166
			172	167
			172	168
			172	169
			172	170
			172	171
			172	172
			172	173
			172	174
			173	175
			173	176
			173	177
			173	178
			173	179
			173	180
			173	181
			174	182
			174	183
			174	184
			175	184
			176	184
			177	184
			178	184
			179	185
			180	185
			181	185
			182	185
			183	185
			184	185
			185	185
			186	186
			187	186
			188	186
			189	186
			190	186
			191	186
			192	187
			193	187
			194	187
			195	187
			196	187
			197	188
			198	188
			199	188
			200	189
			201	189
			202	189
			203	189
			204	190
			205	190
			206	190
			207	191
			208	191
			209	191
			210	192
			211	192
			212	192
			213	193
			214	193
			215	194
			216	194
			217	194
			218	195
			219	195
			220	196
			221	196
			222	197
			223	197
			224	198
			225	198
			226	199
			227	199
			228	200
			229	200
			230	201
			231	201
			232	202
			233	202
			234	203
			235	203
			236	204
			237	205
			238	205
			239	206
			240	206
			241	207
			242	208
			243	208
			243	209
			244	209
			245	210
			246	211
			247	211
			248	212
			249	213
			250	214
			251	215
			252	216
			253	217
			254	218
			255	219
			256	219
			257	220
			258	221
			259	222
			260	223
			261	224
			262	225
			262	226
			262	227
			263	228
			263	229
			264	230
			264	231
			264	232
			265	233
			265	234
			266	235
			266	236
			266	237
			267	238
			267	239
			268	240
			268	241
			268	242
			269	243
			269	244
			269	245
			270	246
			270	247
			271	248
			271	249
			271	250
			272	251
			272	252
			272	253
			273	254
			273	255
			274	256
			274	257
			274	258
			275	259
			275	260
			275	261
			276	262
			276	263
			276	264
			277	265
			277	266
			277	267
			278	268
			278	269
			278	270
			279	271
			279	272
			279	273
			280	274
			280	275
			280	276
			281	277
			281	278
			281	279
			282	280
			282	281
			282	282
			283	283
			283	284
			283	285
			284	286
			284	287
			284	288
			285	289
			285	290
			285	291
			286	292
			286	293
			286	294
			287	295
			287	296
			287	297
			287	298
			288	299
			288	300
			288	301
			289	302
			289	303
			289	304
			290	305
			290	306
		</anterior>
		<posterior type=matrix rownames=FALSE colnames=FALSE nrow=292 ncol=2 as.numeric=TRUE >
			169	306
			170	306
			171	306
			172	306
			173	307
			174	307
			175	307
			176	307
			177	307
			178	307
			179	307
			180	307
			181	307
			182	308
			183	308
			184	308
			185	308
			186	308
			187	308
			188	308
			189	308
			190	308
			191	308
			192	308
			193	308
			194	308
			195	308
			196	308
			197	308
			198	308
			199	308
			200	308
			201	308
			202	308
			203	308
			204	308
			205	308
			206	308
			207	308
			208	308
			209	308
			210	308
			211	308
			212	308
			213	308
			214	308
			215	308
			216	308
			217	308
			218	308
			219	307
			220	307
			221	307
			222	307
			223	307
			224	307
			225	307
			226	308
			227	308
			228	308
			229	308
			230	308
			231	309
			232	309
			233	309
			234	309
			234	310
			235	310
			236	310
			237	310
			238	310
			239	311
			240	311
			241	311
			242	312
			243	312
			244	312
			245	312
			246	313
			247	313
			248	313
			249	314
			250	314
			251	314
			252	315
			253	315
			254	316
			255	316
			256	316
			257	316
			257	317
			258	317
			259	317
			260	318
			261	318
			262	319
			263	319
			264	320
			265	320
			266	320
			267	321
			268	321
			269	322
			270	323
			271	323
			272	323
			272	324
			273	324
			274	325
			275	325
			276	326
			277	327
			278	327
			279	328
			280	329
			281	330
			282	331
			282	332
			283	333
			284	333
			284	334
			285	335
			285	336
			286	337
			287	338
			287	339
			288	340
			288	341
			289	342
			289	343
			290	344
			290	345
			291	346
			291	347
			291	348
			292	349
			292	350
			292	351
			293	351
			293	352
			293	353
			293	354
			294	354
			294	355
			294	356
			294	357
			295	358
			295	359
			295	360
			295	361
			296	362
			296	363
			296	364
			296	365
			296	366
			297	367
			297	368
			297	369
			297	370
			297	371
			297	372
			298	373
			298	374
			298	375
			298	376
			298	377
			298	378
			299	379
			299	380
			299	381
			299	382
			300	383
			300	384
			300	385
			300	386
			301	386
			301	387
			301	388
			301	389
			302	389
			302	390
			302	391
			302	392
			303	393
			303	394
			304	395
			304	396
			304	397
			304	398
			305	398
			305	399
			305	400
			306	400
			306	401
			306	400
			306	399
			306	398
			306	397
			306	396
			306	395
			306	394
			306	393
			306	392
			306	391
			305	391
			305	390
			305	389
			305	388
			305	387
			305	386
			305	385
			304	384
			304	383
			304	382
			304	381
			304	380
			304	379
			303	378
			303	377
			303	376
			303	375
			303	374
			303	373
			302	372
			302	371
			302	370
			302	369
			302	368
			302	367
			301	366
			301	365
			301	364
			301	363
			301	362
			301	361
			300	361
			300	360
			300	359
			300	358
			300	357
			300	356
			299	355
			299	354
			299	353
			299	352
			299	351
			299	350
			298	350
			298	349
			298	348
			298	347
			298	346
			297	345
			297	344
			297	343
			297	342
			297	341
			297	340
			296	339
			296	338
			296	337
			296	336
			296	335
			295	334
			295	333
			295	332
			295	331
			295	330
			294	329
			294	328
			294	327
			294	326
			294	325
			294	324
			293	323
			293	322
			293	321
			293	320
			293	319
			292	318
			292	317
			292	316
			292	315
			292	314
			291	313
			291	312
			291	311
			291	310
			291	309
			290	308
			290	307
			290	306
		</posterior>
	</curves.pixel>
	<curves.scaled type=list>
		<glabella type=matrix rownames=FALSE colnames=FALSE nrow=136 ncol=2 as.numeric=TRUE >
			17.0689655172414	-20.0689655172414
			17.1724137931034	-20.0689655172414
			17.2758620689655	-20.0689655172414
			17.3793103448276	-20.0689655172414
			17.4827586206897	-20.0689655172414
			17.5862068965517	-20.1724137931034
			17.6896551724138	-20.1724137931034
			17.7931034482759	-20.1724137931034
			17.8965517241379	-20.1724137931034
			18	-20.1724137931034
			18.1034482758621	-20.1724137931034
			18.2068965517241	-20.2758620689655
			18.3103448275862	-20.2758620689655
			18.4137931034483	-20.2758620689655
			18.5172413793103	-20.2758620689655
			18.5172413793103	-20.3793103448276
			18.6206896551724	-20.3793103448276
			18.7241379310345	-20.3793103448276
			18.8275862068966	-20.3793103448276
			18.9310344827586	-20.4827586206897
			19.0344827586207	-20.4827586206897
			19.1379310344828	-20.4827586206897
			19.2413793103448	-20.5862068965517
			19.3448275862069	-20.5862068965517
			19.448275862069	-20.6896551724138
			19.551724137931	-20.6896551724138
			19.6551724137931	-20.6896551724138
			19.6551724137931	-20.7931034482759
			19.7586206896552	-20.7931034482759
			19.8620689655172	-20.8965517241379
			19.9655172413793	-20.8965517241379
			19.9655172413793	-21
			20.0689655172414	-21
			20.1724137931034	-21.1034482758621
			20.2758620689655	-21.2068965517241
			20.3793103448276	-21.3103448275862
			20.4827586206897	-21.3103448275862
			20.5862068965517	-21.4137931034483
			20.5862068965517	-21.5172413793103
			20.6896551724138	-21.6206896551724
			20.7931034482759	-21.6206896551724
			20.7931034482759	-21.7241379310345
			20.8965517241379	-21.8275862068966
			20.8965517241379	-21.9310344827586
			21	-22.0344827586207
			21.1034482758621	-22.1379310344828
			21.1034482758621	-22.2413793103448
			21.2068965517241	-22.3448275862069
			21.2068965517241	-22.448275862069
			21.2068965517241	-22.551724137931
			21.2068965517241	-22.6551724137931
			21.3103448275862	-22.7586206896552
			21.3103448275862	-22.8620689655172
			21.3103448275862	-22.9655172413793
			21.3103448275862	-23.0689655172414
			21.3103448275862	-23.1724137931034
			21.3103448275862	-23.2758620689655
			21.4137931034483	-23.3793103448276
			21.4137931034483	-23.4827586206897
			21.4137931034483	-23.5862068965517
			21.4137931034483	-23.6896551724138
			21.4137931034483	-23.7931034482759
			21.4137931034483	-23.8965517241379
			21.3103448275862	-24
			21.3103448275862	-24.1034482758621
			21.3103448275862	-24.2068965517241
			21.3103448275862	-24.3103448275862
			21.3103448275862	-24.4137931034483
			21.3103448275862	-24.5172413793103
			21.3103448275862	-24.6206896551724
			21.3103448275862	-24.7241379310345
			21.2068965517241	-24.8275862068966
			21.2068965517241	-24.9310344827586
			21.2068965517241	-25.0344827586207
			21.2068965517241	-25.1379310344828
			21.2068965517241	-25.2413793103448
			21.1034482758621	-25.3448275862069
			21.1034482758621	-25.448275862069
			21.1034482758621	-25.551724137931
			21.1034482758621	-25.6551724137931
			21.1034482758621	-25.7586206896552
			21.1034482758621	-25.8620689655172
			21.1034482758621	-25.9655172413793
			21.1034482758621	-26.0689655172414
			21.1034482758621	-26.1724137931034
			21.1034482758621	-26.2758620689655
			21	-26.3793103448276
			21	-26.4827586206897
			21	-26.5862068965517
			21	-26.6896551724138
			21	-26.7931034482759
			20.8965517241379	-26.8965517241379
			20.8965517241379	-27
			20.8965517241379	-27.1034482758621
			20.7931034482759	-27.2068965517241
			20.7931034482759	-27.3103448275862
			20.7931034482759	-27.4137931034483
			20.6896551724138	-27.5172413793103
			20.6896551724138	-27.6206896551724
			20.5862068965517	-27.7241379310345
			20.5862068965517	-27.8275862068966
			20.4827586206897	-27.9310344827586
			20.4827586206897	-28.0344827586207
			20.3793103448276	-28.1379310344828
			20.2758620689655	-28.2413793103448
			20.1724137931034	-28.3448275862069
			20.1724137931034	-28.448275862069
			20.1724137931034	-28.551724137931
			20.0689655172414	-28.6551724137931
			20.0689655172414	-28.7586206896552
			20.0689655172414	-28.8620689655172
			19.9655172413793	-28.9655172413793
			19.9655172413793	-29.0689655172414
			19.9655172413793	-29.1724137931034
			19.9655172413793	-29.2758620689655
			19.9655172413793	-29.3793103448276
			19.9655172413793	-29.4827586206897
			19.9655172413793	-29.5862068965517
			19.9655172413793	-29.6896551724138
			19.9655172413793	-29.7931034482759
			19.9655172413793	-29.8965517241379
			19.9655172413793	-30
			19.9655172413793	-30.1034482758621
			20.0689655172414	-30.2068965517241
			20.0689655172414	-30.3103448275862
			20.1724137931034	-30.4137931034483
			20.1724137931034	-30.5172413793103
			20.2758620689655	-30.6206896551724
			20.2758620689655	-30.7241379310345
			20.3793103448276	-30.8275862068966
			20.3793103448276	-30.9310344827586
			20.3793103448276	-31.0344827586207
			20.3793103448276	-31.1379310344828
			20.2758620689655	-31.2413793103448
			20.1724137931034	-31.3448275862069
			20.0689655172414	-31.448275862069
		</glabella>
		<suture type=matrix rownames=FALSE colnames=FALSE nrow=204 ncol=2 as.numeric=TRUE >
			17.0689655172414	-19.9655172413793
			17.1724137931034	-19.9655172413793
			17.2758620689655	-19.9655172413793
			17.3793103448276	-19.9655172413793
			17.4827586206897	-19.9655172413793
			17.5862068965517	-19.9655172413793
			17.6896551724138	-19.9655172413793
			17.7931034482759	-19.9655172413793
			17.8965517241379	-19.9655172413793
			18	-19.9655172413793
			18.1034482758621	-19.9655172413793
			18.2068965517241	-19.9655172413793
			18.3103448275862	-19.9655172413793
			18.4137931034483	-20.0689655172414
			18.5172413793103	-20.0689655172414
			18.6206896551724	-20.0689655172414
			18.7241379310345	-20.0689655172414
			18.8275862068966	-20.0689655172414
			18.9310344827586	-20.1724137931034
			19.0344827586207	-20.1724137931034
			19.1379310344828	-20.1724137931034
			19.2413793103448	-20.2758620689655
			19.3448275862069	-20.2758620689655
			19.448275862069	-20.3793103448276
			19.551724137931	-20.3793103448276
			19.6551724137931	-20.3793103448276
			19.7586206896552	-20.4827586206897
			19.8620689655172	-20.4827586206897
			19.9655172413793	-20.5862068965517
			20.0689655172414	-20.5862068965517
			20.1724137931034	-20.6896551724138
			20.2758620689655	-20.6896551724138
			20.3793103448276	-20.7931034482759
			20.4827586206897	-20.7931034482759
			20.5862068965517	-20.8965517241379
			20.6896551724138	-21
			20.7931034482759	-21
			20.8965517241379	-21.1034482758621
			21	-21.2068965517241
			21.1034482758621	-21.3103448275862
			21.2068965517241	-21.4137931034483
			21.3103448275862	-21.5172413793103
			21.4137931034483	-21.5172413793103
			21.4137931034483	-21.6206896551724
			21.5172413793103	-21.6206896551724
			21.6206896551724	-21.7241379310345
			21.7241379310345	-21.8275862068966
			21.8275862068966	-21.9310344827586
			21.9310344827586	-22.0344827586207
			22.0344827586207	-22.1379310344828
			22.0344827586207	-22.2413793103448
			22.1379310344828	-22.2413793103448
			22.2413793103448	-22.3448275862069
			22.2413793103448	-22.448275862069
			22.3448275862069	-22.551724137931
			22.3448275862069	-22.6551724137931
			22.448275862069	-22.7586206896552
			22.448275862069	-22.8620689655172
			22.551724137931	-22.9655172413793
			22.551724137931	-23.0689655172414
			22.6551724137931	-23.1724137931034
			22.6551724137931	-23.2758620689655
			22.7586206896552	-23.3793103448276
			22.7586206896552	-23.4827586206897
			22.7586206896552	-23.5862068965517
			22.7586206896552	-23.6896551724138
			22.8620689655172	-23.7931034482759
			22.8620689655172	-23.8965517241379
			22.8620689655172	-24
			22.8620689655172	-24.1034482758621
			22.9655172413793	-24.2068965517241
			22.9655172413793	-24.3103448275862
			22.9655172413793	-24.4137931034483
			22.9655172413793	-24.5172413793103
			22.9655172413793	-24.6206896551724
			22.9655172413793	-24.7241379310345
			22.9655172413793	-24.8275862068966
			22.9655172413793	-24.9310344827586
			22.9655172413793	-25.0344827586207
			22.9655172413793	-25.1379310344828
			22.9655172413793	-25.2413793103448
			23.0689655172414	-25.3448275862069
			23.0689655172414	-25.448275862069
			23.1724137931034	-25.551724137931
			23.1724137931034	-25.6551724137931
			23.2758620689655	-25.6551724137931
			23.3793103448276	-25.7586206896552
			23.4827586206897	-25.7586206896552
			23.5862068965517	-25.8620689655172
			23.6896551724138	-25.8620689655172
			23.7931034482759	-25.9655172413793
			23.8965517241379	-25.9655172413793
			24	-25.9655172413793
			24.1034482758621	-26.0689655172414
			24.2068965517241	-26.0689655172414
			24.3103448275862	-26.0689655172414
			24.4137931034483	-26.1724137931034
			24.5172413793103	-26.2758620689655
			24.6206896551724	-26.2758620689655
			24.7241379310345	-26.3793103448276
			24.7241379310345	-26.4827586206897
			24.8275862068966	-26.5862068965517
			24.9310344827586	-26.5862068965517
			25.0344827586207	-26.6896551724138
			25.0344827586207	-26.7931034482759
			25.1379310344828	-26.7931034482759
			25.2413793103448	-26.8965517241379
			25.2413793103448	-27
			25.3448275862069	-27
			25.3448275862069	-27.1034482758621
			25.448275862069	-27.2068965517241
			25.551724137931	-27.3103448275862
			25.6551724137931	-27.4137931034483
			25.6551724137931	-27.5172413793103
			25.7586206896552	-27.6206896551724
			25.7586206896552	-27.7241379310345
			25.8620689655172	-27.8275862068966
			25.8620689655172	-27.9310344827586
			25.8620689655172	-28.0344827586207
			25.8620689655172	-28.1379310344828
			25.8620689655172	-28.2413793103448
			25.7586206896552	-28.2413793103448
			25.7586206896552	-28.3448275862069
			25.6551724137931	-28.448275862069
			25.551724137931	-28.551724137931
			25.448275862069	-28.551724137931
			25.3448275862069	-28.6551724137931
			25.2413793103448	-28.6551724137931
			25.1379310344828	-28.6551724137931
			25.0344827586207	-28.7586206896552
			24.9310344827586	-28.7586206896552
			24.8275862068966	-28.7586206896552
			24.7241379310345	-28.8620689655172
			24.6206896551724	-28.9655172413793
			24.5172413793103	-29.0689655172414
			24.4137931034483	-29.1724137931034
			24.3103448275862	-29.2758620689655
			24.2068965517241	-29.3793103448276
			24.1034482758621	-29.3793103448276
			24	-29.4827586206897
			23.8965517241379	-29.4827586206897
			23.7931034482759	-29.5862068965517
			23.8965517241379	-29.6896551724138
			23.8965517241379	-29.7931034482759
			24	-29.8965517241379
			24.1034482758621	-29.8965517241379
			24.2068965517241	-30
			24.3103448275862	-30
			24.4137931034483	-30
			24.5172413793103	-30.1034482758621
			24.6206896551724	-30.1034482758621
			24.7241379310345	-30.1034482758621
			24.8275862068966	-30.1034482758621
			24.9310344827586	-30.1034482758621
			24.9310344827586	-30
			25.0344827586207	-30
			25.1379310344828	-30
			25.2413793103448	-30
			25.3448275862069	-30
			25.448275862069	-29.8965517241379
			25.551724137931	-29.8965517241379
			25.6551724137931	-29.8965517241379
			25.7586206896552	-29.7931034482759
			25.8620689655172	-29.7931034482759
			25.9655172413793	-29.7931034482759
			26.0689655172414	-29.6896551724138
			26.1724137931034	-29.6896551724138
			26.2758620689655	-29.5862068965517
			26.3793103448276	-29.5862068965517
			26.4827586206897	-29.4827586206897
			26.5862068965517	-29.4827586206897
			26.6896551724138	-29.3793103448276
			26.7931034482759	-29.3793103448276
			26.8965517241379	-29.2758620689655
			27	-29.2758620689655
			27	-29.1724137931034
			27.1034482758621	-29.1724137931034
			27.2068965517241	-29.1724137931034
			27.2068965517241	-29.0689655172414
			27.3103448275862	-29.0689655172414
			27.4137931034483	-29.0689655172414
			27.5172413793103	-29.0689655172414
			27.6206896551724	-29.0689655172414
			27.7241379310345	-29.0689655172414
			27.8275862068966	-29.0689655172414
			27.9310344827586	-29.0689655172414
			28.0344827586207	-29.1724137931034
			28.1379310344828	-29.1724137931034
			28.2413793103448	-29.1724137931034
			28.3448275862069	-29.2758620689655
			28.448275862069	-29.2758620689655
			28.551724137931	-29.3793103448276
			28.6551724137931	-29.4827586206897
			28.7586206896552	-29.5862068965517
			28.8620689655172	-29.5862068965517
			28.9655172413793	-29.6896551724138
			29.0689655172414	-29.7931034482759
			29.1724137931034	-29.8965517241379
			29.2758620689655	-30
			29.3793103448276	-30
			29.4827586206897	-30.1034482758621
			29.5862068965517	-30.2068965517241
			29.5862068965517	-30.3103448275862
			29.6896551724138	-30.4137931034483
		</suture>
		<anterior type=matrix rownames=FALSE colnames=FALSE nrow=508 ncol=2 as.numeric=TRUE >
			16.7586206896552	-1.3448275862069
			16.8620689655172	-1.3448275862069
			16.9655172413793	-1.44827586206897
			17.0689655172414	-1.55172413793103
			17.0689655172414	-1.6551724137931
			17.1724137931034	-1.75862068965517
			17.1724137931034	-1.86206896551724
			17.1724137931034	-1.96551724137931
			17.2758620689655	-2.06896551724138
			17.2758620689655	-2.17241379310345
			17.2758620689655	-2.27586206896552
			17.2758620689655	-2.37931034482759
			17.2758620689655	-2.48275862068966
			17.2758620689655	-2.58620689655172
			17.3793103448276	-2.68965517241379
			17.3793103448276	-2.79310344827586
			17.3793103448276	-2.89655172413793
			17.3793103448276	-3
			17.3793103448276	-3.10344827586207
			17.3793103448276	-3.20689655172414
			17.3793103448276	-3.31034482758621
			17.3793103448276	-3.41379310344828
			17.3793103448276	-3.51724137931034
			17.3793103448276	-3.62068965517241
			17.3793103448276	-3.72413793103448
			17.3793103448276	-3.82758620689655
			17.3793103448276	-3.93103448275862
			17.4827586206897	-4.03448275862069
			17.4827586206897	-4.13793103448276
			17.4827586206897	-4.24137931034483
			17.4827586206897	-4.3448275862069
			17.4827586206897	-4.44827586206897
			17.4827586206897	-4.55172413793103
			17.4827586206897	-4.6551724137931
			17.4827586206897	-4.75862068965517
			17.4827586206897	-4.86206896551724
			17.4827586206897	-4.96551724137931
			17.4827586206897	-5.06896551724138
			17.4827586206897	-5.17241379310345
			17.4827586206897	-5.27586206896552
			17.4827586206897	-5.37931034482759
			17.4827586206897	-5.48275862068965
			17.4827586206897	-5.58620689655172
			17.4827586206897	-5.68965517241379
			17.4827586206897	-5.79310344827586
			17.4827586206897	-5.89655172413793
			17.4827586206897	-6
			17.4827586206897	-6.10344827586207
			17.4827586206897	-6.20689655172414
			17.4827586206897	-6.31034482758621
			17.3793103448276	-6.41379310344828
			17.3793103448276	-6.51724137931034
			17.3793103448276	-6.62068965517241
			17.3793103448276	-6.72413793103448
			17.3793103448276	-6.82758620689655
			17.3793103448276	-6.93103448275862
			17.3793103448276	-7.03448275862069
			17.3793103448276	-7.13793103448276
			17.3793103448276	-7.24137931034483
			17.3793103448276	-7.3448275862069
			17.3793103448276	-7.44827586206897
			17.3793103448276	-7.55172413793103
			17.3793103448276	-7.6551724137931
			17.3793103448276	-7.75862068965517
			17.3793103448276	-7.86206896551724
			17.3793103448276	-7.96551724137931
			17.3793103448276	-8.06896551724138
			17.3793103448276	-8.17241379310345
			17.3793103448276	-8.27586206896552
			17.3793103448276	-8.37931034482759
			17.3793103448276	-8.48275862068965
			17.3793103448276	-8.58620689655172
			17.3793103448276	-8.68965517241379
			17.3793103448276	-8.79310344827586
			17.2758620689655	-8.89655172413793
			17.2758620689655	-9
			17.2758620689655	-9.10344827586207
			17.2758620689655	-9.20689655172414
			17.2758620689655	-9.31034482758621
			17.2758620689655	-9.41379310344828
			17.2758620689655	-9.51724137931035
			17.2758620689655	-9.62068965517241
			17.2758620689655	-9.72413793103448
			17.3793103448276	-9.72413793103448
			17.4827586206897	-9.62068965517241
			17.5862068965517	-9.62068965517241
			17.6896551724138	-9.51724137931035
			17.7931034482759	-9.41379310344828
			17.8965517241379	-9.31034482758621
			18	-9.20689655172414
			18.1034482758621	-9.10344827586207
			18.2068965517241	-9
			18.3103448275862	-8.89655172413793
			18.3103448275862	-8.79310344827586
			18.4137931034483	-8.68965517241379
			18.4137931034483	-8.58620689655172
			18.5172413793103	-8.48275862068965
			18.5172413793103	-8.37931034482759
			18.6206896551724	-8.27586206896552
			18.7241379310345	-8.17241379310345
			18.7241379310345	-8.06896551724138
			18.7241379310345	-7.96551724137931
			18.8275862068966	-7.86206896551724
			18.8275862068966	-7.75862068965517
			18.9310344827586	-7.6551724137931
			18.9310344827586	-7.55172413793103
			19.0344827586207	-7.44827586206897
			19.0344827586207	-7.3448275862069
			19.1379310344828	-7.24137931034483
			19.1379310344828	-7.13793103448276
			19.2413793103448	-7.03448275862069
			19.2413793103448	-6.93103448275862
			19.2413793103448	-6.82758620689655
			19.2413793103448	-6.72413793103448
			19.3448275862069	-6.72413793103448
			19.3448275862069	-6.62068965517241
			19.3448275862069	-6.51724137931034
			19.448275862069	-6.41379310344828
			19.448275862069	-6.31034482758621
			19.551724137931	-6.20689655172414
			19.551724137931	-6.10344827586207
			19.551724137931	-6
			19.6551724137931	-5.89655172413793
			19.6551724137931	-5.79310344827586
			19.6551724137931	-5.68965517241379
			19.7586206896552	-5.58620689655172
			19.7586206896552	-5.48275862068965
			19.7586206896552	-5.37931034482759
			19.8620689655172	-5.27586206896552
			19.8620689655172	-5.17241379310345
			19.8620689655172	-5.06896551724138
			19.8620689655172	-4.96551724137931
			19.9655172413793	-4.96551724137931
			19.9655172413793	-4.86206896551724
			19.9655172413793	-4.75862068965517
			19.9655172413793	-4.6551724137931
			19.9655172413793	-4.55172413793103
			20.0689655172414	-4.44827586206897
			20.0689655172414	-4.3448275862069
			20.0689655172414	-4.24137931034483
			20.1724137931034	-4.13793103448276
			20.1724137931034	-4.03448275862069
			20.1724137931034	-3.93103448275862
			20.2758620689655	-3.82758620689655
			20.2758620689655	-3.72413793103448
			20.2758620689655	-3.62068965517241
			20.2758620689655	-3.51724137931034
			20.3793103448276	-3.41379310344828
			20.3793103448276	-3.31034482758621
			20.4827586206897	-3.20689655172414
			20.4827586206897	-3.10344827586207
			20.4827586206897	-3
			20.5862068965517	-3
			20.5862068965517	-2.89655172413793
			20.5862068965517	-2.79310344827586
			20.6896551724138	-2.68965517241379
			20.6896551724138	-2.58620689655172
			20.6896551724138	-2.48275862068966
			20.7931034482759	-2.37931034482759
			20.7931034482759	-2.27586206896552
			20.8965517241379	-2.17241379310345
			20.8965517241379	-2.06896551724138
			21	-1.96551724137931
			21	-1.86206896551724
			21.1034482758621	-1.86206896551724
			21.2068965517241	-1.86206896551724
			21.3103448275862	-1.86206896551724
			21.4137931034483	-1.86206896551724
			21.5172413793103	-1.86206896551724
			21.6206896551724	-1.96551724137931
			21.7241379310345	-2.06896551724138
			21.8275862068966	-2.17241379310345
			21.9310344827586	-2.27586206896552
			21.9310344827586	-2.37931034482759
			21.9310344827586	-2.48275862068966
			21.9310344827586	-2.58620689655172
			21.9310344827586	-2.68965517241379
			21.9310344827586	-2.79310344827586
			21.8275862068966	-2.89655172413793
			21.8275862068966	-3
			21.8275862068966	-3.10344827586207
			21.8275862068966	-3.20689655172414
			21.7241379310345	-3.31034482758621
			21.7241379310345	-3.41379310344828
			21.6206896551724	-3.51724137931034
			21.6206896551724	-3.62068965517241
			21.6206896551724	-3.72413793103448
			21.5172413793103	-3.82758620689655
			21.5172413793103	-3.93103448275862
			21.4137931034483	-4.03448275862069
			21.4137931034483	-4.13793103448276
			21.4137931034483	-4.24137931034483
			21.3103448275862	-4.3448275862069
			21.3103448275862	-4.44827586206897
			21.2068965517241	-4.44827586206897
			21.2068965517241	-4.55172413793103
			21.2068965517241	-4.6551724137931
			21.2068965517241	-4.75862068965517
			21.1034482758621	-4.75862068965517
			21.1034482758621	-4.86206896551724
			21.1034482758621	-4.96551724137931
			21	-5.06896551724138
			21	-5.17241379310345
			20.8965517241379	-5.27586206896552
			20.8965517241379	-5.37931034482759
			20.8965517241379	-5.48275862068965
			20.7931034482759	-5.58620689655172
			20.7931034482759	-5.68965517241379
			20.6896551724138	-5.79310344827586
			20.6896551724138	-5.89655172413793
			20.5862068965517	-6
			20.5862068965517	-6.10344827586207
			20.4827586206897	-6.20689655172414
			20.4827586206897	-6.31034482758621
			20.4827586206897	-6.41379310344828
			20.3793103448276	-6.51724137931034
			20.3793103448276	-6.62068965517241
			20.2758620689655	-6.72413793103448
			20.2758620689655	-6.82758620689655
			20.1724137931034	-6.93103448275862
			20.1724137931034	-7.03448275862069
			20.0689655172414	-7.13793103448276
			20.0689655172414	-7.24137931034483
			20.0689655172414	-7.3448275862069
			19.9655172413793	-7.44827586206897
			19.9655172413793	-7.55172413793103
			19.8620689655172	-7.6551724137931
			19.8620689655172	-7.75862068965517
			19.7586206896552	-7.86206896551724
			19.7586206896552	-7.96551724137931
			19.6551724137931	-8.06896551724138
			19.6551724137931	-8.17241379310345
			19.6551724137931	-8.27586206896552
			19.551724137931	-8.37931034482759
			19.551724137931	-8.48275862068965
			19.448275862069	-8.58620689655172
			19.448275862069	-8.68965517241379
			19.3448275862069	-8.79310344827586
			19.2413793103448	-8.79310344827586
			19.2413793103448	-8.89655172413793
			19.1379310344828	-9
			19.1379310344828	-9.10344827586207
			19.0344827586207	-9.20689655172414
			19.0344827586207	-9.31034482758621
			18.9310344827586	-9.41379310344828
			18.9310344827586	-9.51724137931035
			18.8275862068966	-9.62068965517241
			18.8275862068966	-9.72413793103448
			18.7241379310345	-9.82758620689655
			18.7241379310345	-9.93103448275862
			18.6206896551724	-10.0344827586207
			18.6206896551724	-10.1379310344828
			18.5172413793103	-10.2413793103448
			18.5172413793103	-10.3448275862069
			18.5172413793103	-10.448275862069
			18.4137931034483	-10.551724137931
			18.4137931034483	-10.6551724137931
			18.3103448275862	-10.7586206896552
			18.3103448275862	-10.8620689655172
			18.3103448275862	-10.9655172413793
			18.2068965517241	-11.0689655172414
			18.2068965517241	-11.1724137931034
			18.2068965517241	-11.2758620689655
			18.1034482758621	-11.3793103448276
			18.1034482758621	-11.4827586206897
			18.1034482758621	-11.5862068965517
			18.1034482758621	-11.6896551724138
			18	-11.7931034482759
			18	-11.8965517241379
			18	-12
			18	-12.1034482758621
			17.8965517241379	-12.2068965517241
			17.8965517241379	-12.3103448275862
			17.8965517241379	-12.4137931034483
			17.8965517241379	-12.5172413793103
			17.8965517241379	-12.6206896551724
			17.7931034482759	-12.7241379310345
			17.7931034482759	-12.8275862068966
			17.7931034482759	-12.9310344827586
			17.7931034482759	-13.0344827586207
			17.7931034482759	-13.1379310344828
			17.7931034482759	-13.2413793103448
			17.7931034482759	-13.3448275862069
			17.7931034482759	-13.448275862069
			17.7931034482759	-13.551724137931
			17.6896551724138	-13.6551724137931
			17.6896551724138	-13.7586206896552
			17.6896551724138	-13.8620689655172
			17.6896551724138	-13.9655172413793
			17.6896551724138	-14.0689655172414
			17.6896551724138	-14.1724137931034
			17.6896551724138	-14.2758620689655
			17.6896551724138	-14.3793103448276
			17.6896551724138	-14.4827586206897
			17.6896551724138	-14.5862068965517
			17.6896551724138	-14.6896551724138
			17.6896551724138	-14.7931034482759
			17.6896551724138	-14.8965517241379
			17.6896551724138	-15
			17.6896551724138	-15.1034482758621
			17.6896551724138	-15.2068965517241
			17.6896551724138	-15.3103448275862
			17.6896551724138	-15.4137931034483
			17.6896551724138	-15.5172413793103
			17.6896551724138	-15.6206896551724
			17.6896551724138	-15.7241379310345
			17.6896551724138	-15.8275862068966
			17.6896551724138	-15.9310344827586
			17.6896551724138	-16.0344827586207
			17.6896551724138	-16.1379310344828
			17.6896551724138	-16.2413793103448
			17.6896551724138	-16.3448275862069
			17.6896551724138	-16.448275862069
			17.6896551724138	-16.551724137931
			17.6896551724138	-16.6551724137931
			17.6896551724138	-16.7586206896552
			17.6896551724138	-16.8620689655172
			17.6896551724138	-16.9655172413793
			17.6896551724138	-17.0689655172414
			17.7931034482759	-17.1724137931034
			17.7931034482759	-17.2758620689655
			17.7931034482759	-17.3793103448276
			17.7931034482759	-17.4827586206897
			17.7931034482759	-17.5862068965517
			17.7931034482759	-17.6896551724138
			17.7931034482759	-17.7931034482759
			17.7931034482759	-17.8965517241379
			17.7931034482759	-18
			17.8965517241379	-18.1034482758621
			17.8965517241379	-18.2068965517241
			17.8965517241379	-18.3103448275862
			17.8965517241379	-18.4137931034483
			17.8965517241379	-18.5172413793103
			17.8965517241379	-18.6206896551724
			17.8965517241379	-18.7241379310345
			18	-18.8275862068966
			18	-18.9310344827586
			18	-19.0344827586207
			18.1034482758621	-19.0344827586207
			18.2068965517241	-19.0344827586207
			18.3103448275862	-19.0344827586207
			18.4137931034483	-19.0344827586207
			18.5172413793103	-19.1379310344828
			18.6206896551724	-19.1379310344828
			18.7241379310345	-19.1379310344828
			18.8275862068966	-19.1379310344828
			18.9310344827586	-19.1379310344828
			19.0344827586207	-19.1379310344828
			19.1379310344828	-19.1379310344828
			19.2413793103448	-19.2413793103448
			19.3448275862069	-19.2413793103448
			19.448275862069	-19.2413793103448
			19.551724137931	-19.2413793103448
			19.6551724137931	-19.2413793103448
			19.7586206896552	-19.2413793103448
			19.8620689655172	-19.3448275862069
			19.9655172413793	-19.3448275862069
			20.0689655172414	-19.3448275862069
			20.1724137931034	-19.3448275862069
			20.2758620689655	-19.3448275862069
			20.3793103448276	-19.448275862069
			20.4827586206897	-19.448275862069
			20.5862068965517	-19.448275862069
			20.6896551724138	-19.551724137931
			20.7931034482759	-19.551724137931
			20.8965517241379	-19.551724137931
			21	-19.551724137931
			21.1034482758621	-19.6551724137931
			21.2068965517241	-19.6551724137931
			21.3103448275862	-19.6551724137931
			21.4137931034483	-19.7586206896552
			21.5172413793103	-19.7586206896552
			21.6206896551724	-19.7586206896552
			21.7241379310345	-19.8620689655172
			21.8275862068966	-19.8620689655172
			21.9310344827586	-19.8620689655172
			22.0344827586207	-19.9655172413793
			22.1379310344828	-19.9655172413793
			22.2413793103448	-20.0689655172414
			22.3448275862069	-20.0689655172414
			22.448275862069	-20.0689655172414
			22.551724137931	-20.1724137931034
			22.6551724137931	-20.1724137931034
			22.7586206896552	-20.2758620689655
			22.8620689655172	-20.2758620689655
			22.9655172413793	-20.3793103448276
			23.0689655172414	-20.3793103448276
			23.1724137931034	-20.4827586206897
			23.2758620689655	-20.4827586206897
			23.3793103448276	-20.5862068965517
			23.4827586206897	-20.5862068965517
			23.5862068965517	-20.6896551724138
			23.6896551724138	-20.6896551724138
			23.7931034482759	-20.7931034482759
			23.8965517241379	-20.7931034482759
			24	-20.8965517241379
			24.1034482758621	-20.8965517241379
			24.2068965517241	-21
			24.3103448275862	-21
			24.4137931034483	-21.1034482758621
			24.5172413793103	-21.2068965517241
			24.6206896551724	-21.2068965517241
			24.7241379310345	-21.3103448275862
			24.8275862068966	-21.3103448275862
			24.9310344827586	-21.4137931034483
			25.0344827586207	-21.5172413793103
			25.1379310344828	-21.5172413793103
			25.1379310344828	-21.6206896551724
			25.2413793103448	-21.6206896551724
			25.3448275862069	-21.7241379310345
			25.448275862069	-21.8275862068966
			25.551724137931	-21.8275862068966
			25.6551724137931	-21.9310344827586
			25.7586206896552	-22.0344827586207
			25.8620689655172	-22.1379310344828
			25.9655172413793	-22.2413793103448
			26.0689655172414	-22.3448275862069
			26.1724137931034	-22.448275862069
			26.2758620689655	-22.551724137931
			26.3793103448276	-22.6551724137931
			26.4827586206897	-22.6551724137931
			26.5862068965517	-22.7586206896552
			26.6896551724138	-22.8620689655172
			26.7931034482759	-22.9655172413793
			26.8965517241379	-23.0689655172414
			27	-23.1724137931034
			27.1034482758621	-23.2758620689655
			27.1034482758621	-23.3793103448276
			27.1034482758621	-23.4827586206897
			27.2068965517241	-23.5862068965517
			27.2068965517241	-23.6896551724138
			27.3103448275862	-23.7931034482759
			27.3103448275862	-23.8965517241379
			27.3103448275862	-24
			27.4137931034483	-24.1034482758621
			27.4137931034483	-24.2068965517241
			27.5172413793103	-24.3103448275862
			27.5172413793103	-24.4137931034483
			27.5172413793103	-24.5172413793103
			27.6206896551724	-24.6206896551724
			27.6206896551724	-24.7241379310345
			27.7241379310345	-24.8275862068966
			27.7241379310345	-24.9310344827586
			27.7241379310345	-25.0344827586207
			27.8275862068966	-25.1379310344828
			27.8275862068966	-25.2413793103448
			27.8275862068966	-25.3448275862069
			27.9310344827586	-25.448275862069
			27.9310344827586	-25.551724137931
			28.0344827586207	-25.6551724137931
			28.0344827586207	-25.7586206896552
			28.0344827586207	-25.8620689655172
			28.1379310344828	-25.9655172413793
			28.1379310344828	-26.0689655172414
			28.1379310344828	-26.1724137931034
			28.2413793103448	-26.2758620689655
			28.2413793103448	-26.3793103448276
			28.3448275862069	-26.4827586206897
			28.3448275862069	-26.5862068965517
			28.3448275862069	-26.6896551724138
			28.448275862069	-26.7931034482759
			28.448275862069	-26.8965517241379
			28.448275862069	-27
			28.551724137931	-27.1034482758621
			28.551724137931	-27.2068965517241
			28.551724137931	-27.3103448275862
			28.6551724137931	-27.4137931034483
			28.6551724137931	-27.5172413793103
			28.6551724137931	-27.6206896551724
			28.7586206896552	-27.7241379310345
			28.7586206896552	-27.8275862068966
			28.7586206896552	-27.9310344827586
			28.8620689655172	-28.0344827586207
			28.8620689655172	-28.1379310344828
			28.8620689655172	-28.2413793103448
			28.9655172413793	-28.3448275862069
			28.9655172413793	-28.448275862069
			28.9655172413793	-28.551724137931
			29.0689655172414	-28.6551724137931
			29.0689655172414	-28.7586206896552
			29.0689655172414	-28.8620689655172
			29.1724137931034	-28.9655172413793
			29.1724137931034	-29.0689655172414
			29.1724137931034	-29.1724137931034
			29.2758620689655	-29.2758620689655
			29.2758620689655	-29.3793103448276
			29.2758620689655	-29.4827586206897
			29.3793103448276	-29.5862068965517
			29.3793103448276	-29.6896551724138
			29.3793103448276	-29.7931034482759
			29.4827586206897	-29.8965517241379
			29.4827586206897	-30
			29.4827586206897	-30.1034482758621
			29.5862068965517	-30.2068965517241
			29.5862068965517	-30.3103448275862
			29.5862068965517	-30.4137931034483
			29.6896551724138	-30.5172413793103
			29.6896551724138	-30.6206896551724
			29.6896551724138	-30.7241379310345
			29.6896551724138	-30.8275862068966
			29.7931034482759	-30.9310344827586
			29.7931034482759	-31.0344827586207
			29.7931034482759	-31.1379310344828
			29.8965517241379	-31.2413793103448
			29.8965517241379	-31.3448275862069
			29.8965517241379	-31.448275862069
			30	-31.551724137931
			30	-31.6551724137931
		</anterior>
		<posterior type=matrix rownames=FALSE colnames=FALSE nrow=292 ncol=2 as.numeric=TRUE >
			17.4827586206897	-31.6551724137931
			17.5862068965517	-31.6551724137931
			17.6896551724138	-31.6551724137931
			17.7931034482759	-31.6551724137931
			17.8965517241379	-31.7586206896552
			18	-31.7586206896552
			18.1034482758621	-31.7586206896552
			18.2068965517241	-31.7586206896552
			18.3103448275862	-31.7586206896552
			18.4137931034483	-31.7586206896552
			18.5172413793103	-31.7586206896552
			18.6206896551724	-31.7586206896552
			18.7241379310345	-31.7586206896552
			18.8275862068966	-31.8620689655172
			18.9310344827586	-31.8620689655172
			19.0344827586207	-31.8620689655172
			19.1379310344828	-31.8620689655172
			19.2413793103448	-31.8620689655172
			19.3448275862069	-31.8620689655172
			19.448275862069	-31.8620689655172
			19.551724137931	-31.8620689655172
			19.6551724137931	-31.8620689655172
			19.7586206896552	-31.8620689655172
			19.8620689655172	-31.8620689655172
			19.9655172413793	-31.8620689655172
			20.0689655172414	-31.8620689655172
			20.1724137931034	-31.8620689655172
			20.2758620689655	-31.8620689655172
			20.3793103448276	-31.8620689655172
			20.4827586206897	-31.8620689655172
			20.5862068965517	-31.8620689655172
			20.6896551724138	-31.8620689655172
			20.7931034482759	-31.8620689655172
			20.8965517241379	-31.8620689655172
			21	-31.8620689655172
			21.1034482758621	-31.8620689655172
			21.2068965517241	-31.8620689655172
			21.3103448275862	-31.8620689655172
			21.4137931034483	-31.8620689655172
			21.5172413793103	-31.8620689655172
			21.6206896551724	-31.8620689655172
			21.7241379310345	-31.8620689655172
			21.8275862068966	-31.8620689655172
			21.9310344827586	-31.8620689655172
			22.0344827586207	-31.8620689655172
			22.1379310344828	-31.8620689655172
			22.2413793103448	-31.8620689655172
			22.3448275862069	-31.8620689655172
			22.448275862069	-31.8620689655172
			22.551724137931	-31.8620689655172
			22.6551724137931	-31.7586206896552
			22.7586206896552	-31.7586206896552
			22.8620689655172	-31.7586206896552
			22.9655172413793	-31.7586206896552
			23.0689655172414	-31.7586206896552
			23.1724137931034	-31.7586206896552
			23.2758620689655	-31.7586206896552
			23.3793103448276	-31.8620689655172
			23.4827586206897	-31.8620689655172
			23.5862068965517	-31.8620689655172
			23.6896551724138	-31.8620689655172
			23.7931034482759	-31.8620689655172
			23.8965517241379	-31.9655172413793
			24	-31.9655172413793
			24.1034482758621	-31.9655172413793
			24.2068965517241	-31.9655172413793
			24.2068965517241	-32.0689655172414
			24.3103448275862	-32.0689655172414
			24.4137931034483	-32.0689655172414
			24.5172413793103	-32.0689655172414
			24.6206896551724	-32.0689655172414
			24.7241379310345	-32.1724137931034
			24.8275862068966	-32.1724137931034
			24.9310344827586	-32.1724137931034
			25.0344827586207	-32.2758620689655
			25.1379310344828	-32.2758620689655
			25.2413793103448	-32.2758620689655
			25.3448275862069	-32.2758620689655
			25.448275862069	-32.3793103448276
			25.551724137931	-32.3793103448276
			25.6551724137931	-32.3793103448276
			25.7586206896552	-32.4827586206897
			25.8620689655172	-32.4827586206897
			25.9655172413793	-32.4827586206897
			26.0689655172414	-32.5862068965517
			26.1724137931034	-32.5862068965517
			26.2758620689655	-32.6896551724138
			26.3793103448276	-32.6896551724138
			26.4827586206897	-32.6896551724138
			26.5862068965517	-32.6896551724138
			26.5862068965517	-32.7931034482759
			26.6896551724138	-32.7931034482759
			26.7931034482759	-32.7931034482759
			26.8965517241379	-32.8965517241379
			27	-32.8965517241379
			27.1034482758621	-33
			27.2068965517241	-33
			27.3103448275862	-33.1034482758621
			27.4137931034483	-33.1034482758621
			27.5172413793103	-33.1034482758621
			27.6206896551724	-33.2068965517241
			27.7241379310345	-33.2068965517241
			27.8275862068966	-33.3103448275862
			27.9310344827586	-33.4137931034483
			28.0344827586207	-33.4137931034483
			28.1379310344828	-33.4137931034483
			28.1379310344828	-33.5172413793103
			28.2413793103448	-33.5172413793103
			28.3448275862069	-33.6206896551724
			28.448275862069	-33.6206896551724
			28.551724137931	-33.7241379310345
			28.6551724137931	-33.8275862068965
			28.7586206896552	-33.8275862068965
			28.8620689655172	-33.9310344827586
			28.9655172413793	-34.0344827586207
			29.0689655172414	-34.1379310344828
			29.1724137931034	-34.2413793103448
			29.1724137931034	-34.3448275862069
			29.2758620689655	-34.448275862069
			29.3793103448276	-34.448275862069
			29.3793103448276	-34.551724137931
			29.4827586206897	-34.6551724137931
			29.4827586206897	-34.7586206896552
			29.5862068965517	-34.8620689655172
			29.6896551724138	-34.9655172413793
			29.6896551724138	-35.0689655172414
			29.7931034482759	-35.1724137931034
			29.7931034482759	-35.2758620689655
			29.8965517241379	-35.3793103448276
			29.8965517241379	-35.4827586206897
			30	-35.5862068965517
			30	-35.6896551724138
			30.1034482758621	-35.7931034482759
			30.1034482758621	-35.8965517241379
			30.1034482758621	-36
			30.2068965517241	-36.1034482758621
			30.2068965517241	-36.2068965517241
			30.2068965517241	-36.3103448275862
			30.3103448275862	-36.3103448275862
			30.3103448275862	-36.4137931034483
			30.3103448275862	-36.5172413793103
			30.3103448275862	-36.6206896551724
			30.4137931034483	-36.6206896551724
			30.4137931034483	-36.7241379310345
			30.4137931034483	-36.8275862068965
			30.4137931034483	-36.9310344827586
			30.5172413793103	-37.0344827586207
			30.5172413793103	-37.1379310344828
			30.5172413793103	-37.2413793103448
			30.5172413793103	-37.3448275862069
			30.6206896551724	-37.448275862069
			30.6206896551724	-37.551724137931
			30.6206896551724	-37.6551724137931
			30.6206896551724	-37.7586206896552
			30.6206896551724	-37.8620689655172
			30.7241379310345	-37.9655172413793
			30.7241379310345	-38.0689655172414
			30.7241379310345	-38.1724137931034
			30.7241379310345	-38.2758620689655
			30.7241379310345	-38.3793103448276
			30.7241379310345	-38.4827586206897
			30.8275862068966	-38.5862068965517
			30.8275862068966	-38.6896551724138
			30.8275862068966	-38.7931034482759
			30.8275862068966	-38.8965517241379
			30.8275862068966	-39
			30.8275862068966	-39.1034482758621
			30.9310344827586	-39.2068965517241
			30.9310344827586	-39.3103448275862
			30.9310344827586	-39.4137931034483
			30.9310344827586	-39.5172413793103
			31.0344827586207	-39.6206896551724
			31.0344827586207	-39.7241379310345
			31.0344827586207	-39.8275862068965
			31.0344827586207	-39.9310344827586
			31.1379310344828	-39.9310344827586
			31.1379310344828	-40.0344827586207
			31.1379310344828	-40.1379310344828
			31.1379310344828	-40.2413793103448
			31.2413793103448	-40.2413793103448
			31.2413793103448	-40.3448275862069
			31.2413793103448	-40.448275862069
			31.2413793103448	-40.551724137931
			31.3448275862069	-40.6551724137931
			31.3448275862069	-40.7586206896552
			31.448275862069	-40.8620689655172
			31.448275862069	-40.9655172413793
			31.448275862069	-41.0689655172414
			31.448275862069	-41.1724137931034
			31.551724137931	-41.1724137931034
			31.551724137931	-41.2758620689655
			31.551724137931	-41.3793103448276
			31.6551724137931	-41.3793103448276
			31.6551724137931	-41.4827586206897
			31.6551724137931	-41.3793103448276
			31.6551724137931	-41.2758620689655
			31.6551724137931	-41.1724137931034
			31.6551724137931	-41.0689655172414
			31.6551724137931	-40.9655172413793
			31.6551724137931	-40.8620689655172
			31.6551724137931	-40.7586206896552
			31.6551724137931	-40.6551724137931
			31.6551724137931	-40.551724137931
			31.6551724137931	-40.448275862069
			31.551724137931	-40.448275862069
			31.551724137931	-40.3448275862069
			31.551724137931	-40.2413793103448
			31.551724137931	-40.1379310344828
			31.551724137931	-40.0344827586207
			31.551724137931	-39.9310344827586
			31.551724137931	-39.8275862068965
			31.448275862069	-39.7241379310345
			31.448275862069	-39.6206896551724
			31.448275862069	-39.5172413793103
			31.448275862069	-39.4137931034483
			31.448275862069	-39.3103448275862
			31.448275862069	-39.2068965517241
			31.3448275862069	-39.1034482758621
			31.3448275862069	-39
			31.3448275862069	-38.8965517241379
			31.3448275862069	-38.7931034482759
			31.3448275862069	-38.6896551724138
			31.3448275862069	-38.5862068965517
			31.2413793103448	-38.4827586206897
			31.2413793103448	-38.3793103448276
			31.2413793103448	-38.2758620689655
			31.2413793103448	-38.1724137931034
			31.2413793103448	-38.0689655172414
			31.2413793103448	-37.9655172413793
			31.1379310344828	-37.8620689655172
			31.1379310344828	-37.7586206896552
			31.1379310344828	-37.6551724137931
			31.1379310344828	-37.551724137931
			31.1379310344828	-37.448275862069
			31.1379310344828	-37.3448275862069
			31.0344827586207	-37.3448275862069
			31.0344827586207	-37.2413793103448
			31.0344827586207	-37.1379310344828
			31.0344827586207	-37.0344827586207
			31.0344827586207	-36.9310344827586
			31.0344827586207	-36.8275862068965
			30.9310344827586	-36.7241379310345
			30.9310344827586	-36.6206896551724
			30.9310344827586	-36.5172413793103
			30.9310344827586	-36.4137931034483
			30.9310344827586	-36.3103448275862
			30.9310344827586	-36.2068965517241
			30.8275862068966	-36.2068965517241
			30.8275862068966	-36.1034482758621
			30.8275862068966	-36
			30.8275862068966	-35.8965517241379
			30.8275862068966	-35.7931034482759
			30.7241379310345	-35.6896551724138
			30.7241379310345	-35.5862068965517
			30.7241379310345	-35.4827586206897
			30.7241379310345	-35.3793103448276
			30.7241379310345	-35.2758620689655
			30.7241379310345	-35.1724137931034
			30.6206896551724	-35.0689655172414
			30.6206896551724	-34.9655172413793
			30.6206896551724	-34.8620689655172
			30.6206896551724	-34.7586206896552
			30.6206896551724	-34.6551724137931
			30.5172413793103	-34.551724137931
			30.5172413793103	-34.448275862069
			30.5172413793103	-34.3448275862069
			30.5172413793103	-34.2413793103448
			30.5172413793103	-34.1379310344828
			30.4137931034483	-34.0344827586207
			30.4137931034483	-33.9310344827586
			30.4137931034483	-33.8275862068965
			30.4137931034483	-33.7241379310345
			30.4137931034483	-33.6206896551724
			30.4137931034483	-33.5172413793103
			30.3103448275862	-33.4137931034483
			30.3103448275862	-33.3103448275862
			30.3103448275862	-33.2068965517241
			30.3103448275862	-33.1034482758621
			30.3103448275862	-33
			30.2068965517241	-32.8965517241379
			30.2068965517241	-32.7931034482759
			30.2068965517241	-32.6896551724138
			30.2068965517241	-32.5862068965517
			30.2068965517241	-32.4827586206897
			30.1034482758621	-32.3793103448276
			30.1034482758621	-32.2758620689655
			30.1034482758621	-32.1724137931034
			30.1034482758621	-32.0689655172414
			30.1034482758621	-31.9655172413793
			30	-31.8620689655172
			30	-31.7586206896552
			30	-31.6551724137931
		</posterior>
	</curves.scaled>
	<ruler.points type=matrix rownames=TRUE colnames=FALSE nrow=2 ncol=2 as.numeric=TRUE >
		Ruler point 1	279	120
		Ruler point 2	337	120
	</ruler.points>
</shapes>

