<shapes type=list>
	<ruler.pixel type=vector names=FALSE length=1 as.numeric=TRUE >146</ruler.pixel>
	<ruler.interval type=vector names=FALSE length=1 as.numeric=TRUE >16</ruler.interval>
	<scaling.units type=vector names=FALSE length=1 as.numeric=FALSE >mm</scaling.units>
	<scaling type=vector names=FALSE length=1 as.numeric=TRUE >0.10958904109589</scaling>
	<landmarks.pixel type=matrix rownames=TRUE colnames=FALSE nrow=16 ncol=2 as.numeric=TRUE >
		LM1	360	10
		LM2	360	19
		LM3	356	173
		LM4	356	204
		LM5	443	82
		LM6	392	183
		LM7	398	200
		LM8	435	100
		LM9	451	169
		LM10	360	15
		LM11	490	162
		LM12	511	167
		LM13	360	10
		LM14	489	139
		LM15	531	204
		LM16	634	500
	</landmarks.pixel>
	<landmarks.scaled type=matrix rownames=TRUE colnames=FALSE nrow=16 ncol=2 as.numeric=TRUE >
		LM1	39.4520547945205	-1.0958904109589
		LM2	39.4520547945205	-2.08219178082192
		LM3	39.013698630137	-18.958904109589
		LM4	39.013698630137	-22.3561643835616
		LM5	48.5479452054795	-8.98630136986301
		LM6	42.958904109589	-20.0547945205479
		LM7	43.6164383561644	-21.9178082191781
		LM8	47.6712328767123	-10.958904109589
		LM9	49.4246575342466	-18.5205479452055
		LM10	39.4520547945205	-1.64383561643836
		LM11	53.6986301369863	-17.7534246575342
		LM12	56	-18.3013698630137
		LM13	39.4520547945205	-1.0958904109589
		LM14	53.5890410958904	-15.2328767123288
		LM15	58.1917808219178	-22.3561643835616
		LM16	69.4794520547945	-54.7945205479452
	</landmarks.scaled>
	<curves.control type=list>
		<glabella type=matrix rownames=FALSE colnames=FALSE nrow=15 ncol=2 as.numeric=TRUE >
			360	19
			412	37
			435	68
			449	85
			437	90
			427	96
			431	110
			418	134
			408	144
			399	156
			396	159
			408	169
			392	178
			400	187
			398	200
		</glabella>
		<suture type=matrix rownames=FALSE colnames=FALSE nrow=15 ncol=2 as.numeric=TRUE >
			360	15
			433	49
			442	75
			445	82
			443	89
			477	106
			483	125
			484	147
			470	158
			462	163
			451	163
			462	175
			489	160
			502	161
			511	167
		</suture>
		<anterior type=matrix rownames=FALSE colnames=FALSE nrow=5 ncol=2 as.numeric=TRUE >
			360	10
			455	57
			478	105
			503	149
			531	204
		</anterior>
		<posterior type=matrix rownames=FALSE colnames=FALSE nrow=15 ncol=2 as.numeric=TRUE >
			356	204
			366	212
			398	201
			439	203
			504	233
			581	304
			602	373
			619	434
			628	480
			631	522
			640	481
			634	384
			595	304
			553	229
			531	204
		</posterior>
	</curves.control>
	<curves.pixel type=list>
		<glabella type=matrix rownames=FALSE colnames=FALSE nrow=219 ncol=2 as.numeric=TRUE >
			360	19
			361	19
			362	20
			363	20
			364	20
			365	21
			366	21
			367	22
			368	22
			369	22
			370	23
			371	23
			372	24
			373	24
			374	24
			375	25
			376	25
			377	26
			378	26
			379	26
			380	27
			381	27
			382	28
			383	28
			384	29
			385	29
			386	30
			387	30
			388	31
			389	31
			390	32
			391	32
			392	33
			393	33
			394	34
			395	34
			395	35
			396	35
			397	35
			398	36
			399	37
			400	37
			401	38
			402	38
			403	39
			404	39
			404	40
			405	40
			406	41
			407	42
			408	43
			409	43
			410	44
			411	44
			412	45
			413	46
			414	47
			415	48
			416	49
			417	50
			418	50
			419	51
			420	52
			421	53
			422	54
			423	54
			424	55
			425	56
			426	57
			426	58
			427	59
			428	60
			429	61
			430	61
			430	62
			431	63
			432	64
			433	65
			433	66
			434	67
			435	68
			436	69
			437	70
			437	71
			438	72
			439	73
			439	74
			440	75
			441	76
			441	77
			442	78
			442	79
			442	80
			442	81
			442	82
			443	83
			442	84
			442	85
			442	86
			441	87
			441	88
			440	88
			439	89
			438	90
			437	90
			436	91
			435	92
			434	92
			433	93
			432	94
			432	95
			431	96
			431	97
			431	98
			430	99
			430	100
			430	101
			430	102
			430	103
			430	104
			430	105
			430	106
			430	107
			431	108
			431	109
			431	110
			431	111
			430	112
			429	113
			429	114
			428	115
			428	116
			427	117
			427	118
			426	119
			425	120
			425	121
			424	122
			424	123
			423	124
			422	125
			421	126
			421	127
			420	128
			420	129
			419	130
			418	131
			418	132
			417	133
			416	134
			416	135
			415	135
			415	136
			414	137
			413	138
			412	139
			412	140
			411	141
			410	142
			409	143
			408	144
			407	145
			406	146
			406	147
			405	148
			404	149
			403	150
			403	151
			402	152
			401	153
			400	154
			399	155
			399	156
			398	157
			397	158
			396	159
			397	160
			398	161
			399	162
			400	163
			400	164
			401	165
			401	166
			401	167
			401	168
			401	169
			401	170
			400	171
			400	172
			399	172
			398	173
			397	174
			396	175
			395	176
			394	177
			393	177
			392	178
			393	179
			394	180
			394	181
			395	182
			396	183
			396	184
			397	185
			397	186
			397	187
			397	188
			398	189
			398	190
			398	191
			398	192
			398	193
			398	194
			398	195
			398	196
			398	197
			398	198
			398	199
			398	200
		</glabella>
		<suture type=matrix rownames=FALSE colnames=FALSE nrow=277 ncol=2 as.numeric=TRUE >
			360	15
			361	16
			362	16
			363	17
			364	17
			365	17
			365	18
			366	18
			367	18
			368	19
			369	19
			370	20
			371	20
			372	21
			373	21
			374	22
			375	22
			376	23
			377	23
			378	24
			379	24
			380	25
			381	25
			382	26
			383	26
			384	27
			385	27
			386	28
			387	29
			388	29
			389	30
			390	30
			391	31
			392	31
			393	32
			394	32
			394	33
			395	33
			396	34
			397	34
			398	35
			399	35
			400	36
			401	36
			402	37
			403	38
			404	38
			405	39
			406	40
			407	40
			408	41
			409	41
			410	42
			411	43
			412	44
			413	44
			414	45
			415	46
			416	46
			417	47
			418	48
			419	48
			420	49
			420	50
			421	50
			422	51
			423	52
			424	52
			424	53
			425	54
			426	54
			427	55
			428	56
			429	57
			430	58
			431	59
			432	60
			433	61
			434	62
			435	63
			435	64
			436	65
			437	66
			438	67
			439	68
			439	69
			440	70
			440	71
			441	72
			441	73
			442	74
			442	75
			442	76
			443	77
			443	78
			443	79
			443	80
			444	81
			444	82
			444	83
			444	84
			444	85
			444	86
			443	87
			443	88
			443	89
			444	90
			445	90
			446	91
			447	91
			448	92
			449	92
			450	92
			450	93
			451	93
			452	94
			453	94
			453	95
			454	95
			455	95
			455	96
			456	96
			457	97
			458	97
			459	98
			460	99
			461	100
			462	100
			463	101
			464	102
			465	103
			466	103
			467	104
			468	104
			468	105
			469	106
			470	106
			470	107
			471	108
			472	108
			472	109
			473	109
			474	110
			474	111
			475	111
			475	112
			476	113
			477	114
			478	115
			479	116
			479	117
			480	118
			480	119
			481	119
			481	120
			481	121
			482	122
			482	123
			483	124
			483	125
			483	126
			483	127
			483	128
			483	129
			483	130
			483	131
			483	132
			483	133
			483	134
			483	135
			482	136
			482	137
			482	138
			482	139
			482	140
			481	141
			481	142
			481	143
			480	144
			480	145
			479	146
			479	147
			479	148
			478	149
			477	150
			477	151
			476	151
			476	152
			475	153
			474	154
			474	155
			473	155
			472	156
			472	157
			471	157
			470	158
			469	158
			469	159
			468	159
			467	160
			466	160
			465	161
			464	161
			463	161
			462	162
			461	162
			460	162
			459	162
			458	162
			457	163
			456	163
			455	163
			454	163
			453	163
			452	163
			452	164
			453	165
			454	165
			455	166
			456	166
			456	167
			457	167
			458	168
			459	168
			460	168
			461	168
			462	168
			463	168
			464	168
			465	168
			466	168
			467	168
			468	168
			469	168
			470	168
			471	168
			472	167
			473	167
			474	167
			475	166
			476	166
			477	166
			478	165
			479	165
			480	165
			481	164
			482	164
			483	163
			484	163
			485	162
			486	161
			487	161
			488	160
			489	160
			490	160
			491	160
			492	160
			493	160
			494	161
			495	161
			496	161
			497	161
			498	161
			499	162
			500	162
			501	162
			502	163
			503	163
			504	163
			505	164
			506	164
			507	165
			508	165
			509	166
			510	166
			510	167
			511	167
		</suture>
		<anterior type=matrix rownames=FALSE colnames=FALSE nrow=240 ncol=2 as.numeric=TRUE >
			360	10
			361	11
			362	11
			363	12
			364	12
			365	12
			366	13
			367	14
			368	14
			369	15
			370	15
			371	16
			372	16
			373	17
			374	17
			375	18
			376	18
			377	19
			378	19
			379	20
			380	20
			381	21
			382	21
			383	22
			384	22
			385	23
			386	24
			387	24
			388	25
			389	25
			390	26
			391	27
			392	27
			393	27
			393	28
			394	28
			395	29
			396	29
			396	30
			397	30
			398	30
			399	31
			400	32
			401	32
			402	33
			403	33
			404	34
			405	35
			406	36
			407	36
			408	37
			409	38
			410	38
			411	39
			412	39
			413	40
			414	41
			415	41
			416	42
			417	43
			418	43
			419	44
			420	45
			421	45
			422	46
			423	46
			424	47
			424	48
			425	48
			426	49
			427	50
			428	50
			429	51
			430	52
			431	52
			431	53
			432	53
			433	54
			434	55
			435	55
			435	56
			436	57
			437	57
			438	58
			439	59
			440	60
			441	61
			442	61
			443	62
			444	63
			445	64
			446	64
			446	65
			447	66
			448	67
			449	68
			450	68
			451	69
			451	70
			452	71
			453	71
			454	72
			454	73
			455	74
			456	74
			457	75
			457	76
			458	77
			459	78
			460	78
			460	79
			461	80
			462	81
			463	82
			464	83
			464	84
			465	85
			466	86
			467	87
			467	88
			468	89
			469	90
			469	91
			470	91
			471	92
			471	93
			472	94
			473	95
			473	96
			474	97
			474	98
			475	99
			475	100
			476	101
			476	102
			477	103
			477	104
			478	104
			478	105
			479	106
			479	107
			480	108
			480	109
			481	110
			482	111
			482	112
			483	113
			483	114
			484	115
			484	116
			485	117
			485	118
			486	119
			486	120
			487	121
			488	122
			488	123
			489	124
			489	125
			490	126
			490	127
			491	128
			491	129
			492	130
			492	131
			493	132
			494	133
			494	134
			495	135
			495	136
			496	137
			496	138
			497	139
			498	140
			498	141
			499	142
			499	143
			500	144
			500	145
			501	146
			501	147
			502	148
			503	149
			503	150
			503	151
			504	152
			504	153
			505	154
			506	155
			506	156
			507	157
			507	158
			508	159
			508	160
			509	161
			509	162
			510	163
			510	164
			511	165
			511	166
			512	167
			513	168
			513	169
			513	170
			514	171
			515	172
			515	173
			516	174
			516	175
			517	176
			517	177
			517	178
			518	178
			518	179
			519	180
			519	181
			519	182
			520	182
			520	183
			521	184
			521	185
			522	186
			522	187
			523	188
			523	189
			524	190
			524	191
			525	192
			525	193
			526	194
			527	195
			527	196
			528	197
			528	198
			529	199
			529	200
			530	201
			530	202
			531	203
			531	204
		</anterior>
		<posterior type=matrix rownames=FALSE colnames=FALSE nrow=753 ncol=2 as.numeric=TRUE >
			356	204
			357	205
			358	205
			359	206
			360	206
			361	207
			362	207
			363	207
			364	207
			365	207
			366	207
			367	207
			368	207
			369	207
			370	207
			371	207
			372	207
			373	207
			374	207
			375	207
			376	207
			377	207
			378	206
			379	206
			380	206
			381	206
			382	206
			383	205
			384	205
			385	205
			386	205
			387	205
			387	204
			388	204
			389	204
			390	203
			391	203
			392	203
			393	203
			394	202
			395	202
			396	202
			397	201
			398	201
			399	201
			400	201
			401	201
			402	201
			403	201
			404	201
			405	202
			406	202
			407	202
			408	202
			409	202
			410	202
			411	202
			412	202
			413	203
			414	203
			415	203
			416	203
			417	203
			418	203
			419	204
			420	204
			421	204
			422	204
			423	204
			424	205
			425	205
			426	205
			427	205
			428	205
			429	206
			430	206
			431	206
			432	206
			433	207
			434	207
			435	207
			436	207
			437	208
			438	208
			439	208
			440	209
			441	209
			442	209
			443	209
			444	210
			445	210
			446	210
			447	211
			448	211
			449	211
			450	212
			451	212
			452	212
			453	212
			453	213
			454	213
			455	213
			456	213
			457	214
			458	214
			459	215
			460	215
			461	215
			462	216
			463	216
			464	216
			465	217
			466	217
			467	217
			468	218
			469	218
			470	219
			471	219
			472	219
			473	220
			474	220
			475	221
			476	221
			477	221
			478	222
			479	222
			480	223
			481	223
			482	223
			483	224
			484	224
			485	225
			486	225
			487	226
			488	226
			489	226
			490	227
			491	227
			492	228
			493	228
			494	229
			495	229
			496	229
			497	230
			498	230
			499	231
			500	231
			501	232
			502	232
			503	232
			504	233
			505	234
			506	235
			507	236
			508	237
			509	238
			510	239
			511	240
			512	240
			512	241
			513	242
			514	242
			514	243
			515	243
			516	244
			516	245
			517	245
			518	246
			518	247
			519	247
			519	248
			520	248
			521	249
			521	250
			522	250
			523	251
			523	252
			524	252
			524	253
			525	253
			526	254
			526	255
			527	255
			528	256
			528	257
			529	257
			529	258
			530	259
			531	259
			531	260
			532	260
			532	261
			533	262
			534	263
			535	264
			536	265
			537	266
			538	267
			538	268
			539	268
			540	269
			540	270
			541	271
			542	271
			542	272
			543	273
			544	274
			545	275
			546	276
			547	277
			547	278
			548	279
			549	280
			550	281
			550	282
			551	282
			552	283
			553	284
			553	285
			554	286
			555	287
			555	288
			556	289
			557	290
			557	291
			558	291
			559	292
			560	293
			560	294
			561	295
			562	296
			562	297
			563	298
			564	299
			564	300
			565	300
			565	301
			566	302
			567	303
			567	304
			568	305
			569	306
			569	307
			570	308
			570	309
			571	309
			572	310
			572	311
			573	312
			573	313
			574	314
			575	315
			575	316
			576	317
			577	318
			577	319
			578	320
			578	321
			579	321
			579	322
			579	323
			580	323
			580	324
			581	325
			581	326
			582	327
			583	328
			583	329
			584	330
			584	331
			584	332
			585	332
			585	333
			586	334
			586	335
			587	336
			587	337
			588	338
			588	339
			589	340
			589	341
			590	342
			590	343
			591	344
			591	345
			592	346
			592	347
			593	348
			593	349
			594	350
			594	351
			594	352
			595	353
			595	354
			596	355
			596	356
			596	357
			597	358
			597	359
			598	360
			598	361
			598	362
			599	363
			599	364
			599	365
			600	366
			600	367
			600	368
			601	368
			601	369
			601	370
			601	371
			602	372
			602	373
			602	374
			603	375
			603	376
			603	377
			603	378
			604	379
			604	380
			604	381
			605	382
			605	383
			605	384
			605	385
			606	386
			606	387
			606	388
			606	389
			607	390
			607	391
			607	392
			607	393
			608	394
			608	395
			608	396
			608	397
			609	398
			609	399
			609	400
			609	401
			610	402
			610	403
			610	404
			611	405
			611	406
			611	407
			612	408
			612	409
			612	410
			612	411
			612	412
			613	412
			613	413
			613	414
			613	415
			613	416
			614	416
			614	417
			614	418
			614	419
			614	420
			615	420
			615	421
			615	422
			615	423
			615	424
			616	424
			616	425
			616	426
			616	427
			616	428
			617	429
			617	430
			617	431
			617	432
			618	433
			618	434
			618	435
			618	436
			619	437
			619	438
			619	439
			619	440
			620	441
			620	442
			620	443
			620	444
			621	445
			621	446
			621	447
			621	448
			621	449
			622	450
			622	451
			622	452
			622	453
			623	454
			623	455
			623	456
			623	457
			623	458
			624	458
			624	459
			624	460
			624	461
			624	462
			625	463
			625	464
			625	465
			625	466
			625	467
			626	468
			626	469
			626	470
			626	471
			626	472
			627	473
			627	474
			627	475
			627	476
			627	477
			628	478
			628	479
			628	480
			628	481
			628	482
			628	483
			628	484
			628	485
			628	486
			629	486
			629	487
			629	488
			629	489
			629	490
			629	491
			629	492
			629	493
			630	494
			630	495
			630	496
			630	497
			631	498
			631	499
			631	500
			632	501
			633	501
			634	500
			635	499
			635	498
			636	497
			636	496
			636	495
			637	494
			637	493
			637	492
			638	491
			638	490
			638	489
			638	488
			639	487
			639	486
			639	485
			639	484
			640	483
			640	482
			640	481
			640	480
			640	479
			640	478
			640	477
			640	476
			640	475
			640	474
			639	473
			639	472
			639	471
			639	470
			639	469
			639	468
			639	467
			639	466
			639	465
			639	464
			639	463
			638	462
			638	461
			638	460
			638	459
			638	458
			638	457
			638	456
			638	455
			638	454
			638	453
			637	452
			637	451
			637	450
			637	449
			637	448
			637	447
			637	446
			637	445
			636	444
			636	443
			636	442
			636	441
			636	440
			636	439
			636	438
			635	437
			635	436
			635	435
			635	434
			635	433
			635	432
			634	431
			634	430
			634	429
			634	428
			634	427
			634	426
			634	425
			633	424
			633	423
			633	422
			633	421
			633	420
			632	419
			632	418
			632	417
			632	416
			632	415
			632	414
			631	413
			631	412
			631	411
			631	410
			631	409
			630	408
			630	407
			630	406
			630	405
			630	404
			629	404
			629	403
			629	402
			629	401
			629	400
			628	399
			628	398
			628	397
			628	396
			627	395
			627	394
			627	393
			627	392
			626	391
			626	390
			626	389
			626	388
			626	387
			625	386
			625	385
			625	384
			624	383
			624	382
			624	381
			623	380
			623	379
			623	378
			623	377
			623	376
			622	376
			622	375
			622	374
			622	373
			621	372
			621	371
			621	370
			620	369
			620	368
			620	367
			619	366
			619	365
			619	364
			619	363
			618	362
			618	361
			618	360
			617	359
			617	358
			617	357
			616	356
			616	355
			616	354
			615	353
			615	352
			614	351
			614	350
			614	349
			614	348
			613	347
			613	346
			612	345
			612	344
			612	343
			611	342
			611	341
			611	340
			610	339
			610	338
			609	337
			609	336
			609	335
			608	334
			608	333
			608	332
			607	331
			607	330
			606	329
			606	328
			605	327
			605	326
			604	325
			604	324
			604	323
			603	322
			603	321
			602	320
			602	319
			601	318
			601	317
			601	316
			600	315
			600	314
			599	313
			599	312
			598	311
			598	310
			598	309
			597	308
			597	307
			596	306
			596	305
			595	304
			594	303
			594	302
			593	301
			593	300
			592	299
			592	298
			591	297
			590	296
			590	295
			589	294
			589	293
			588	292
			588	291
			587	290
			587	289
			586	288
			585	287
			585	286
			584	285
			583	284
			583	283
			582	282
			582	281
			581	280
			581	279
			580	278
			579	277
			579	276
			578	275
			578	274
			577	273
			577	272
			576	271
			576	270
			575	269
			574	268
			574	267
			573	267
			573	266
			572	265
			572	264
			571	263
			571	262
			570	261
			570	260
			569	259
			568	258
			568	257
			567	256
			566	255
			566	254
			565	253
			564	252
			564	251
			563	250
			563	249
			562	248
			561	247
			561	246
			560	245
			560	244
			559	243
			559	242
			558	242
			557	241
			557	240
			556	239
			556	238
			555	237
			555	236
			554	236
			554	235
			553	234
			553	233
			552	232
			551	231
			550	230
			550	229
			549	228
			549	227
			548	226
			547	225
			546	224
			545	223
			545	222
			544	221
			543	220
			543	219
			542	218
			541	217
			541	216
			540	215
			539	214
			539	213
			538	213
			537	212
			537	211
			536	210
			535	209
			534	208
			534	207
			533	206
			532	205
			531	205
			531	204
		</posterior>
	</curves.pixel>
	<curves.scaled type=list>
		<glabella type=matrix rownames=FALSE colnames=FALSE nrow=219 ncol=2 as.numeric=TRUE >
			39.4520547945205	-2.08219178082192
			39.5616438356164	-2.08219178082192
			39.6712328767123	-2.19178082191781
			39.7808219178082	-2.19178082191781
			39.8904109589041	-2.19178082191781
			40	-2.3013698630137
			40.1095890410959	-2.3013698630137
			40.2191780821918	-2.41095890410959
			40.3287671232877	-2.41095890410959
			40.4383561643836	-2.41095890410959
			40.5479452054795	-2.52054794520548
			40.6575342465753	-2.52054794520548
			40.7671232876712	-2.63013698630137
			40.8767123287671	-2.63013698630137
			40.986301369863	-2.63013698630137
			41.0958904109589	-2.73972602739726
			41.2054794520548	-2.73972602739726
			41.3150684931507	-2.84931506849315
			41.4246575342466	-2.84931506849315
			41.5342465753425	-2.84931506849315
			41.6438356164384	-2.95890410958904
			41.7534246575342	-2.95890410958904
			41.8630136986301	-3.06849315068493
			41.972602739726	-3.06849315068493
			42.0821917808219	-3.17808219178082
			42.1917808219178	-3.17808219178082
			42.3013698630137	-3.28767123287671
			42.4109589041096	-3.28767123287671
			42.5205479452055	-3.3972602739726
			42.6301369863014	-3.3972602739726
			42.7397260273973	-3.50684931506849
			42.8493150684931	-3.50684931506849
			42.958904109589	-3.61643835616438
			43.0684931506849	-3.61643835616438
			43.1780821917808	-3.72602739726027
			43.2876712328767	-3.72602739726027
			43.2876712328767	-3.83561643835616
			43.3972602739726	-3.83561643835616
			43.5068493150685	-3.83561643835616
			43.6164383561644	-3.94520547945205
			43.7260273972603	-4.05479452054795
			43.8356164383562	-4.05479452054795
			43.945205479452	-4.16438356164384
			44.0547945205479	-4.16438356164384
			44.1643835616438	-4.27397260273973
			44.2739726027397	-4.27397260273973
			44.2739726027397	-4.38356164383562
			44.3835616438356	-4.38356164383562
			44.4931506849315	-4.49315068493151
			44.6027397260274	-4.6027397260274
			44.7123287671233	-4.71232876712329
			44.8219178082192	-4.71232876712329
			44.9315068493151	-4.82191780821918
			45.041095890411	-4.82191780821918
			45.1506849315068	-4.93150684931507
			45.2602739726027	-5.04109589041096
			45.3698630136986	-5.15068493150685
			45.4794520547945	-5.26027397260274
			45.5890410958904	-5.36986301369863
			45.6986301369863	-5.47945205479452
			45.8082191780822	-5.47945205479452
			45.9178082191781	-5.58904109589041
			46.027397260274	-5.6986301369863
			46.1369863013699	-5.80821917808219
			46.2465753424658	-5.91780821917808
			46.3561643835616	-5.91780821917808
			46.4657534246575	-6.02739726027397
			46.5753424657534	-6.13698630136986
			46.6849315068493	-6.24657534246575
			46.6849315068493	-6.35616438356164
			46.7945205479452	-6.46575342465753
			46.9041095890411	-6.57534246575342
			47.013698630137	-6.68493150684932
			47.1232876712329	-6.68493150684932
			47.1232876712329	-6.79452054794521
			47.2328767123288	-6.9041095890411
			47.3424657534247	-7.01369863013699
			47.4520547945205	-7.12328767123288
			47.4520547945205	-7.23287671232877
			47.5616438356164	-7.34246575342466
			47.6712328767123	-7.45205479452055
			47.7808219178082	-7.56164383561644
			47.8904109589041	-7.67123287671233
			47.8904109589041	-7.78082191780822
			48	-7.89041095890411
			48.1095890410959	-8
			48.1095890410959	-8.10958904109589
			48.2191780821918	-8.21917808219178
			48.3287671232877	-8.32876712328767
			48.3287671232877	-8.43835616438356
			48.4383561643836	-8.54794520547945
			48.4383561643836	-8.65753424657534
			48.4383561643836	-8.76712328767123
			48.4383561643836	-8.87671232876712
			48.4383561643836	-8.98630136986301
			48.5479452054795	-9.0958904109589
			48.4383561643836	-9.20547945205479
			48.4383561643836	-9.31506849315068
			48.4383561643836	-9.42465753424657
			48.3287671232877	-9.53424657534246
			48.3287671232877	-9.64383561643836
			48.2191780821918	-9.64383561643836
			48.1095890410959	-9.75342465753425
			48	-9.86301369863014
			47.8904109589041	-9.86301369863014
			47.7808219178082	-9.97260273972603
			47.6712328767123	-10.0821917808219
			47.5616438356164	-10.0821917808219
			47.4520547945205	-10.1917808219178
			47.3424657534247	-10.3013698630137
			47.3424657534247	-10.4109589041096
			47.2328767123288	-10.5205479452055
			47.2328767123288	-10.6301369863014
			47.2328767123288	-10.7397260273973
			47.1232876712329	-10.8493150684931
			47.1232876712329	-10.958904109589
			47.1232876712329	-11.0684931506849
			47.1232876712329	-11.1780821917808
			47.1232876712329	-11.2876712328767
			47.1232876712329	-11.3972602739726
			47.1232876712329	-11.5068493150685
			47.1232876712329	-11.6164383561644
			47.1232876712329	-11.7260273972603
			47.2328767123288	-11.8356164383562
			47.2328767123288	-11.9452054794521
			47.2328767123288	-12.0547945205479
			47.2328767123288	-12.1643835616438
			47.1232876712329	-12.2739726027397
			47.013698630137	-12.3835616438356
			47.013698630137	-12.4931506849315
			46.9041095890411	-12.6027397260274
			46.9041095890411	-12.7123287671233
			46.7945205479452	-12.8219178082192
			46.7945205479452	-12.9315068493151
			46.6849315068493	-13.041095890411
			46.5753424657534	-13.1506849315068
			46.5753424657534	-13.2602739726027
			46.4657534246575	-13.3698630136986
			46.4657534246575	-13.4794520547945
			46.3561643835616	-13.5890410958904
			46.2465753424658	-13.6986301369863
			46.1369863013699	-13.8082191780822
			46.1369863013699	-13.9178082191781
			46.027397260274	-14.027397260274
			46.027397260274	-14.1369863013699
			45.9178082191781	-14.2465753424658
			45.8082191780822	-14.3561643835616
			45.8082191780822	-14.4657534246575
			45.6986301369863	-14.5753424657534
			45.5890410958904	-14.6849315068493
			45.5890410958904	-14.7945205479452
			45.4794520547945	-14.7945205479452
			45.4794520547945	-14.9041095890411
			45.3698630136986	-15.013698630137
			45.2602739726027	-15.1232876712329
			45.1506849315068	-15.2328767123288
			45.1506849315068	-15.3424657534247
			45.041095890411	-15.4520547945205
			44.9315068493151	-15.5616438356164
			44.8219178082192	-15.6712328767123
			44.7123287671233	-15.7808219178082
			44.6027397260274	-15.8904109589041
			44.4931506849315	-16
			44.4931506849315	-16.1095890410959
			44.3835616438356	-16.2191780821918
			44.2739726027397	-16.3287671232877
			44.1643835616438	-16.4383561643836
			44.1643835616438	-16.5479452054795
			44.0547945205479	-16.6575342465753
			43.945205479452	-16.7671232876712
			43.8356164383562	-16.8767123287671
			43.7260273972603	-16.986301369863
			43.7260273972603	-17.0958904109589
			43.6164383561644	-17.2054794520548
			43.5068493150685	-17.3150684931507
			43.3972602739726	-17.4246575342466
			43.5068493150685	-17.5342465753425
			43.6164383561644	-17.6438356164384
			43.7260273972603	-17.7534246575342
			43.8356164383562	-17.8630136986301
			43.8356164383562	-17.972602739726
			43.945205479452	-18.0821917808219
			43.945205479452	-18.1917808219178
			43.945205479452	-18.3013698630137
			43.945205479452	-18.4109589041096
			43.945205479452	-18.5205479452055
			43.945205479452	-18.6301369863014
			43.8356164383562	-18.7397260273973
			43.8356164383562	-18.8493150684931
			43.7260273972603	-18.8493150684931
			43.6164383561644	-18.958904109589
			43.5068493150685	-19.0684931506849
			43.3972602739726	-19.1780821917808
			43.2876712328767	-19.2876712328767
			43.1780821917808	-19.3972602739726
			43.0684931506849	-19.3972602739726
			42.958904109589	-19.5068493150685
			43.0684931506849	-19.6164383561644
			43.1780821917808	-19.7260273972603
			43.1780821917808	-19.8356164383562
			43.2876712328767	-19.9452054794521
			43.3972602739726	-20.0547945205479
			43.3972602739726	-20.1643835616438
			43.5068493150685	-20.2739726027397
			43.5068493150685	-20.3835616438356
			43.5068493150685	-20.4931506849315
			43.5068493150685	-20.6027397260274
			43.6164383561644	-20.7123287671233
			43.6164383561644	-20.8219178082192
			43.6164383561644	-20.9315068493151
			43.6164383561644	-21.041095890411
			43.6164383561644	-21.1506849315068
			43.6164383561644	-21.2602739726027
			43.6164383561644	-21.3698630136986
			43.6164383561644	-21.4794520547945
			43.6164383561644	-21.5890410958904
			43.6164383561644	-21.6986301369863
			43.6164383561644	-21.8082191780822
			43.6164383561644	-21.9178082191781
		</glabella>
		<suture type=matrix rownames=FALSE colnames=FALSE nrow=277 ncol=2 as.numeric=TRUE >
			39.4520547945205	-1.64383561643836
			39.5616438356164	-1.75342465753425
			39.6712328767123	-1.75342465753425
			39.7808219178082	-1.86301369863014
			39.8904109589041	-1.86301369863014
			40	-1.86301369863014
			40	-1.97260273972603
			40.1095890410959	-1.97260273972603
			40.2191780821918	-1.97260273972603
			40.3287671232877	-2.08219178082192
			40.4383561643836	-2.08219178082192
			40.5479452054795	-2.19178082191781
			40.6575342465753	-2.19178082191781
			40.7671232876712	-2.3013698630137
			40.8767123287671	-2.3013698630137
			40.986301369863	-2.41095890410959
			41.0958904109589	-2.41095890410959
			41.2054794520548	-2.52054794520548
			41.3150684931507	-2.52054794520548
			41.4246575342466	-2.63013698630137
			41.5342465753425	-2.63013698630137
			41.6438356164384	-2.73972602739726
			41.7534246575342	-2.73972602739726
			41.8630136986301	-2.84931506849315
			41.972602739726	-2.84931506849315
			42.0821917808219	-2.95890410958904
			42.1917808219178	-2.95890410958904
			42.3013698630137	-3.06849315068493
			42.4109589041096	-3.17808219178082
			42.5205479452055	-3.17808219178082
			42.6301369863014	-3.28767123287671
			42.7397260273973	-3.28767123287671
			42.8493150684931	-3.3972602739726
			42.958904109589	-3.3972602739726
			43.0684931506849	-3.50684931506849
			43.1780821917808	-3.50684931506849
			43.1780821917808	-3.61643835616438
			43.2876712328767	-3.61643835616438
			43.3972602739726	-3.72602739726027
			43.5068493150685	-3.72602739726027
			43.6164383561644	-3.83561643835616
			43.7260273972603	-3.83561643835616
			43.8356164383562	-3.94520547945205
			43.945205479452	-3.94520547945205
			44.0547945205479	-4.05479452054795
			44.1643835616438	-4.16438356164384
			44.2739726027397	-4.16438356164384
			44.3835616438356	-4.27397260273973
			44.4931506849315	-4.38356164383562
			44.6027397260274	-4.38356164383562
			44.7123287671233	-4.49315068493151
			44.8219178082192	-4.49315068493151
			44.9315068493151	-4.6027397260274
			45.041095890411	-4.71232876712329
			45.1506849315068	-4.82191780821918
			45.2602739726027	-4.82191780821918
			45.3698630136986	-4.93150684931507
			45.4794520547945	-5.04109589041096
			45.5890410958904	-5.04109589041096
			45.6986301369863	-5.15068493150685
			45.8082191780822	-5.26027397260274
			45.9178082191781	-5.26027397260274
			46.027397260274	-5.36986301369863
			46.027397260274	-5.47945205479452
			46.1369863013699	-5.47945205479452
			46.2465753424658	-5.58904109589041
			46.3561643835616	-5.6986301369863
			46.4657534246575	-5.6986301369863
			46.4657534246575	-5.80821917808219
			46.5753424657534	-5.91780821917808
			46.6849315068493	-5.91780821917808
			46.7945205479452	-6.02739726027397
			46.9041095890411	-6.13698630136986
			47.013698630137	-6.24657534246575
			47.1232876712329	-6.35616438356164
			47.2328767123288	-6.46575342465753
			47.3424657534247	-6.57534246575342
			47.4520547945205	-6.68493150684932
			47.5616438356164	-6.79452054794521
			47.6712328767123	-6.9041095890411
			47.6712328767123	-7.01369863013699
			47.7808219178082	-7.12328767123288
			47.8904109589041	-7.23287671232877
			48	-7.34246575342466
			48.1095890410959	-7.45205479452055
			48.1095890410959	-7.56164383561644
			48.2191780821918	-7.67123287671233
			48.2191780821918	-7.78082191780822
			48.3287671232877	-7.89041095890411
			48.3287671232877	-8
			48.4383561643836	-8.10958904109589
			48.4383561643836	-8.21917808219178
			48.4383561643836	-8.32876712328767
			48.5479452054795	-8.43835616438356
			48.5479452054795	-8.54794520547945
			48.5479452054795	-8.65753424657534
			48.5479452054795	-8.76712328767123
			48.6575342465753	-8.87671232876712
			48.6575342465753	-8.98630136986301
			48.6575342465753	-9.0958904109589
			48.6575342465753	-9.20547945205479
			48.6575342465753	-9.31506849315068
			48.6575342465753	-9.42465753424657
			48.5479452054795	-9.53424657534246
			48.5479452054795	-9.64383561643836
			48.5479452054795	-9.75342465753425
			48.6575342465753	-9.86301369863014
			48.7671232876712	-9.86301369863014
			48.8767123287671	-9.97260273972603
			48.986301369863	-9.97260273972603
			49.0958904109589	-10.0821917808219
			49.2054794520548	-10.0821917808219
			49.3150684931507	-10.0821917808219
			49.3150684931507	-10.1917808219178
			49.4246575342466	-10.1917808219178
			49.5342465753425	-10.3013698630137
			49.6438356164384	-10.3013698630137
			49.6438356164384	-10.4109589041096
			49.7534246575342	-10.4109589041096
			49.8630136986301	-10.4109589041096
			49.8630136986301	-10.5205479452055
			49.972602739726	-10.5205479452055
			50.0821917808219	-10.6301369863014
			50.1917808219178	-10.6301369863014
			50.3013698630137	-10.7397260273973
			50.4109589041096	-10.8493150684931
			50.5205479452055	-10.958904109589
			50.6301369863014	-10.958904109589
			50.7397260273973	-11.0684931506849
			50.8493150684931	-11.1780821917808
			50.958904109589	-11.2876712328767
			51.0684931506849	-11.2876712328767
			51.1780821917808	-11.3972602739726
			51.2876712328767	-11.3972602739726
			51.2876712328767	-11.5068493150685
			51.3972602739726	-11.6164383561644
			51.5068493150685	-11.6164383561644
			51.5068493150685	-11.7260273972603
			51.6164383561644	-11.8356164383562
			51.7260273972603	-11.8356164383562
			51.7260273972603	-11.9452054794521
			51.8356164383562	-11.9452054794521
			51.945205479452	-12.0547945205479
			51.945205479452	-12.1643835616438
			52.0547945205479	-12.1643835616438
			52.0547945205479	-12.2739726027397
			52.1643835616438	-12.3835616438356
			52.2739726027397	-12.4931506849315
			52.3835616438356	-12.6027397260274
			52.4931506849315	-12.7123287671233
			52.4931506849315	-12.8219178082192
			52.6027397260274	-12.9315068493151
			52.6027397260274	-13.041095890411
			52.7123287671233	-13.041095890411
			52.7123287671233	-13.1506849315068
			52.7123287671233	-13.2602739726027
			52.8219178082192	-13.3698630136986
			52.8219178082192	-13.4794520547945
			52.9315068493151	-13.5890410958904
			52.9315068493151	-13.6986301369863
			52.9315068493151	-13.8082191780822
			52.9315068493151	-13.9178082191781
			52.9315068493151	-14.027397260274
			52.9315068493151	-14.1369863013699
			52.9315068493151	-14.2465753424658
			52.9315068493151	-14.3561643835616
			52.9315068493151	-14.4657534246575
			52.9315068493151	-14.5753424657534
			52.9315068493151	-14.6849315068493
			52.9315068493151	-14.7945205479452
			52.8219178082192	-14.9041095890411
			52.8219178082192	-15.013698630137
			52.8219178082192	-15.1232876712329
			52.8219178082192	-15.2328767123288
			52.8219178082192	-15.3424657534247
			52.7123287671233	-15.4520547945205
			52.7123287671233	-15.5616438356164
			52.7123287671233	-15.6712328767123
			52.6027397260274	-15.7808219178082
			52.6027397260274	-15.8904109589041
			52.4931506849315	-16
			52.4931506849315	-16.1095890410959
			52.4931506849315	-16.2191780821918
			52.3835616438356	-16.3287671232877
			52.2739726027397	-16.4383561643836
			52.2739726027397	-16.5479452054795
			52.1643835616438	-16.5479452054795
			52.1643835616438	-16.6575342465753
			52.0547945205479	-16.7671232876712
			51.945205479452	-16.8767123287671
			51.945205479452	-16.986301369863
			51.8356164383562	-16.986301369863
			51.7260273972603	-17.0958904109589
			51.7260273972603	-17.2054794520548
			51.6164383561644	-17.2054794520548
			51.5068493150685	-17.3150684931507
			51.3972602739726	-17.3150684931507
			51.3972602739726	-17.4246575342466
			51.2876712328767	-17.4246575342466
			51.1780821917808	-17.5342465753425
			51.0684931506849	-17.5342465753425
			50.958904109589	-17.6438356164384
			50.8493150684931	-17.6438356164384
			50.7397260273973	-17.6438356164384
			50.6301369863014	-17.7534246575342
			50.5205479452055	-17.7534246575342
			50.4109589041096	-17.7534246575342
			50.3013698630137	-17.7534246575342
			50.1917808219178	-17.7534246575342
			50.0821917808219	-17.8630136986301
			49.972602739726	-17.8630136986301
			49.8630136986301	-17.8630136986301
			49.7534246575342	-17.8630136986301
			49.6438356164384	-17.8630136986301
			49.5342465753425	-17.8630136986301
			49.5342465753425	-17.972602739726
			49.6438356164384	-18.0821917808219
			49.7534246575342	-18.0821917808219
			49.8630136986301	-18.1917808219178
			49.972602739726	-18.1917808219178
			49.972602739726	-18.3013698630137
			50.0821917808219	-18.3013698630137
			50.1917808219178	-18.4109589041096
			50.3013698630137	-18.4109589041096
			50.4109589041096	-18.4109589041096
			50.5205479452055	-18.4109589041096
			50.6301369863014	-18.4109589041096
			50.7397260273973	-18.4109589041096
			50.8493150684931	-18.4109589041096
			50.958904109589	-18.4109589041096
			51.0684931506849	-18.4109589041096
			51.1780821917808	-18.4109589041096
			51.2876712328767	-18.4109589041096
			51.3972602739726	-18.4109589041096
			51.5068493150685	-18.4109589041096
			51.6164383561644	-18.4109589041096
			51.7260273972603	-18.3013698630137
			51.8356164383562	-18.3013698630137
			51.945205479452	-18.3013698630137
			52.0547945205479	-18.1917808219178
			52.1643835616438	-18.1917808219178
			52.2739726027397	-18.1917808219178
			52.3835616438356	-18.0821917808219
			52.4931506849315	-18.0821917808219
			52.6027397260274	-18.0821917808219
			52.7123287671233	-17.972602739726
			52.8219178082192	-17.972602739726
			52.9315068493151	-17.8630136986301
			53.041095890411	-17.8630136986301
			53.1506849315068	-17.7534246575342
			53.2602739726027	-17.6438356164384
			53.3698630136986	-17.6438356164384
			53.4794520547945	-17.5342465753425
			53.5890410958904	-17.5342465753425
			53.6986301369863	-17.5342465753425
			53.8082191780822	-17.5342465753425
			53.9178082191781	-17.5342465753425
			54.027397260274	-17.5342465753425
			54.1369863013699	-17.6438356164384
			54.2465753424658	-17.6438356164384
			54.3561643835616	-17.6438356164384
			54.4657534246575	-17.6438356164384
			54.5753424657534	-17.6438356164384
			54.6849315068493	-17.7534246575342
			54.7945205479452	-17.7534246575342
			54.9041095890411	-17.7534246575342
			55.013698630137	-17.8630136986301
			55.1232876712329	-17.8630136986301
			55.2328767123288	-17.8630136986301
			55.3424657534247	-17.972602739726
			55.4520547945205	-17.972602739726
			55.5616438356164	-18.0821917808219
			55.6712328767123	-18.0821917808219
			55.7808219178082	-18.1917808219178
			55.8904109589041	-18.1917808219178
			55.8904109589041	-18.3013698630137
			56	-18.3013698630137
		</suture>
		<anterior type=matrix rownames=FALSE colnames=FALSE nrow=240 ncol=2 as.numeric=TRUE >
			39.4520547945205	-1.0958904109589
			39.5616438356164	-1.20547945205479
			39.6712328767123	-1.20547945205479
			39.7808219178082	-1.31506849315068
			39.8904109589041	-1.31506849315068
			40	-1.31506849315068
			40.1095890410959	-1.42465753424658
			40.2191780821918	-1.53424657534247
			40.3287671232877	-1.53424657534247
			40.4383561643836	-1.64383561643836
			40.5479452054795	-1.64383561643836
			40.6575342465753	-1.75342465753425
			40.7671232876712	-1.75342465753425
			40.8767123287671	-1.86301369863014
			40.986301369863	-1.86301369863014
			41.0958904109589	-1.97260273972603
			41.2054794520548	-1.97260273972603
			41.3150684931507	-2.08219178082192
			41.4246575342466	-2.08219178082192
			41.5342465753425	-2.19178082191781
			41.6438356164384	-2.19178082191781
			41.7534246575342	-2.3013698630137
			41.8630136986301	-2.3013698630137
			41.972602739726	-2.41095890410959
			42.0821917808219	-2.41095890410959
			42.1917808219178	-2.52054794520548
			42.3013698630137	-2.63013698630137
			42.4109589041096	-2.63013698630137
			42.5205479452055	-2.73972602739726
			42.6301369863014	-2.73972602739726
			42.7397260273973	-2.84931506849315
			42.8493150684931	-2.95890410958904
			42.958904109589	-2.95890410958904
			43.0684931506849	-2.95890410958904
			43.0684931506849	-3.06849315068493
			43.1780821917808	-3.06849315068493
			43.2876712328767	-3.17808219178082
			43.3972602739726	-3.17808219178082
			43.3972602739726	-3.28767123287671
			43.5068493150685	-3.28767123287671
			43.6164383561644	-3.28767123287671
			43.7260273972603	-3.3972602739726
			43.8356164383562	-3.50684931506849
			43.945205479452	-3.50684931506849
			44.0547945205479	-3.61643835616438
			44.1643835616438	-3.61643835616438
			44.2739726027397	-3.72602739726027
			44.3835616438356	-3.83561643835616
			44.4931506849315	-3.94520547945205
			44.6027397260274	-3.94520547945205
			44.7123287671233	-4.05479452054795
			44.8219178082192	-4.16438356164384
			44.9315068493151	-4.16438356164384
			45.041095890411	-4.27397260273973
			45.1506849315068	-4.27397260273973
			45.2602739726027	-4.38356164383562
			45.3698630136986	-4.49315068493151
			45.4794520547945	-4.49315068493151
			45.5890410958904	-4.6027397260274
			45.6986301369863	-4.71232876712329
			45.8082191780822	-4.71232876712329
			45.9178082191781	-4.82191780821918
			46.027397260274	-4.93150684931507
			46.1369863013699	-4.93150684931507
			46.2465753424658	-5.04109589041096
			46.3561643835616	-5.04109589041096
			46.4657534246575	-5.15068493150685
			46.4657534246575	-5.26027397260274
			46.5753424657534	-5.26027397260274
			46.6849315068493	-5.36986301369863
			46.7945205479452	-5.47945205479452
			46.9041095890411	-5.47945205479452
			47.013698630137	-5.58904109589041
			47.1232876712329	-5.6986301369863
			47.2328767123288	-5.6986301369863
			47.2328767123288	-5.80821917808219
			47.3424657534247	-5.80821917808219
			47.4520547945205	-5.91780821917808
			47.5616438356164	-6.02739726027397
			47.6712328767123	-6.02739726027397
			47.6712328767123	-6.13698630136986
			47.7808219178082	-6.24657534246575
			47.8904109589041	-6.24657534246575
			48	-6.35616438356164
			48.1095890410959	-6.46575342465753
			48.2191780821918	-6.57534246575342
			48.3287671232877	-6.68493150684932
			48.4383561643836	-6.68493150684932
			48.5479452054795	-6.79452054794521
			48.6575342465753	-6.9041095890411
			48.7671232876712	-7.01369863013699
			48.8767123287671	-7.01369863013699
			48.8767123287671	-7.12328767123288
			48.986301369863	-7.23287671232877
			49.0958904109589	-7.34246575342466
			49.2054794520548	-7.45205479452055
			49.3150684931507	-7.45205479452055
			49.4246575342466	-7.56164383561644
			49.4246575342466	-7.67123287671233
			49.5342465753425	-7.78082191780822
			49.6438356164384	-7.78082191780822
			49.7534246575342	-7.89041095890411
			49.7534246575342	-8
			49.8630136986301	-8.10958904109589
			49.972602739726	-8.10958904109589
			50.0821917808219	-8.21917808219178
			50.0821917808219	-8.32876712328767
			50.1917808219178	-8.43835616438356
			50.3013698630137	-8.54794520547945
			50.4109589041096	-8.54794520547945
			50.4109589041096	-8.65753424657534
			50.5205479452055	-8.76712328767123
			50.6301369863014	-8.87671232876712
			50.7397260273973	-8.98630136986301
			50.8493150684931	-9.0958904109589
			50.8493150684931	-9.20547945205479
			50.958904109589	-9.31506849315068
			51.0684931506849	-9.42465753424657
			51.1780821917808	-9.53424657534246
			51.1780821917808	-9.64383561643836
			51.2876712328767	-9.75342465753425
			51.3972602739726	-9.86301369863014
			51.3972602739726	-9.97260273972603
			51.5068493150685	-9.97260273972603
			51.6164383561644	-10.0821917808219
			51.6164383561644	-10.1917808219178
			51.7260273972603	-10.3013698630137
			51.8356164383562	-10.4109589041096
			51.8356164383562	-10.5205479452055
			51.945205479452	-10.6301369863014
			51.945205479452	-10.7397260273973
			52.0547945205479	-10.8493150684931
			52.0547945205479	-10.958904109589
			52.1643835616438	-11.0684931506849
			52.1643835616438	-11.1780821917808
			52.2739726027397	-11.2876712328767
			52.2739726027397	-11.3972602739726
			52.3835616438356	-11.3972602739726
			52.3835616438356	-11.5068493150685
			52.4931506849315	-11.6164383561644
			52.4931506849315	-11.7260273972603
			52.6027397260274	-11.8356164383562
			52.6027397260274	-11.9452054794521
			52.7123287671233	-12.0547945205479
			52.8219178082192	-12.1643835616438
			52.8219178082192	-12.2739726027397
			52.9315068493151	-12.3835616438356
			52.9315068493151	-12.4931506849315
			53.041095890411	-12.6027397260274
			53.041095890411	-12.7123287671233
			53.1506849315068	-12.8219178082192
			53.1506849315068	-12.9315068493151
			53.2602739726027	-13.041095890411
			53.2602739726027	-13.1506849315068
			53.3698630136986	-13.2602739726027
			53.4794520547945	-13.3698630136986
			53.4794520547945	-13.4794520547945
			53.5890410958904	-13.5890410958904
			53.5890410958904	-13.6986301369863
			53.6986301369863	-13.8082191780822
			53.6986301369863	-13.9178082191781
			53.8082191780822	-14.027397260274
			53.8082191780822	-14.1369863013699
			53.9178082191781	-14.2465753424658
			53.9178082191781	-14.3561643835616
			54.027397260274	-14.4657534246575
			54.1369863013699	-14.5753424657534
			54.1369863013699	-14.6849315068493
			54.2465753424658	-14.7945205479452
			54.2465753424658	-14.9041095890411
			54.3561643835616	-15.013698630137
			54.3561643835616	-15.1232876712329
			54.4657534246575	-15.2328767123288
			54.5753424657534	-15.3424657534247
			54.5753424657534	-15.4520547945205
			54.6849315068493	-15.5616438356164
			54.6849315068493	-15.6712328767123
			54.7945205479452	-15.7808219178082
			54.7945205479452	-15.8904109589041
			54.9041095890411	-16
			54.9041095890411	-16.1095890410959
			55.013698630137	-16.2191780821918
			55.1232876712329	-16.3287671232877
			55.1232876712329	-16.4383561643836
			55.1232876712329	-16.5479452054795
			55.2328767123288	-16.6575342465753
			55.2328767123288	-16.7671232876712
			55.3424657534247	-16.8767123287671
			55.4520547945205	-16.986301369863
			55.4520547945205	-17.0958904109589
			55.5616438356164	-17.2054794520548
			55.5616438356164	-17.3150684931507
			55.6712328767123	-17.4246575342466
			55.6712328767123	-17.5342465753425
			55.7808219178082	-17.6438356164384
			55.7808219178082	-17.7534246575342
			55.8904109589041	-17.8630136986301
			55.8904109589041	-17.972602739726
			56	-18.0821917808219
			56	-18.1917808219178
			56.1095890410959	-18.3013698630137
			56.2191780821918	-18.4109589041096
			56.2191780821918	-18.5205479452055
			56.2191780821918	-18.6301369863014
			56.3287671232877	-18.7397260273973
			56.4383561643836	-18.8493150684931
			56.4383561643836	-18.958904109589
			56.5479452054795	-19.0684931506849
			56.5479452054795	-19.1780821917808
			56.6575342465753	-19.2876712328767
			56.6575342465753	-19.3972602739726
			56.6575342465753	-19.5068493150685
			56.7671232876712	-19.5068493150685
			56.7671232876712	-19.6164383561644
			56.8767123287671	-19.7260273972603
			56.8767123287671	-19.8356164383562
			56.8767123287671	-19.9452054794521
			56.986301369863	-19.9452054794521
			56.986301369863	-20.0547945205479
			57.0958904109589	-20.1643835616438
			57.0958904109589	-20.2739726027397
			57.2054794520548	-20.3835616438356
			57.2054794520548	-20.4931506849315
			57.3150684931507	-20.6027397260274
			57.3150684931507	-20.7123287671233
			57.4246575342466	-20.8219178082192
			57.4246575342466	-20.9315068493151
			57.5342465753425	-21.041095890411
			57.5342465753425	-21.1506849315068
			57.6438356164384	-21.2602739726027
			57.7534246575342	-21.3698630136986
			57.7534246575342	-21.4794520547945
			57.8630136986301	-21.5890410958904
			57.8630136986301	-21.6986301369863
			57.972602739726	-21.8082191780822
			57.972602739726	-21.9178082191781
			58.0821917808219	-22.027397260274
			58.0821917808219	-22.1369863013699
			58.1917808219178	-22.2465753424658
			58.1917808219178	-22.3561643835616
		</anterior>
		<posterior type=matrix rownames=FALSE colnames=FALSE nrow=753 ncol=2 as.numeric=TRUE >
			39.013698630137	-22.3561643835616
			39.1232876712329	-22.4657534246575
			39.2328767123288	-22.4657534246575
			39.3424657534247	-22.5753424657534
			39.4520547945205	-22.5753424657534
			39.5616438356164	-22.6849315068493
			39.6712328767123	-22.6849315068493
			39.7808219178082	-22.6849315068493
			39.8904109589041	-22.6849315068493
			40	-22.6849315068493
			40.1095890410959	-22.6849315068493
			40.2191780821918	-22.6849315068493
			40.3287671232877	-22.6849315068493
			40.4383561643836	-22.6849315068493
			40.5479452054795	-22.6849315068493
			40.6575342465753	-22.6849315068493
			40.7671232876712	-22.6849315068493
			40.8767123287671	-22.6849315068493
			40.986301369863	-22.6849315068493
			41.0958904109589	-22.6849315068493
			41.2054794520548	-22.6849315068493
			41.3150684931507	-22.6849315068493
			41.4246575342466	-22.5753424657534
			41.5342465753425	-22.5753424657534
			41.6438356164384	-22.5753424657534
			41.7534246575342	-22.5753424657534
			41.8630136986301	-22.5753424657534
			41.972602739726	-22.4657534246575
			42.0821917808219	-22.4657534246575
			42.1917808219178	-22.4657534246575
			42.3013698630137	-22.4657534246575
			42.4109589041096	-22.4657534246575
			42.4109589041096	-22.3561643835616
			42.5205479452055	-22.3561643835616
			42.6301369863014	-22.3561643835616
			42.7397260273973	-22.2465753424658
			42.8493150684931	-22.2465753424658
			42.958904109589	-22.2465753424658
			43.0684931506849	-22.2465753424658
			43.1780821917808	-22.1369863013699
			43.2876712328767	-22.1369863013699
			43.3972602739726	-22.1369863013699
			43.5068493150685	-22.027397260274
			43.6164383561644	-22.027397260274
			43.7260273972603	-22.027397260274
			43.8356164383562	-22.027397260274
			43.945205479452	-22.027397260274
			44.0547945205479	-22.027397260274
			44.1643835616438	-22.027397260274
			44.2739726027397	-22.027397260274
			44.3835616438356	-22.1369863013699
			44.4931506849315	-22.1369863013699
			44.6027397260274	-22.1369863013699
			44.7123287671233	-22.1369863013699
			44.8219178082192	-22.1369863013699
			44.9315068493151	-22.1369863013699
			45.041095890411	-22.1369863013699
			45.1506849315068	-22.1369863013699
			45.2602739726027	-22.2465753424658
			45.3698630136986	-22.2465753424658
			45.4794520547945	-22.2465753424658
			45.5890410958904	-22.2465753424658
			45.6986301369863	-22.2465753424658
			45.8082191780822	-22.2465753424658
			45.9178082191781	-22.3561643835616
			46.027397260274	-22.3561643835616
			46.1369863013699	-22.3561643835616
			46.2465753424658	-22.3561643835616
			46.3561643835616	-22.3561643835616
			46.4657534246575	-22.4657534246575
			46.5753424657534	-22.4657534246575
			46.6849315068493	-22.4657534246575
			46.7945205479452	-22.4657534246575
			46.9041095890411	-22.4657534246575
			47.013698630137	-22.5753424657534
			47.1232876712329	-22.5753424657534
			47.2328767123288	-22.5753424657534
			47.3424657534247	-22.5753424657534
			47.4520547945205	-22.6849315068493
			47.5616438356164	-22.6849315068493
			47.6712328767123	-22.6849315068493
			47.7808219178082	-22.6849315068493
			47.8904109589041	-22.7945205479452
			48	-22.7945205479452
			48.1095890410959	-22.7945205479452
			48.2191780821918	-22.9041095890411
			48.3287671232877	-22.9041095890411
			48.4383561643836	-22.9041095890411
			48.5479452054795	-22.9041095890411
			48.6575342465753	-23.013698630137
			48.7671232876712	-23.013698630137
			48.8767123287671	-23.013698630137
			48.986301369863	-23.1232876712329
			49.0958904109589	-23.1232876712329
			49.2054794520548	-23.1232876712329
			49.3150684931507	-23.2328767123288
			49.4246575342466	-23.2328767123288
			49.5342465753425	-23.2328767123288
			49.6438356164384	-23.2328767123288
			49.6438356164384	-23.3424657534247
			49.7534246575342	-23.3424657534247
			49.8630136986301	-23.3424657534247
			49.972602739726	-23.3424657534247
			50.0821917808219	-23.4520547945205
			50.1917808219178	-23.4520547945205
			50.3013698630137	-23.5616438356164
			50.4109589041096	-23.5616438356164
			50.5205479452055	-23.5616438356164
			50.6301369863014	-23.6712328767123
			50.7397260273973	-23.6712328767123
			50.8493150684931	-23.6712328767123
			50.958904109589	-23.7808219178082
			51.0684931506849	-23.7808219178082
			51.1780821917808	-23.7808219178082
			51.2876712328767	-23.8904109589041
			51.3972602739726	-23.8904109589041
			51.5068493150685	-24
			51.6164383561644	-24
			51.7260273972603	-24
			51.8356164383562	-24.1095890410959
			51.945205479452	-24.1095890410959
			52.0547945205479	-24.2191780821918
			52.1643835616438	-24.2191780821918
			52.2739726027397	-24.2191780821918
			52.3835616438356	-24.3287671232877
			52.4931506849315	-24.3287671232877
			52.6027397260274	-24.4383561643836
			52.7123287671233	-24.4383561643836
			52.8219178082192	-24.4383561643836
			52.9315068493151	-24.5479452054795
			53.041095890411	-24.5479452054795
			53.1506849315068	-24.6575342465753
			53.2602739726027	-24.6575342465753
			53.3698630136986	-24.7671232876712
			53.4794520547945	-24.7671232876712
			53.5890410958904	-24.7671232876712
			53.6986301369863	-24.8767123287671
			53.8082191780822	-24.8767123287671
			53.9178082191781	-24.986301369863
			54.027397260274	-24.986301369863
			54.1369863013699	-25.0958904109589
			54.2465753424658	-25.0958904109589
			54.3561643835616	-25.0958904109589
			54.4657534246575	-25.2054794520548
			54.5753424657534	-25.2054794520548
			54.6849315068493	-25.3150684931507
			54.7945205479452	-25.3150684931507
			54.9041095890411	-25.4246575342466
			55.013698630137	-25.4246575342466
			55.1232876712329	-25.4246575342466
			55.2328767123288	-25.5342465753425
			55.3424657534247	-25.6438356164384
			55.4520547945205	-25.7534246575342
			55.5616438356164	-25.8630136986301
			55.6712328767123	-25.972602739726
			55.7808219178082	-26.0821917808219
			55.8904109589041	-26.1917808219178
			56	-26.3013698630137
			56.1095890410959	-26.3013698630137
			56.1095890410959	-26.4109589041096
			56.2191780821918	-26.5205479452055
			56.3287671232877	-26.5205479452055
			56.3287671232877	-26.6301369863014
			56.4383561643836	-26.6301369863014
			56.5479452054795	-26.7397260273973
			56.5479452054795	-26.8493150684931
			56.6575342465753	-26.8493150684931
			56.7671232876712	-26.958904109589
			56.7671232876712	-27.0684931506849
			56.8767123287671	-27.0684931506849
			56.8767123287671	-27.1780821917808
			56.986301369863	-27.1780821917808
			57.0958904109589	-27.2876712328767
			57.0958904109589	-27.3972602739726
			57.2054794520548	-27.3972602739726
			57.3150684931507	-27.5068493150685
			57.3150684931507	-27.6164383561644
			57.4246575342466	-27.6164383561644
			57.4246575342466	-27.7260273972603
			57.5342465753425	-27.7260273972603
			57.6438356164384	-27.8356164383562
			57.6438356164384	-27.9452054794521
			57.7534246575342	-27.9452054794521
			57.8630136986301	-28.0547945205479
			57.8630136986301	-28.1643835616438
			57.972602739726	-28.1643835616438
			57.972602739726	-28.2739726027397
			58.0821917808219	-28.3835616438356
			58.1917808219178	-28.3835616438356
			58.1917808219178	-28.4931506849315
			58.3013698630137	-28.4931506849315
			58.3013698630137	-28.6027397260274
			58.4109589041096	-28.7123287671233
			58.5205479452055	-28.8219178082192
			58.6301369863014	-28.9315068493151
			58.7397260273973	-29.041095890411
			58.8493150684931	-29.1506849315068
			58.958904109589	-29.2602739726027
			58.958904109589	-29.3698630136986
			59.0684931506849	-29.3698630136986
			59.1780821917808	-29.4794520547945
			59.1780821917808	-29.5890410958904
			59.2876712328767	-29.6986301369863
			59.3972602739726	-29.6986301369863
			59.3972602739726	-29.8082191780822
			59.5068493150685	-29.9178082191781
			59.6164383561644	-30.027397260274
			59.7260273972603	-30.1369863013699
			59.8356164383562	-30.2465753424658
			59.945205479452	-30.3561643835616
			59.945205479452	-30.4657534246575
			60.0547945205479	-30.5753424657534
			60.1643835616438	-30.6849315068493
			60.2739726027397	-30.7945205479452
			60.2739726027397	-30.9041095890411
			60.3835616438356	-30.9041095890411
			60.4931506849315	-31.013698630137
			60.6027397260274	-31.1232876712329
			60.6027397260274	-31.2328767123288
			60.7123287671233	-31.3424657534247
			60.8219178082192	-31.4520547945205
			60.8219178082192	-31.5616438356164
			60.9315068493151	-31.6712328767123
			61.041095890411	-31.7808219178082
			61.041095890411	-31.8904109589041
			61.1506849315068	-31.8904109589041
			61.2602739726027	-32
			61.3698630136986	-32.1095890410959
			61.3698630136986	-32.2191780821918
			61.4794520547945	-32.3287671232877
			61.5890410958904	-32.4383561643836
			61.5890410958904	-32.5479452054795
			61.6986301369863	-32.6575342465753
			61.8082191780822	-32.7671232876712
			61.8082191780822	-32.8767123287671
			61.9178082191781	-32.8767123287671
			61.9178082191781	-32.986301369863
			62.027397260274	-33.0958904109589
			62.1369863013699	-33.2054794520548
			62.1369863013699	-33.3150684931507
			62.2465753424657	-33.4246575342466
			62.3561643835616	-33.5342465753425
			62.3561643835616	-33.6438356164384
			62.4657534246575	-33.7534246575342
			62.4657534246575	-33.8630136986301
			62.5753424657534	-33.8630136986301
			62.6849315068493	-33.972602739726
			62.6849315068493	-34.0821917808219
			62.7945205479452	-34.1917808219178
			62.7945205479452	-34.3013698630137
			62.9041095890411	-34.4109589041096
			63.013698630137	-34.5205479452055
			63.013698630137	-34.6301369863014
			63.1232876712329	-34.7397260273973
			63.2328767123288	-34.8493150684931
			63.2328767123288	-34.958904109589
			63.3424657534247	-35.0684931506849
			63.3424657534247	-35.1780821917808
			63.4520547945205	-35.1780821917808
			63.4520547945205	-35.2876712328767
			63.4520547945205	-35.3972602739726
			63.5616438356164	-35.3972602739726
			63.5616438356164	-35.5068493150685
			63.6712328767123	-35.6164383561644
			63.6712328767123	-35.7260273972603
			63.7808219178082	-35.8356164383562
			63.8904109589041	-35.9452054794521
			63.8904109589041	-36.0547945205479
			64	-36.1643835616438
			64	-36.2739726027397
			64	-36.3835616438356
			64.1095890410959	-36.3835616438356
			64.1095890410959	-36.4931506849315
			64.2191780821918	-36.6027397260274
			64.2191780821918	-36.7123287671233
			64.3287671232877	-36.8219178082192
			64.3287671232877	-36.9315068493151
			64.4383561643836	-37.041095890411
			64.4383561643836	-37.1506849315068
			64.5479452054795	-37.2602739726027
			64.5479452054795	-37.3698630136986
			64.6575342465753	-37.4794520547945
			64.6575342465753	-37.5890410958904
			64.7671232876712	-37.6986301369863
			64.7671232876712	-37.8082191780822
			64.8767123287671	-37.9178082191781
			64.8767123287671	-38.027397260274
			64.986301369863	-38.1369863013699
			64.986301369863	-38.2465753424658
			65.0958904109589	-38.3561643835616
			65.0958904109589	-38.4657534246575
			65.0958904109589	-38.5753424657534
			65.2054794520548	-38.6849315068493
			65.2054794520548	-38.7945205479452
			65.3150684931507	-38.9041095890411
			65.3150684931507	-39.013698630137
			65.3150684931507	-39.1232876712329
			65.4246575342466	-39.2328767123288
			65.4246575342466	-39.3424657534247
			65.5342465753425	-39.4520547945205
			65.5342465753425	-39.5616438356164
			65.5342465753425	-39.6712328767123
			65.6438356164384	-39.7808219178082
			65.6438356164384	-39.8904109589041
			65.6438356164384	-40
			65.7534246575342	-40.1095890410959
			65.7534246575342	-40.2191780821918
			65.7534246575342	-40.3287671232877
			65.8630136986301	-40.3287671232877
			65.8630136986301	-40.4383561643836
			65.8630136986301	-40.5479452054795
			65.8630136986301	-40.6575342465753
			65.972602739726	-40.7671232876712
			65.972602739726	-40.8767123287671
			65.972602739726	-40.986301369863
			66.0821917808219	-41.0958904109589
			66.0821917808219	-41.2054794520548
			66.0821917808219	-41.3150684931507
			66.0821917808219	-41.4246575342466
			66.1917808219178	-41.5342465753425
			66.1917808219178	-41.6438356164384
			66.1917808219178	-41.7534246575342
			66.3013698630137	-41.8630136986301
			66.3013698630137	-41.972602739726
			66.3013698630137	-42.0821917808219
			66.3013698630137	-42.1917808219178
			66.4109589041096	-42.3013698630137
			66.4109589041096	-42.4109589041096
			66.4109589041096	-42.5205479452055
			66.4109589041096	-42.6301369863014
			66.5205479452055	-42.7397260273973
			66.5205479452055	-42.8493150684931
			66.5205479452055	-42.958904109589
			66.5205479452055	-43.0684931506849
			66.6301369863014	-43.1780821917808
			66.6301369863014	-43.2876712328767
			66.6301369863014	-43.3972602739726
			66.6301369863014	-43.5068493150685
			66.7397260273973	-43.6164383561644
			66.7397260273973	-43.7260273972603
			66.7397260273973	-43.8356164383562
			66.7397260273973	-43.945205479452
			66.8493150684931	-44.0547945205479
			66.8493150684931	-44.1643835616438
			66.8493150684931	-44.2739726027397
			66.958904109589	-44.3835616438356
			66.958904109589	-44.4931506849315
			66.958904109589	-44.6027397260274
			67.0684931506849	-44.7123287671233
			67.0684931506849	-44.8219178082192
			67.0684931506849	-44.9315068493151
			67.0684931506849	-45.041095890411
			67.0684931506849	-45.1506849315068
			67.1780821917808	-45.1506849315068
			67.1780821917808	-45.2602739726027
			67.1780821917808	-45.3698630136986
			67.1780821917808	-45.4794520547945
			67.1780821917808	-45.5890410958904
			67.2876712328767	-45.5890410958904
			67.2876712328767	-45.6986301369863
			67.2876712328767	-45.8082191780822
			67.2876712328767	-45.9178082191781
			67.2876712328767	-46.027397260274
			67.3972602739726	-46.027397260274
			67.3972602739726	-46.1369863013699
			67.3972602739726	-46.2465753424658
			67.3972602739726	-46.3561643835616
			67.3972602739726	-46.4657534246575
			67.5068493150685	-46.4657534246575
			67.5068493150685	-46.5753424657534
			67.5068493150685	-46.6849315068493
			67.5068493150685	-46.7945205479452
			67.5068493150685	-46.9041095890411
			67.6164383561644	-47.013698630137
			67.6164383561644	-47.1232876712329
			67.6164383561644	-47.2328767123288
			67.6164383561644	-47.3424657534247
			67.7260273972603	-47.4520547945205
			67.7260273972603	-47.5616438356164
			67.7260273972603	-47.6712328767123
			67.7260273972603	-47.7808219178082
			67.8356164383562	-47.8904109589041
			67.8356164383562	-48
			67.8356164383562	-48.1095890410959
			67.8356164383562	-48.2191780821918
			67.9452054794521	-48.3287671232877
			67.9452054794521	-48.4383561643836
			67.9452054794521	-48.5479452054795
			67.9452054794521	-48.6575342465753
			68.0547945205479	-48.7671232876712
			68.0547945205479	-48.8767123287671
			68.0547945205479	-48.986301369863
			68.0547945205479	-49.0958904109589
			68.0547945205479	-49.2054794520548
			68.1643835616438	-49.3150684931507
			68.1643835616438	-49.4246575342466
			68.1643835616438	-49.5342465753425
			68.1643835616438	-49.6438356164384
			68.2739726027397	-49.7534246575342
			68.2739726027397	-49.8630136986301
			68.2739726027397	-49.972602739726
			68.2739726027397	-50.0821917808219
			68.2739726027397	-50.1917808219178
			68.3835616438356	-50.1917808219178
			68.3835616438356	-50.3013698630137
			68.3835616438356	-50.4109589041096
			68.3835616438356	-50.5205479452055
			68.3835616438356	-50.6301369863014
			68.4931506849315	-50.7397260273973
			68.4931506849315	-50.8493150684931
			68.4931506849315	-50.958904109589
			68.4931506849315	-51.0684931506849
			68.4931506849315	-51.1780821917808
			68.6027397260274	-51.2876712328767
			68.6027397260274	-51.3972602739726
			68.6027397260274	-51.5068493150685
			68.6027397260274	-51.6164383561644
			68.6027397260274	-51.7260273972603
			68.7123287671233	-51.8356164383562
			68.7123287671233	-51.945205479452
			68.7123287671233	-52.0547945205479
			68.7123287671233	-52.1643835616438
			68.7123287671233	-52.2739726027397
			68.8219178082192	-52.3835616438356
			68.8219178082192	-52.4931506849315
			68.8219178082192	-52.6027397260274
			68.8219178082192	-52.7123287671233
			68.8219178082192	-52.8219178082192
			68.8219178082192	-52.9315068493151
			68.8219178082192	-53.041095890411
			68.8219178082192	-53.1506849315068
			68.8219178082192	-53.2602739726027
			68.9315068493151	-53.2602739726027
			68.9315068493151	-53.3698630136986
			68.9315068493151	-53.4794520547945
			68.9315068493151	-53.5890410958904
			68.9315068493151	-53.6986301369863
			68.9315068493151	-53.8082191780822
			68.9315068493151	-53.9178082191781
			68.9315068493151	-54.027397260274
			69.041095890411	-54.1369863013699
			69.041095890411	-54.2465753424658
			69.041095890411	-54.3561643835616
			69.041095890411	-54.4657534246575
			69.1506849315068	-54.5753424657534
			69.1506849315068	-54.6849315068493
			69.1506849315068	-54.7945205479452
			69.2602739726027	-54.9041095890411
			69.3698630136986	-54.9041095890411
			69.4794520547945	-54.7945205479452
			69.5890410958904	-54.6849315068493
			69.5890410958904	-54.5753424657534
			69.6986301369863	-54.4657534246575
			69.6986301369863	-54.3561643835616
			69.6986301369863	-54.2465753424658
			69.8082191780822	-54.1369863013699
			69.8082191780822	-54.027397260274
			69.8082191780822	-53.9178082191781
			69.9178082191781	-53.8082191780822
			69.9178082191781	-53.6986301369863
			69.9178082191781	-53.5890410958904
			69.9178082191781	-53.4794520547945
			70.027397260274	-53.3698630136986
			70.027397260274	-53.2602739726027
			70.027397260274	-53.1506849315068
			70.027397260274	-53.041095890411
			70.1369863013699	-52.9315068493151
			70.1369863013699	-52.8219178082192
			70.1369863013699	-52.7123287671233
			70.1369863013699	-52.6027397260274
			70.1369863013699	-52.4931506849315
			70.1369863013699	-52.3835616438356
			70.1369863013699	-52.2739726027397
			70.1369863013699	-52.1643835616438
			70.1369863013699	-52.0547945205479
			70.1369863013699	-51.945205479452
			70.027397260274	-51.8356164383562
			70.027397260274	-51.7260273972603
			70.027397260274	-51.6164383561644
			70.027397260274	-51.5068493150685
			70.027397260274	-51.3972602739726
			70.027397260274	-51.2876712328767
			70.027397260274	-51.1780821917808
			70.027397260274	-51.0684931506849
			70.027397260274	-50.958904109589
			70.027397260274	-50.8493150684931
			70.027397260274	-50.7397260273973
			69.9178082191781	-50.6301369863014
			69.9178082191781	-50.5205479452055
			69.9178082191781	-50.4109589041096
			69.9178082191781	-50.3013698630137
			69.9178082191781	-50.1917808219178
			69.9178082191781	-50.0821917808219
			69.9178082191781	-49.972602739726
			69.9178082191781	-49.8630136986301
			69.9178082191781	-49.7534246575342
			69.9178082191781	-49.6438356164384
			69.8082191780822	-49.5342465753425
			69.8082191780822	-49.4246575342466
			69.8082191780822	-49.3150684931507
			69.8082191780822	-49.2054794520548
			69.8082191780822	-49.0958904109589
			69.8082191780822	-48.986301369863
			69.8082191780822	-48.8767123287671
			69.8082191780822	-48.7671232876712
			69.6986301369863	-48.6575342465753
			69.6986301369863	-48.5479452054795
			69.6986301369863	-48.4383561643836
			69.6986301369863	-48.3287671232877
			69.6986301369863	-48.2191780821918
			69.6986301369863	-48.1095890410959
			69.6986301369863	-48
			69.5890410958904	-47.8904109589041
			69.5890410958904	-47.7808219178082
			69.5890410958904	-47.6712328767123
			69.5890410958904	-47.5616438356164
			69.5890410958904	-47.4520547945205
			69.5890410958904	-47.3424657534247
			69.4794520547945	-47.2328767123288
			69.4794520547945	-47.1232876712329
			69.4794520547945	-47.013698630137
			69.4794520547945	-46.9041095890411
			69.4794520547945	-46.7945205479452
			69.4794520547945	-46.6849315068493
			69.4794520547945	-46.5753424657534
			69.3698630136986	-46.4657534246575
			69.3698630136986	-46.3561643835616
			69.3698630136986	-46.2465753424658
			69.3698630136986	-46.1369863013699
			69.3698630136986	-46.027397260274
			69.2602739726027	-45.9178082191781
			69.2602739726027	-45.8082191780822
			69.2602739726027	-45.6986301369863
			69.2602739726027	-45.5890410958904
			69.2602739726027	-45.4794520547945
			69.2602739726027	-45.3698630136986
			69.1506849315068	-45.2602739726027
			69.1506849315068	-45.1506849315068
			69.1506849315068	-45.041095890411
			69.1506849315068	-44.9315068493151
			69.1506849315068	-44.8219178082192
			69.041095890411	-44.7123287671233
			69.041095890411	-44.6027397260274
			69.041095890411	-44.4931506849315
			69.041095890411	-44.3835616438356
			69.041095890411	-44.2739726027397
			68.9315068493151	-44.2739726027397
			68.9315068493151	-44.1643835616438
			68.9315068493151	-44.0547945205479
			68.9315068493151	-43.945205479452
			68.9315068493151	-43.8356164383562
			68.8219178082192	-43.7260273972603
			68.8219178082192	-43.6164383561644
			68.8219178082192	-43.5068493150685
			68.8219178082192	-43.3972602739726
			68.7123287671233	-43.2876712328767
			68.7123287671233	-43.1780821917808
			68.7123287671233	-43.0684931506849
			68.7123287671233	-42.958904109589
			68.6027397260274	-42.8493150684931
			68.6027397260274	-42.7397260273973
			68.6027397260274	-42.6301369863014
			68.6027397260274	-42.5205479452055
			68.6027397260274	-42.4109589041096
			68.4931506849315	-42.3013698630137
			68.4931506849315	-42.1917808219178
			68.4931506849315	-42.0821917808219
			68.3835616438356	-41.972602739726
			68.3835616438356	-41.8630136986301
			68.3835616438356	-41.7534246575342
			68.2739726027397	-41.6438356164384
			68.2739726027397	-41.5342465753425
			68.2739726027397	-41.4246575342466
			68.2739726027397	-41.3150684931507
			68.2739726027397	-41.2054794520548
			68.1643835616438	-41.2054794520548
			68.1643835616438	-41.0958904109589
			68.1643835616438	-40.986301369863
			68.1643835616438	-40.8767123287671
			68.0547945205479	-40.7671232876712
			68.0547945205479	-40.6575342465753
			68.0547945205479	-40.5479452054795
			67.9452054794521	-40.4383561643836
			67.9452054794521	-40.3287671232877
			67.9452054794521	-40.2191780821918
			67.8356164383562	-40.1095890410959
			67.8356164383562	-40
			67.8356164383562	-39.8904109589041
			67.8356164383562	-39.7808219178082
			67.7260273972603	-39.6712328767123
			67.7260273972603	-39.5616438356164
			67.7260273972603	-39.4520547945205
			67.6164383561644	-39.3424657534247
			67.6164383561644	-39.2328767123288
			67.6164383561644	-39.1232876712329
			67.5068493150685	-39.013698630137
			67.5068493150685	-38.9041095890411
			67.5068493150685	-38.7945205479452
			67.3972602739726	-38.6849315068493
			67.3972602739726	-38.5753424657534
			67.2876712328767	-38.4657534246575
			67.2876712328767	-38.3561643835616
			67.2876712328767	-38.2465753424658
			67.2876712328767	-38.1369863013699
			67.1780821917808	-38.027397260274
			67.1780821917808	-37.9178082191781
			67.0684931506849	-37.8082191780822
			67.0684931506849	-37.6986301369863
			67.0684931506849	-37.5890410958904
			66.958904109589	-37.4794520547945
			66.958904109589	-37.3698630136986
			66.958904109589	-37.2602739726027
			66.8493150684931	-37.1506849315068
			66.8493150684931	-37.041095890411
			66.7397260273973	-36.9315068493151
			66.7397260273973	-36.8219178082192
			66.7397260273973	-36.7123287671233
			66.6301369863014	-36.6027397260274
			66.6301369863014	-36.4931506849315
			66.6301369863014	-36.3835616438356
			66.5205479452055	-36.2739726027397
			66.5205479452055	-36.1643835616438
			66.4109589041096	-36.0547945205479
			66.4109589041096	-35.9452054794521
			66.3013698630137	-35.8356164383562
			66.3013698630137	-35.7260273972603
			66.1917808219178	-35.6164383561644
			66.1917808219178	-35.5068493150685
			66.1917808219178	-35.3972602739726
			66.0821917808219	-35.2876712328767
			66.0821917808219	-35.1780821917808
			65.972602739726	-35.0684931506849
			65.972602739726	-34.958904109589
			65.8630136986301	-34.8493150684931
			65.8630136986301	-34.7397260273973
			65.8630136986301	-34.6301369863014
			65.7534246575342	-34.5205479452055
			65.7534246575342	-34.4109589041096
			65.6438356164384	-34.3013698630137
			65.6438356164384	-34.1917808219178
			65.5342465753425	-34.0821917808219
			65.5342465753425	-33.972602739726
			65.5342465753425	-33.8630136986301
			65.4246575342466	-33.7534246575342
			65.4246575342466	-33.6438356164384
			65.3150684931507	-33.5342465753425
			65.3150684931507	-33.4246575342466
			65.2054794520548	-33.3150684931507
			65.0958904109589	-33.2054794520548
			65.0958904109589	-33.0958904109589
			64.986301369863	-32.986301369863
			64.986301369863	-32.8767123287671
			64.8767123287671	-32.7671232876712
			64.8767123287671	-32.6575342465753
			64.7671232876712	-32.5479452054795
			64.6575342465753	-32.4383561643836
			64.6575342465753	-32.3287671232877
			64.5479452054795	-32.2191780821918
			64.5479452054795	-32.1095890410959
			64.4383561643836	-32
			64.4383561643836	-31.8904109589041
			64.3287671232877	-31.7808219178082
			64.3287671232877	-31.6712328767123
			64.2191780821918	-31.5616438356164
			64.1095890410959	-31.4520547945205
			64.1095890410959	-31.3424657534247
			64	-31.2328767123288
			63.8904109589041	-31.1232876712329
			63.8904109589041	-31.013698630137
			63.7808219178082	-30.9041095890411
			63.7808219178082	-30.7945205479452
			63.6712328767123	-30.6849315068493
			63.6712328767123	-30.5753424657534
			63.5616438356164	-30.4657534246575
			63.4520547945205	-30.3561643835616
			63.4520547945205	-30.2465753424658
			63.3424657534247	-30.1369863013699
			63.3424657534247	-30.027397260274
			63.2328767123288	-29.9178082191781
			63.2328767123288	-29.8082191780822
			63.1232876712329	-29.6986301369863
			63.1232876712329	-29.5890410958904
			63.013698630137	-29.4794520547945
			62.9041095890411	-29.3698630136986
			62.9041095890411	-29.2602739726027
			62.7945205479452	-29.2602739726027
			62.7945205479452	-29.1506849315068
			62.6849315068493	-29.041095890411
			62.6849315068493	-28.9315068493151
			62.5753424657534	-28.8219178082192
			62.5753424657534	-28.7123287671233
			62.4657534246575	-28.6027397260274
			62.4657534246575	-28.4931506849315
			62.3561643835616	-28.3835616438356
			62.2465753424657	-28.2739726027397
			62.2465753424657	-28.1643835616438
			62.1369863013699	-28.0547945205479
			62.027397260274	-27.9452054794521
			62.027397260274	-27.8356164383562
			61.9178082191781	-27.7260273972603
			61.8082191780822	-27.6164383561644
			61.8082191780822	-27.5068493150685
			61.6986301369863	-27.3972602739726
			61.6986301369863	-27.2876712328767
			61.5890410958904	-27.1780821917808
			61.4794520547945	-27.0684931506849
			61.4794520547945	-26.958904109589
			61.3698630136986	-26.8493150684931
			61.3698630136986	-26.7397260273973
			61.2602739726027	-26.6301369863014
			61.2602739726027	-26.5205479452055
			61.1506849315068	-26.5205479452055
			61.041095890411	-26.4109589041096
			61.041095890411	-26.3013698630137
			60.9315068493151	-26.1917808219178
			60.9315068493151	-26.0821917808219
			60.8219178082192	-25.972602739726
			60.8219178082192	-25.8630136986301
			60.7123287671233	-25.8630136986301
			60.7123287671233	-25.7534246575342
			60.6027397260274	-25.6438356164384
			60.6027397260274	-25.5342465753425
			60.4931506849315	-25.4246575342466
			60.3835616438356	-25.3150684931507
			60.2739726027397	-25.2054794520548
			60.2739726027397	-25.0958904109589
			60.1643835616438	-24.986301369863
			60.1643835616438	-24.8767123287671
			60.0547945205479	-24.7671232876712
			59.945205479452	-24.6575342465753
			59.8356164383562	-24.5479452054795
			59.7260273972603	-24.4383561643836
			59.7260273972603	-24.3287671232877
			59.6164383561644	-24.2191780821918
			59.5068493150685	-24.1095890410959
			59.5068493150685	-24
			59.3972602739726	-23.8904109589041
			59.2876712328767	-23.7808219178082
			59.2876712328767	-23.6712328767123
			59.1780821917808	-23.5616438356164
			59.0684931506849	-23.4520547945205
			59.0684931506849	-23.3424657534247
			58.958904109589	-23.3424657534247
			58.8493150684931	-23.2328767123288
			58.8493150684931	-23.1232876712329
			58.7397260273973	-23.013698630137
			58.6301369863014	-22.9041095890411
			58.5205479452055	-22.7945205479452
			58.5205479452055	-22.6849315068493
			58.4109589041096	-22.5753424657534
			58.3013698630137	-22.4657534246575
			58.1917808219178	-22.4657534246575
			58.1917808219178	-22.3561643835616
		</posterior>
	</curves.scaled>
	<ruler.points type=matrix rownames=TRUE colnames=FALSE nrow=2 ncol=2 as.numeric=TRUE >
		Ruler point 1	530	48
		Ruler point 2	676	48
	</ruler.points>
</shapes>

