<shapes type=list>
	<ruler.pixel type=vector names=FALSE length=1 as.numeric=TRUE >150</ruler.pixel>
	<ruler.interval type=vector names=FALSE length=1 as.numeric=TRUE >5</ruler.interval>
	<scaling.units type=vector names=FALSE length=1 as.numeric=FALSE >mm</scaling.units>
	<scaling type=vector names=FALSE length=1 as.numeric=TRUE >0.0333333333333333</scaling>
	<landmarks.pixel type=matrix rownames=TRUE colnames=FALSE nrow=16 ncol=2 as.numeric=TRUE >
		LM1	202	15
		LM2	202	15
		LM3	202	193
		LM4	202	222
		LM5	298	76
		LM6	241	195
		LM7	250	215
		LM8	303	101
		LM9	309	165
		LM10	202	15
		LM11	335	156
		LM12	361	178
		LM13	202	15
		LM14	333	144
		LM15	351	222
		LM16	339	229
	</landmarks.pixel>
	<landmarks.scaled type=matrix rownames=TRUE colnames=FALSE nrow=16 ncol=2 as.numeric=TRUE >
		LM1	6.73333333333333	-0.5
		LM2	6.73333333333333	-0.5
		LM3	6.73333333333333	-6.43333333333333
		LM4	6.73333333333333	-7.4
		LM5	9.93333333333333	-2.53333333333333
		LM6	8.03333333333333	-6.5
		LM7	8.33333333333333	-7.16666666666667
		LM8	10.1	-3.36666666666667
		LM9	10.3	-5.5
		LM10	6.73333333333333	-0.5
		LM11	11.1666666666667	-5.2
		LM12	12.0333333333333	-5.93333333333333
		LM13	6.73333333333333	-0.5
		LM14	11.1	-4.8
		LM15	11.7	-7.4
		LM16	11.3	-7.63333333333333
	</landmarks.scaled>
	<curves.control type=list>
		<glabella type=matrix rownames=FALSE colnames=FALSE nrow=11 ncol=2 as.numeric=TRUE >
			202	15
			257	21
			293	60
			300	66
			297	83
			288	126
			248	174
			252	186
			241	195
			246	200
			250	215
		</glabella>
		<suture type=matrix rownames=FALSE colnames=FALSE nrow=19 ncol=2 as.numeric=TRUE >
			202	15
			270	25
			298	68
			295	96
			294	100
			306	100
			314	111
			336	148
			310	165
			308	166
			306	166
			305	170
			314	168
			326	164
			330	154
			332	155
			338	157
			359	164
			361	178
		</suture>
		<anterior type=matrix rownames=FALSE colnames=FALSE nrow=13 ncol=2 as.numeric=TRUE >
			202	15
			257	21
			295	62
			316	82
			327	99
			338	118
			348	138
			355	150
			362	173
			364	187
			362	199
			362	214
			351	222
		</anterior>
		<posterior type=matrix rownames=FALSE colnames=FALSE nrow=13 ncol=2 as.numeric=TRUE >
			202	222
			211	223
			235	220
			243	217
			249	215
			260	215
			288	215
			299	216
			309	220
			320	226
			336	230
			349	227
			351	222
		</posterior>
	</curves.control>
	<curves.pixel type=list>
		<glabella type=matrix rownames=FALSE colnames=FALSE nrow=259 ncol=2 as.numeric=TRUE >
			202	15
			203	15
			204	15
			205	15
			206	15
			206	16
			207	16
			208	16
			209	16
			210	16
			211	16
			212	16
			213	17
			214	17
			215	17
			216	17
			217	17
			218	18
			219	18
			220	18
			221	18
			222	18
			223	19
			224	19
			225	19
			226	19
			227	20
			228	20
			229	20
			230	20
			231	21
			232	21
			233	21
			234	22
			235	22
			236	23
			237	23
			238	23
			239	23
			239	24
			240	24
			241	24
			242	25
			243	25
			244	26
			245	26
			246	26
			247	27
			248	27
			249	27
			249	28
			250	28
			251	29
			252	29
			253	30
			254	30
			255	31
			256	31
			257	32
			258	32
			259	33
			260	34
			261	34
			262	35
			263	35
			264	36
			265	37
			266	37
			267	38
			268	39
			269	39
			270	40
			271	41
			272	41
			273	42
			274	43
			275	43
			276	44
			277	45
			278	46
			279	46
			280	47
			281	48
			281	49
			282	50
			283	50
			284	51
			285	52
			286	53
			287	54
			288	54
			289	55
			289	56
			290	57
			291	58
			292	59
			293	60
			294	61
			295	62
			296	63
			296	64
			297	65
			297	66
			297	67
			297	68
			297	69
			298	69
			298	70
			298	71
			298	72
			298	73
			298	74
			298	75
			298	76
			298	77
			298	78
			298	79
			297	80
			297	81
			297	82
			297	83
			297	84
			297	85
			296	86
			296	87
			296	88
			296	89
			295	89
			295	90
			295	91
			295	92
			295	93
			294	94
			294	95
			294	96
			293	97
			293	98
			293	99
			292	100
			292	101
			292	102
			291	102
			291	103
			291	104
			290	105
			290	106
			290	107
			289	108
			289	109
			289	110
			288	110
			288	111
			288	112
			287	113
			287	114
			286	115
			286	116
			285	117
			285	118
			284	119
			284	120
			283	121
			283	122
			283	123
			282	124
			281	125
			281	126
			280	127
			280	128
			279	129
			279	130
			278	131
			278	132
			277	133
			277	134
			276	135
			275	136
			275	137
			274	138
			274	139
			273	140
			272	141
			272	142
			271	143
			271	144
			270	145
			269	146
			269	147
			268	148
			267	149
			267	150
			266	151
			265	152
			264	153
			264	154
			263	155
			262	156
			262	157
			261	158
			260	159
			259	160
			258	161
			258	162
			257	163
			256	164
			255	165
			255	166
			254	167
			253	168
			252	169
			251	170
			250	171
			250	172
			249	173
			248	174
			248	175
			248	176
			249	177
			249	178
			249	179
			249	180
			249	181
			249	182
			249	183
			249	184
			248	185
			248	186
			247	187
			247	188
			247	189
			246	189
			246	190
			245	191
			245	192
			244	192
			243	193
			243	194
			242	194
			241	195
			242	196
			242	197
			243	198
			244	199
			245	200
			245	201
			246	202
			246	203
			246	204
			247	205
			247	206
			248	207
			248	208
			248	209
			249	210
			249	211
			249	212
			249	213
			250	214
			250	215
		</glabella>
		<suture type=matrix rownames=FALSE colnames=FALSE nrow=294 ncol=2 as.numeric=TRUE >
			202	15
			203	15
			204	15
			205	15
			206	16
			207	16
			208	16
			209	16
			210	16
			211	17
			212	17
			213	17
			214	17
			215	17
			216	18
			217	18
			218	18
			219	18
			220	18
			221	19
			222	19
			223	19
			224	19
			225	20
			226	20
			227	20
			228	21
			229	21
			230	21
			231	21
			232	22
			233	22
			234	22
			235	22
			236	23
			237	23
			238	24
			239	24
			240	24
			241	24
			241	25
			242	25
			243	25
			244	26
			245	26
			246	26
			247	27
			248	28
			249	28
			250	28
			251	29
			252	29
			253	30
			254	30
			255	31
			256	31
			257	32
			258	32
			259	33
			260	33
			261	34
			262	35
			263	35
			264	36
			265	36
			266	37
			267	37
			267	38
			268	38
			269	38
			269	39
			270	39
			270	40
			271	40
			272	40
			272	41
			273	41
			273	42
			274	42
			274	43
			275	43
			276	44
			277	45
			278	46
			279	47
			280	48
			281	48
			282	49
			283	50
			284	51
			285	52
			286	53
			287	54
			288	55
			289	56
			290	57
			291	58
			291	59
			292	59
			292	60
			293	61
			294	62
			295	63
			295	64
			296	65
			296	66
			297	67
			298	67
			298	68
			298	69
			298	70
			298	71
			298	72
			297	73
			297	74
			297	75
			297	76
			297	77
			297	78
			297	79
			297	80
			297	81
			296	82
			296	83
			296	84
			296	85
			296	86
			296	87
			296	88
			296	89
			295	90
			295	91
			295	92
			295	93
			295	94
			295	95
			295	96
			295	97
			294	97
			294	98
			294	99
			294	100
			295	100
			296	100
			297	100
			298	100
			299	100
			299	101
			300	101
			301	101
			302	101
			303	102
			304	102
			305	103
			306	103
			306	104
			307	104
			308	105
			309	106
			310	107
			311	108
			312	108
			313	109
			313	110
			314	111
			314	112
			315	113
			316	114
			316	115
			317	116
			317	117
			318	118
			318	119
			319	120
			319	121
			320	122
			320	123
			320	124
			321	124
			321	125
			321	126
			321	127
			322	128
			322	129
			323	130
			323	131
			323	132
			323	133
			323	134
			324	134
			324	135
			324	136
			324	137
			324	138
			324	139
			324	140
			324	141
			324	142
			324	143
			324	144
			324	145
			324	146
			323	147
			323	148
			323	149
			323	150
			322	151
			322	152
			321	153
			321	154
			320	155
			319	156
			319	157
			318	158
			317	159
			316	160
			315	161
			314	162
			313	163
			312	163
			311	164
			310	165
			309	165
			309	166
			308	166
			307	166
			306	166
			306	167
			306	168
			307	168
			308	169
			309	169
			310	169
			311	168
			312	168
			313	168
			314	168
			315	168
			316	167
			317	167
			318	167
			318	166
			319	166
			320	165
			321	165
			322	164
			323	163
			324	162
			325	161
			326	160
			327	159
			328	158
			329	157
			329	156
			329	155
			330	154
			331	154
			332	155
			333	155
			334	156
			335	156
			336	156
			337	157
			338	157
			339	157
			340	158
			341	158
			342	159
			343	159
			344	159
			345	160
			346	160
			347	161
			348	161
			349	162
			350	163
			351	163
			352	164
			353	165
			354	166
			355	166
			356	167
			356	168
			357	169
			358	169
			358	170
			359	171
			359	172
			360	173
			360	174
			360	175
			360	176
			361	177
			361	178
		</suture>
		<anterior type=matrix rownames=FALSE colnames=FALSE nrow=274 ncol=2 as.numeric=TRUE >
			202	15
			203	15
			204	15
			205	15
			206	15
			207	16
			208	16
			209	16
			210	16
			211	16
			212	16
			213	17
			214	17
			215	17
			216	17
			217	17
			218	18
			219	18
			220	18
			221	18
			222	19
			223	19
			224	19
			225	19
			226	20
			227	20
			228	20
			229	20
			230	21
			231	21
			232	21
			233	22
			234	22
			235	22
			236	23
			237	23
			238	23
			239	24
			240	24
			241	25
			242	25
			243	25
			244	26
			245	26
			246	27
			247	27
			248	27
			248	28
			249	28
			250	28
			251	29
			252	29
			253	30
			254	30
			255	31
			256	31
			257	32
			258	33
			259	33
			260	34
			261	35
			262	35
			263	36
			264	36
			265	37
			266	37
			266	38
			267	38
			268	38
			268	39
			269	39
			269	40
			270	40
			271	40
			271	41
			272	41
			272	42
			273	42
			273	43
			274	43
			275	43
			275	44
			276	44
			276	45
			277	45
			278	46
			279	47
			280	48
			281	49
			282	50
			283	51
			284	52
			285	53
			286	53
			287	54
			288	55
			289	56
			290	57
			291	58
			292	59
			293	59
			293	60
			294	61
			295	62
			296	63
			297	63
			297	64
			298	65
			299	66
			300	67
			301	67
			301	68
			302	69
			303	70
			304	71
			305	72
			306	73
			307	74
			308	75
			309	76
			309	77
			310	77
			311	78
			312	79
			313	80
			313	81
			314	82
			315	83
			316	84
			316	85
			317	85
			318	86
			318	87
			319	88
			320	89
			320	90
			321	91
			322	91
			322	92
			323	93
			324	94
			324	95
			325	96
			326	97
			326	98
			327	99
			328	100
			328	101
			329	102
			329	103
			330	103
			330	104
			330	105
			331	105
			331	106
			331	107
			332	107
			332	108
			332	109
			333	109
			333	110
			334	111
			334	112
			335	113
			336	114
			336	115
			336	116
			337	117
			338	118
			338	119
			339	120
			339	121
			340	122
			340	123
			341	124
			341	125
			342	126
			342	127
			343	128
			343	129
			344	130
			344	131
			345	132
			345	133
			346	134
			346	135
			347	136
			347	137
			348	138
			349	139
			349	140
			350	141
			350	142
			351	143
			351	144
			352	145
			352	146
			353	147
			353	148
			353	149
			354	150
			354	151
			355	152
			355	153
			356	154
			356	155
			356	156
			357	157
			357	158
			357	159
			358	160
			358	161
			358	162
			359	163
			359	164
			360	165
			360	166
			360	167
			360	168
			361	169
			361	170
			361	171
			362	172
			362	173
			362	174
			362	175
			362	176
			362	177
			363	178
			363	179
			363	180
			363	181
			363	182
			363	183
			363	184
			363	185
			363	186
			363	187
			363	188
			363	189
			363	190
			363	191
			363	192
			363	193
			363	194
			363	195
			362	196
			362	197
			362	198
			362	199
			362	200
			362	201
			362	202
			362	203
			362	204
			361	205
			361	206
			361	207
			361	208
			360	209
			360	210
			360	211
			359	212
			359	213
			358	214
			358	215
			357	216
			356	217
			355	218
			354	219
			354	220
			353	220
			352	221
			351	222
		</anterior>
		<posterior type=matrix rownames=FALSE colnames=FALSE nrow=159 ncol=2 as.numeric=TRUE >
			202	222
			203	222
			204	222
			205	222
			206	222
			207	222
			208	222
			209	222
			210	222
			211	222
			212	222
			213	222
			214	222
			215	222
			216	222
			217	222
			218	222
			219	222
			220	222
			221	222
			222	221
			223	221
			224	221
			225	221
			226	221
			227	221
			228	221
			229	221
			230	221
			231	220
			232	220
			233	220
			234	220
			235	220
			236	220
			237	219
			238	219
			239	219
			240	218
			241	218
			242	217
			243	217
			244	217
			245	216
			246	216
			247	216
			248	215
			249	215
			250	215
			251	215
			252	215
			253	215
			254	215
			255	215
			256	215
			257	215
			258	215
			259	215
			260	215
			261	215
			262	215
			263	215
			264	215
			265	215
			266	215
			267	215
			268	215
			269	215
			270	215
			271	215
			272	215
			273	215
			274	215
			275	215
			276	215
			277	215
			278	215
			279	215
			280	215
			281	215
			282	215
			283	215
			284	215
			285	215
			286	215
			287	215
			288	215
			289	215
			290	215
			291	215
			292	215
			293	216
			294	216
			295	216
			296	216
			297	216
			298	217
			299	217
			300	217
			301	217
			302	218
			303	218
			304	218
			305	218
			305	219
			306	219
			307	219
			308	220
			309	220
			310	221
			311	221
			312	222
			313	222
			314	223
			315	223
			316	224
			317	224
			318	224
			319	224
			319	225
			320	225
			321	225
			321	226
			322	226
			323	226
			324	226
			324	227
			325	227
			326	227
			327	227
			327	228
			328	228
			329	228
			330	228
			331	229
			332	229
			333	229
			334	230
			335	230
			336	230
			337	230
			338	230
			339	229
			340	229
			341	228
			342	228
			343	228
			344	228
			344	227
			345	227
			346	227
			346	226
			347	226
			348	226
			349	225
			350	224
			350	223
			351	223
			351	222
		</posterior>
	</curves.pixel>
	<curves.scaled type=list>
		<glabella type=matrix rownames=FALSE colnames=FALSE nrow=259 ncol=2 as.numeric=TRUE >
			6.73333333333333	-0.5
			6.76666666666667	-0.5
			6.8	-0.5
			6.83333333333333	-0.5
			6.86666666666667	-0.5
			6.86666666666667	-0.533333333333333
			6.9	-0.533333333333333
			6.93333333333333	-0.533333333333333
			6.96666666666667	-0.533333333333333
			7	-0.533333333333333
			7.03333333333333	-0.533333333333333
			7.06666666666667	-0.533333333333333
			7.1	-0.566666666666667
			7.13333333333333	-0.566666666666667
			7.16666666666667	-0.566666666666667
			7.2	-0.566666666666667
			7.23333333333333	-0.566666666666667
			7.26666666666667	-0.6
			7.3	-0.6
			7.33333333333333	-0.6
			7.36666666666667	-0.6
			7.4	-0.6
			7.43333333333333	-0.633333333333333
			7.46666666666667	-0.633333333333333
			7.5	-0.633333333333333
			7.53333333333333	-0.633333333333333
			7.56666666666667	-0.666666666666667
			7.6	-0.666666666666667
			7.63333333333333	-0.666666666666667
			7.66666666666667	-0.666666666666667
			7.7	-0.7
			7.73333333333333	-0.7
			7.76666666666667	-0.7
			7.8	-0.733333333333333
			7.83333333333333	-0.733333333333333
			7.86666666666667	-0.766666666666667
			7.9	-0.766666666666667
			7.93333333333333	-0.766666666666667
			7.96666666666667	-0.766666666666667
			7.96666666666667	-0.8
			8	-0.8
			8.03333333333333	-0.8
			8.06666666666667	-0.833333333333333
			8.1	-0.833333333333333
			8.13333333333333	-0.866666666666667
			8.16666666666667	-0.866666666666667
			8.2	-0.866666666666667
			8.23333333333333	-0.9
			8.26666666666667	-0.9
			8.3	-0.9
			8.3	-0.933333333333333
			8.33333333333333	-0.933333333333333
			8.36666666666667	-0.966666666666667
			8.4	-0.966666666666667
			8.43333333333333	-1
			8.46666666666667	-1
			8.5	-1.03333333333333
			8.53333333333333	-1.03333333333333
			8.56666666666667	-1.06666666666667
			8.6	-1.06666666666667
			8.63333333333333	-1.1
			8.66666666666667	-1.13333333333333
			8.7	-1.13333333333333
			8.73333333333333	-1.16666666666667
			8.76666666666667	-1.16666666666667
			8.8	-1.2
			8.83333333333333	-1.23333333333333
			8.86666666666667	-1.23333333333333
			8.9	-1.26666666666667
			8.93333333333333	-1.3
			8.96666666666667	-1.3
			9	-1.33333333333333
			9.03333333333333	-1.36666666666667
			9.06666666666667	-1.36666666666667
			9.1	-1.4
			9.13333333333333	-1.43333333333333
			9.16666666666667	-1.43333333333333
			9.2	-1.46666666666667
			9.23333333333333	-1.5
			9.26666666666667	-1.53333333333333
			9.3	-1.53333333333333
			9.33333333333333	-1.56666666666667
			9.36666666666667	-1.6
			9.36666666666667	-1.63333333333333
			9.4	-1.66666666666667
			9.43333333333333	-1.66666666666667
			9.46666666666667	-1.7
			9.5	-1.73333333333333
			9.53333333333333	-1.76666666666667
			9.56666666666667	-1.8
			9.6	-1.8
			9.63333333333333	-1.83333333333333
			9.63333333333333	-1.86666666666667
			9.66666666666667	-1.9
			9.7	-1.93333333333333
			9.73333333333333	-1.96666666666667
			9.76666666666667	-2
			9.8	-2.03333333333333
			9.83333333333333	-2.06666666666667
			9.86666666666667	-2.1
			9.86666666666667	-2.13333333333333
			9.9	-2.16666666666667
			9.9	-2.2
			9.9	-2.23333333333333
			9.9	-2.26666666666667
			9.9	-2.3
			9.93333333333333	-2.3
			9.93333333333333	-2.33333333333333
			9.93333333333333	-2.36666666666667
			9.93333333333333	-2.4
			9.93333333333333	-2.43333333333333
			9.93333333333333	-2.46666666666667
			9.93333333333333	-2.5
			9.93333333333333	-2.53333333333333
			9.93333333333333	-2.56666666666667
			9.93333333333333	-2.6
			9.93333333333333	-2.63333333333333
			9.9	-2.66666666666667
			9.9	-2.7
			9.9	-2.73333333333333
			9.9	-2.76666666666667
			9.9	-2.8
			9.9	-2.83333333333333
			9.86666666666667	-2.86666666666667
			9.86666666666667	-2.9
			9.86666666666667	-2.93333333333333
			9.86666666666667	-2.96666666666667
			9.83333333333333	-2.96666666666667
			9.83333333333333	-3
			9.83333333333333	-3.03333333333333
			9.83333333333333	-3.06666666666667
			9.83333333333333	-3.1
			9.8	-3.13333333333333
			9.8	-3.16666666666667
			9.8	-3.2
			9.76666666666667	-3.23333333333333
			9.76666666666667	-3.26666666666667
			9.76666666666667	-3.3
			9.73333333333333	-3.33333333333333
			9.73333333333333	-3.36666666666667
			9.73333333333333	-3.4
			9.7	-3.4
			9.7	-3.43333333333333
			9.7	-3.46666666666667
			9.66666666666667	-3.5
			9.66666666666667	-3.53333333333333
			9.66666666666667	-3.56666666666667
			9.63333333333333	-3.6
			9.63333333333333	-3.63333333333333
			9.63333333333333	-3.66666666666667
			9.6	-3.66666666666667
			9.6	-3.7
			9.6	-3.73333333333333
			9.56666666666667	-3.76666666666667
			9.56666666666667	-3.8
			9.53333333333333	-3.83333333333333
			9.53333333333333	-3.86666666666667
			9.5	-3.9
			9.5	-3.93333333333333
			9.46666666666667	-3.96666666666667
			9.46666666666667	-4
			9.43333333333333	-4.03333333333333
			9.43333333333333	-4.06666666666667
			9.43333333333333	-4.1
			9.4	-4.13333333333333
			9.36666666666667	-4.16666666666667
			9.36666666666667	-4.2
			9.33333333333333	-4.23333333333333
			9.33333333333333	-4.26666666666667
			9.3	-4.3
			9.3	-4.33333333333333
			9.26666666666667	-4.36666666666667
			9.26666666666667	-4.4
			9.23333333333333	-4.43333333333333
			9.23333333333333	-4.46666666666667
			9.2	-4.5
			9.16666666666667	-4.53333333333333
			9.16666666666667	-4.56666666666667
			9.13333333333333	-4.6
			9.13333333333333	-4.63333333333333
			9.1	-4.66666666666667
			9.06666666666667	-4.7
			9.06666666666667	-4.73333333333333
			9.03333333333333	-4.76666666666667
			9.03333333333333	-4.8
			9	-4.83333333333333
			8.96666666666667	-4.86666666666667
			8.96666666666667	-4.9
			8.93333333333333	-4.93333333333333
			8.9	-4.96666666666667
			8.9	-5
			8.86666666666667	-5.03333333333333
			8.83333333333333	-5.06666666666667
			8.8	-5.1
			8.8	-5.13333333333333
			8.76666666666667	-5.16666666666667
			8.73333333333333	-5.2
			8.73333333333333	-5.23333333333333
			8.7	-5.26666666666667
			8.66666666666667	-5.3
			8.63333333333333	-5.33333333333333
			8.6	-5.36666666666667
			8.6	-5.4
			8.56666666666667	-5.43333333333333
			8.53333333333333	-5.46666666666667
			8.5	-5.5
			8.5	-5.53333333333333
			8.46666666666667	-5.56666666666667
			8.43333333333333	-5.6
			8.4	-5.63333333333333
			8.36666666666667	-5.66666666666667
			8.33333333333333	-5.7
			8.33333333333333	-5.73333333333333
			8.3	-5.76666666666667
			8.26666666666667	-5.8
			8.26666666666667	-5.83333333333333
			8.26666666666667	-5.86666666666667
			8.3	-5.9
			8.3	-5.93333333333333
			8.3	-5.96666666666667
			8.3	-6
			8.3	-6.03333333333333
			8.3	-6.06666666666667
			8.3	-6.1
			8.3	-6.13333333333333
			8.26666666666667	-6.16666666666667
			8.26666666666667	-6.2
			8.23333333333333	-6.23333333333333
			8.23333333333333	-6.26666666666667
			8.23333333333333	-6.3
			8.2	-6.3
			8.2	-6.33333333333333
			8.16666666666667	-6.36666666666667
			8.16666666666667	-6.4
			8.13333333333333	-6.4
			8.1	-6.43333333333333
			8.1	-6.46666666666667
			8.06666666666667	-6.46666666666667
			8.03333333333333	-6.5
			8.06666666666667	-6.53333333333333
			8.06666666666667	-6.56666666666667
			8.1	-6.6
			8.13333333333333	-6.63333333333333
			8.16666666666667	-6.66666666666667
			8.16666666666667	-6.7
			8.2	-6.73333333333333
			8.2	-6.76666666666667
			8.2	-6.8
			8.23333333333333	-6.83333333333333
			8.23333333333333	-6.86666666666667
			8.26666666666667	-6.9
			8.26666666666667	-6.93333333333333
			8.26666666666667	-6.96666666666667
			8.3	-7
			8.3	-7.03333333333333
			8.3	-7.06666666666667
			8.3	-7.1
			8.33333333333333	-7.13333333333333
			8.33333333333333	-7.16666666666667
		</glabella>
		<suture type=matrix rownames=FALSE colnames=FALSE nrow=294 ncol=2 as.numeric=TRUE >
			6.73333333333333	-0.5
			6.76666666666667	-0.5
			6.8	-0.5
			6.83333333333333	-0.5
			6.86666666666667	-0.533333333333333
			6.9	-0.533333333333333
			6.93333333333333	-0.533333333333333
			6.96666666666667	-0.533333333333333
			7	-0.533333333333333
			7.03333333333333	-0.566666666666667
			7.06666666666667	-0.566666666666667
			7.1	-0.566666666666667
			7.13333333333333	-0.566666666666667
			7.16666666666667	-0.566666666666667
			7.2	-0.6
			7.23333333333333	-0.6
			7.26666666666667	-0.6
			7.3	-0.6
			7.33333333333333	-0.6
			7.36666666666667	-0.633333333333333
			7.4	-0.633333333333333
			7.43333333333333	-0.633333333333333
			7.46666666666667	-0.633333333333333
			7.5	-0.666666666666667
			7.53333333333333	-0.666666666666667
			7.56666666666667	-0.666666666666667
			7.6	-0.7
			7.63333333333333	-0.7
			7.66666666666667	-0.7
			7.7	-0.7
			7.73333333333333	-0.733333333333333
			7.76666666666667	-0.733333333333333
			7.8	-0.733333333333333
			7.83333333333333	-0.733333333333333
			7.86666666666667	-0.766666666666667
			7.9	-0.766666666666667
			7.93333333333333	-0.8
			7.96666666666667	-0.8
			8	-0.8
			8.03333333333333	-0.8
			8.03333333333333	-0.833333333333333
			8.06666666666667	-0.833333333333333
			8.1	-0.833333333333333
			8.13333333333333	-0.866666666666667
			8.16666666666667	-0.866666666666667
			8.2	-0.866666666666667
			8.23333333333333	-0.9
			8.26666666666667	-0.933333333333333
			8.3	-0.933333333333333
			8.33333333333333	-0.933333333333333
			8.36666666666667	-0.966666666666667
			8.4	-0.966666666666667
			8.43333333333333	-1
			8.46666666666667	-1
			8.5	-1.03333333333333
			8.53333333333333	-1.03333333333333
			8.56666666666667	-1.06666666666667
			8.6	-1.06666666666667
			8.63333333333333	-1.1
			8.66666666666667	-1.1
			8.7	-1.13333333333333
			8.73333333333333	-1.16666666666667
			8.76666666666667	-1.16666666666667
			8.8	-1.2
			8.83333333333333	-1.2
			8.86666666666667	-1.23333333333333
			8.9	-1.23333333333333
			8.9	-1.26666666666667
			8.93333333333333	-1.26666666666667
			8.96666666666667	-1.26666666666667
			8.96666666666667	-1.3
			9	-1.3
			9	-1.33333333333333
			9.03333333333333	-1.33333333333333
			9.06666666666667	-1.33333333333333
			9.06666666666667	-1.36666666666667
			9.1	-1.36666666666667
			9.1	-1.4
			9.13333333333333	-1.4
			9.13333333333333	-1.43333333333333
			9.16666666666667	-1.43333333333333
			9.2	-1.46666666666667
			9.23333333333333	-1.5
			9.26666666666667	-1.53333333333333
			9.3	-1.56666666666667
			9.33333333333333	-1.6
			9.36666666666667	-1.6
			9.4	-1.63333333333333
			9.43333333333333	-1.66666666666667
			9.46666666666667	-1.7
			9.5	-1.73333333333333
			9.53333333333333	-1.76666666666667
			9.56666666666667	-1.8
			9.6	-1.83333333333333
			9.63333333333333	-1.86666666666667
			9.66666666666667	-1.9
			9.7	-1.93333333333333
			9.7	-1.96666666666667
			9.73333333333333	-1.96666666666667
			9.73333333333333	-2
			9.76666666666667	-2.03333333333333
			9.8	-2.06666666666667
			9.83333333333333	-2.1
			9.83333333333333	-2.13333333333333
			9.86666666666667	-2.16666666666667
			9.86666666666667	-2.2
			9.9	-2.23333333333333
			9.93333333333333	-2.23333333333333
			9.93333333333333	-2.26666666666667
			9.93333333333333	-2.3
			9.93333333333333	-2.33333333333333
			9.93333333333333	-2.36666666666667
			9.93333333333333	-2.4
			9.9	-2.43333333333333
			9.9	-2.46666666666667
			9.9	-2.5
			9.9	-2.53333333333333
			9.9	-2.56666666666667
			9.9	-2.6
			9.9	-2.63333333333333
			9.9	-2.66666666666667
			9.9	-2.7
			9.86666666666667	-2.73333333333333
			9.86666666666667	-2.76666666666667
			9.86666666666667	-2.8
			9.86666666666667	-2.83333333333333
			9.86666666666667	-2.86666666666667
			9.86666666666667	-2.9
			9.86666666666667	-2.93333333333333
			9.86666666666667	-2.96666666666667
			9.83333333333333	-3
			9.83333333333333	-3.03333333333333
			9.83333333333333	-3.06666666666667
			9.83333333333333	-3.1
			9.83333333333333	-3.13333333333333
			9.83333333333333	-3.16666666666667
			9.83333333333333	-3.2
			9.83333333333333	-3.23333333333333
			9.8	-3.23333333333333
			9.8	-3.26666666666667
			9.8	-3.3
			9.8	-3.33333333333333
			9.83333333333333	-3.33333333333333
			9.86666666666667	-3.33333333333333
			9.9	-3.33333333333333
			9.93333333333333	-3.33333333333333
			9.96666666666667	-3.33333333333333
			9.96666666666667	-3.36666666666667
			10	-3.36666666666667
			10.0333333333333	-3.36666666666667
			10.0666666666667	-3.36666666666667
			10.1	-3.4
			10.1333333333333	-3.4
			10.1666666666667	-3.43333333333333
			10.2	-3.43333333333333
			10.2	-3.46666666666667
			10.2333333333333	-3.46666666666667
			10.2666666666667	-3.5
			10.3	-3.53333333333333
			10.3333333333333	-3.56666666666667
			10.3666666666667	-3.6
			10.4	-3.6
			10.4333333333333	-3.63333333333333
			10.4333333333333	-3.66666666666667
			10.4666666666667	-3.7
			10.4666666666667	-3.73333333333333
			10.5	-3.76666666666667
			10.5333333333333	-3.8
			10.5333333333333	-3.83333333333333
			10.5666666666667	-3.86666666666667
			10.5666666666667	-3.9
			10.6	-3.93333333333333
			10.6	-3.96666666666667
			10.6333333333333	-4
			10.6333333333333	-4.03333333333333
			10.6666666666667	-4.06666666666667
			10.6666666666667	-4.1
			10.6666666666667	-4.13333333333333
			10.7	-4.13333333333333
			10.7	-4.16666666666667
			10.7	-4.2
			10.7	-4.23333333333333
			10.7333333333333	-4.26666666666667
			10.7333333333333	-4.3
			10.7666666666667	-4.33333333333333
			10.7666666666667	-4.36666666666667
			10.7666666666667	-4.4
			10.7666666666667	-4.43333333333333
			10.7666666666667	-4.46666666666667
			10.8	-4.46666666666667
			10.8	-4.5
			10.8	-4.53333333333333
			10.8	-4.56666666666667
			10.8	-4.6
			10.8	-4.63333333333333
			10.8	-4.66666666666667
			10.8	-4.7
			10.8	-4.73333333333333
			10.8	-4.76666666666667
			10.8	-4.8
			10.8	-4.83333333333333
			10.8	-4.86666666666667
			10.7666666666667	-4.9
			10.7666666666667	-4.93333333333333
			10.7666666666667	-4.96666666666667
			10.7666666666667	-5
			10.7333333333333	-5.03333333333333
			10.7333333333333	-5.06666666666667
			10.7	-5.1
			10.7	-5.13333333333333
			10.6666666666667	-5.16666666666667
			10.6333333333333	-5.2
			10.6333333333333	-5.23333333333333
			10.6	-5.26666666666667
			10.5666666666667	-5.3
			10.5333333333333	-5.33333333333333
			10.5	-5.36666666666667
			10.4666666666667	-5.4
			10.4333333333333	-5.43333333333333
			10.4	-5.43333333333333
			10.3666666666667	-5.46666666666667
			10.3333333333333	-5.5
			10.3	-5.5
			10.3	-5.53333333333333
			10.2666666666667	-5.53333333333333
			10.2333333333333	-5.53333333333333
			10.2	-5.53333333333333
			10.2	-5.56666666666667
			10.2	-5.6
			10.2333333333333	-5.6
			10.2666666666667	-5.63333333333333
			10.3	-5.63333333333333
			10.3333333333333	-5.63333333333333
			10.3666666666667	-5.6
			10.4	-5.6
			10.4333333333333	-5.6
			10.4666666666667	-5.6
			10.5	-5.6
			10.5333333333333	-5.56666666666667
			10.5666666666667	-5.56666666666667
			10.6	-5.56666666666667
			10.6	-5.53333333333333
			10.6333333333333	-5.53333333333333
			10.6666666666667	-5.5
			10.7	-5.5
			10.7333333333333	-5.46666666666667
			10.7666666666667	-5.43333333333333
			10.8	-5.4
			10.8333333333333	-5.36666666666667
			10.8666666666667	-5.33333333333333
			10.9	-5.3
			10.9333333333333	-5.26666666666667
			10.9666666666667	-5.23333333333333
			10.9666666666667	-5.2
			10.9666666666667	-5.16666666666667
			11	-5.13333333333333
			11.0333333333333	-5.13333333333333
			11.0666666666667	-5.16666666666667
			11.1	-5.16666666666667
			11.1333333333333	-5.2
			11.1666666666667	-5.2
			11.2	-5.2
			11.2333333333333	-5.23333333333333
			11.2666666666667	-5.23333333333333
			11.3	-5.23333333333333
			11.3333333333333	-5.26666666666667
			11.3666666666667	-5.26666666666667
			11.4	-5.3
			11.4333333333333	-5.3
			11.4666666666667	-5.3
			11.5	-5.33333333333333
			11.5333333333333	-5.33333333333333
			11.5666666666667	-5.36666666666667
			11.6	-5.36666666666667
			11.6333333333333	-5.4
			11.6666666666667	-5.43333333333333
			11.7	-5.43333333333333
			11.7333333333333	-5.46666666666667
			11.7666666666667	-5.5
			11.8	-5.53333333333333
			11.8333333333333	-5.53333333333333
			11.8666666666667	-5.56666666666667
			11.8666666666667	-5.6
			11.9	-5.63333333333333
			11.9333333333333	-5.63333333333333
			11.9333333333333	-5.66666666666667
			11.9666666666667	-5.7
			11.9666666666667	-5.73333333333333
			12	-5.76666666666667
			12	-5.8
			12	-5.83333333333333
			12	-5.86666666666667
			12.0333333333333	-5.9
			12.0333333333333	-5.93333333333333
		</suture>
		<anterior type=matrix rownames=FALSE colnames=FALSE nrow=274 ncol=2 as.numeric=TRUE >
			6.73333333333333	-0.5
			6.76666666666667	-0.5
			6.8	-0.5
			6.83333333333333	-0.5
			6.86666666666667	-0.5
			6.9	-0.533333333333333
			6.93333333333333	-0.533333333333333
			6.96666666666667	-0.533333333333333
			7	-0.533333333333333
			7.03333333333333	-0.533333333333333
			7.06666666666667	-0.533333333333333
			7.1	-0.566666666666667
			7.13333333333333	-0.566666666666667
			7.16666666666667	-0.566666666666667
			7.2	-0.566666666666667
			7.23333333333333	-0.566666666666667
			7.26666666666667	-0.6
			7.3	-0.6
			7.33333333333333	-0.6
			7.36666666666667	-0.6
			7.4	-0.633333333333333
			7.43333333333333	-0.633333333333333
			7.46666666666667	-0.633333333333333
			7.5	-0.633333333333333
			7.53333333333333	-0.666666666666667
			7.56666666666667	-0.666666666666667
			7.6	-0.666666666666667
			7.63333333333333	-0.666666666666667
			7.66666666666667	-0.7
			7.7	-0.7
			7.73333333333333	-0.7
			7.76666666666667	-0.733333333333333
			7.8	-0.733333333333333
			7.83333333333333	-0.733333333333333
			7.86666666666667	-0.766666666666667
			7.9	-0.766666666666667
			7.93333333333333	-0.766666666666667
			7.96666666666667	-0.8
			8	-0.8
			8.03333333333333	-0.833333333333333
			8.06666666666667	-0.833333333333333
			8.1	-0.833333333333333
			8.13333333333333	-0.866666666666667
			8.16666666666667	-0.866666666666667
			8.2	-0.9
			8.23333333333333	-0.9
			8.26666666666667	-0.9
			8.26666666666667	-0.933333333333333
			8.3	-0.933333333333333
			8.33333333333333	-0.933333333333333
			8.36666666666667	-0.966666666666667
			8.4	-0.966666666666667
			8.43333333333333	-1
			8.46666666666667	-1
			8.5	-1.03333333333333
			8.53333333333333	-1.03333333333333
			8.56666666666667	-1.06666666666667
			8.6	-1.1
			8.63333333333333	-1.1
			8.66666666666667	-1.13333333333333
			8.7	-1.16666666666667
			8.73333333333333	-1.16666666666667
			8.76666666666667	-1.2
			8.8	-1.2
			8.83333333333333	-1.23333333333333
			8.86666666666667	-1.23333333333333
			8.86666666666667	-1.26666666666667
			8.9	-1.26666666666667
			8.93333333333333	-1.26666666666667
			8.93333333333333	-1.3
			8.96666666666667	-1.3
			8.96666666666667	-1.33333333333333
			9	-1.33333333333333
			9.03333333333333	-1.33333333333333
			9.03333333333333	-1.36666666666667
			9.06666666666667	-1.36666666666667
			9.06666666666667	-1.4
			9.1	-1.4
			9.1	-1.43333333333333
			9.13333333333333	-1.43333333333333
			9.16666666666667	-1.43333333333333
			9.16666666666667	-1.46666666666667
			9.2	-1.46666666666667
			9.2	-1.5
			9.23333333333333	-1.5
			9.26666666666667	-1.53333333333333
			9.3	-1.56666666666667
			9.33333333333333	-1.6
			9.36666666666667	-1.63333333333333
			9.4	-1.66666666666667
			9.43333333333333	-1.7
			9.46666666666667	-1.73333333333333
			9.5	-1.76666666666667
			9.53333333333333	-1.76666666666667
			9.56666666666667	-1.8
			9.6	-1.83333333333333
			9.63333333333333	-1.86666666666667
			9.66666666666667	-1.9
			9.7	-1.93333333333333
			9.73333333333333	-1.96666666666667
			9.76666666666667	-1.96666666666667
			9.76666666666667	-2
			9.8	-2.03333333333333
			9.83333333333333	-2.06666666666667
			9.86666666666667	-2.1
			9.9	-2.1
			9.9	-2.13333333333333
			9.93333333333333	-2.16666666666667
			9.96666666666667	-2.2
			10	-2.23333333333333
			10.0333333333333	-2.23333333333333
			10.0333333333333	-2.26666666666667
			10.0666666666667	-2.3
			10.1	-2.33333333333333
			10.1333333333333	-2.36666666666667
			10.1666666666667	-2.4
			10.2	-2.43333333333333
			10.2333333333333	-2.46666666666667
			10.2666666666667	-2.5
			10.3	-2.53333333333333
			10.3	-2.56666666666667
			10.3333333333333	-2.56666666666667
			10.3666666666667	-2.6
			10.4	-2.63333333333333
			10.4333333333333	-2.66666666666667
			10.4333333333333	-2.7
			10.4666666666667	-2.73333333333333
			10.5	-2.76666666666667
			10.5333333333333	-2.8
			10.5333333333333	-2.83333333333333
			10.5666666666667	-2.83333333333333
			10.6	-2.86666666666667
			10.6	-2.9
			10.6333333333333	-2.93333333333333
			10.6666666666667	-2.96666666666667
			10.6666666666667	-3
			10.7	-3.03333333333333
			10.7333333333333	-3.03333333333333
			10.7333333333333	-3.06666666666667
			10.7666666666667	-3.1
			10.8	-3.13333333333333
			10.8	-3.16666666666667
			10.8333333333333	-3.2
			10.8666666666667	-3.23333333333333
			10.8666666666667	-3.26666666666667
			10.9	-3.3
			10.9333333333333	-3.33333333333333
			10.9333333333333	-3.36666666666667
			10.9666666666667	-3.4
			10.9666666666667	-3.43333333333333
			11	-3.43333333333333
			11	-3.46666666666667
			11	-3.5
			11.0333333333333	-3.5
			11.0333333333333	-3.53333333333333
			11.0333333333333	-3.56666666666667
			11.0666666666667	-3.56666666666667
			11.0666666666667	-3.6
			11.0666666666667	-3.63333333333333
			11.1	-3.63333333333333
			11.1	-3.66666666666667
			11.1333333333333	-3.7
			11.1333333333333	-3.73333333333333
			11.1666666666667	-3.76666666666667
			11.2	-3.8
			11.2	-3.83333333333333
			11.2	-3.86666666666667
			11.2333333333333	-3.9
			11.2666666666667	-3.93333333333333
			11.2666666666667	-3.96666666666667
			11.3	-4
			11.3	-4.03333333333333
			11.3333333333333	-4.06666666666667
			11.3333333333333	-4.1
			11.3666666666667	-4.13333333333333
			11.3666666666667	-4.16666666666667
			11.4	-4.2
			11.4	-4.23333333333333
			11.4333333333333	-4.26666666666667
			11.4333333333333	-4.3
			11.4666666666667	-4.33333333333333
			11.4666666666667	-4.36666666666667
			11.5	-4.4
			11.5	-4.43333333333333
			11.5333333333333	-4.46666666666667
			11.5333333333333	-4.5
			11.5666666666667	-4.53333333333333
			11.5666666666667	-4.56666666666667
			11.6	-4.6
			11.6333333333333	-4.63333333333333
			11.6333333333333	-4.66666666666667
			11.6666666666667	-4.7
			11.6666666666667	-4.73333333333333
			11.7	-4.76666666666667
			11.7	-4.8
			11.7333333333333	-4.83333333333333
			11.7333333333333	-4.86666666666667
			11.7666666666667	-4.9
			11.7666666666667	-4.93333333333333
			11.7666666666667	-4.96666666666667
			11.8	-5
			11.8	-5.03333333333333
			11.8333333333333	-5.06666666666667
			11.8333333333333	-5.1
			11.8666666666667	-5.13333333333333
			11.8666666666667	-5.16666666666667
			11.8666666666667	-5.2
			11.9	-5.23333333333333
			11.9	-5.26666666666667
			11.9	-5.3
			11.9333333333333	-5.33333333333333
			11.9333333333333	-5.36666666666667
			11.9333333333333	-5.4
			11.9666666666667	-5.43333333333333
			11.9666666666667	-5.46666666666667
			12	-5.5
			12	-5.53333333333333
			12	-5.56666666666667
			12	-5.6
			12.0333333333333	-5.63333333333333
			12.0333333333333	-5.66666666666667
			12.0333333333333	-5.7
			12.0666666666667	-5.73333333333333
			12.0666666666667	-5.76666666666667
			12.0666666666667	-5.8
			12.0666666666667	-5.83333333333333
			12.0666666666667	-5.86666666666667
			12.0666666666667	-5.9
			12.1	-5.93333333333333
			12.1	-5.96666666666667
			12.1	-6
			12.1	-6.03333333333333
			12.1	-6.06666666666667
			12.1	-6.1
			12.1	-6.13333333333333
			12.1	-6.16666666666667
			12.1	-6.2
			12.1	-6.23333333333333
			12.1	-6.26666666666667
			12.1	-6.3
			12.1	-6.33333333333333
			12.1	-6.36666666666667
			12.1	-6.4
			12.1	-6.43333333333333
			12.1	-6.46666666666667
			12.1	-6.5
			12.0666666666667	-6.53333333333333
			12.0666666666667	-6.56666666666667
			12.0666666666667	-6.6
			12.0666666666667	-6.63333333333333
			12.0666666666667	-6.66666666666667
			12.0666666666667	-6.7
			12.0666666666667	-6.73333333333333
			12.0666666666667	-6.76666666666667
			12.0666666666667	-6.8
			12.0333333333333	-6.83333333333333
			12.0333333333333	-6.86666666666667
			12.0333333333333	-6.9
			12.0333333333333	-6.93333333333333
			12	-6.96666666666667
			12	-7
			12	-7.03333333333333
			11.9666666666667	-7.06666666666667
			11.9666666666667	-7.1
			11.9333333333333	-7.13333333333333
			11.9333333333333	-7.16666666666667
			11.9	-7.2
			11.8666666666667	-7.23333333333333
			11.8333333333333	-7.26666666666667
			11.8	-7.3
			11.8	-7.33333333333333
			11.7666666666667	-7.33333333333333
			11.7333333333333	-7.36666666666667
			11.7	-7.4
		</anterior>
		<posterior type=matrix rownames=FALSE colnames=FALSE nrow=159 ncol=2 as.numeric=TRUE >
			6.73333333333333	-7.4
			6.76666666666667	-7.4
			6.8	-7.4
			6.83333333333333	-7.4
			6.86666666666667	-7.4
			6.9	-7.4
			6.93333333333333	-7.4
			6.96666666666667	-7.4
			7	-7.4
			7.03333333333333	-7.4
			7.06666666666667	-7.4
			7.1	-7.4
			7.13333333333333	-7.4
			7.16666666666667	-7.4
			7.2	-7.4
			7.23333333333333	-7.4
			7.26666666666667	-7.4
			7.3	-7.4
			7.33333333333333	-7.4
			7.36666666666667	-7.4
			7.4	-7.36666666666667
			7.43333333333333	-7.36666666666667
			7.46666666666667	-7.36666666666667
			7.5	-7.36666666666667
			7.53333333333333	-7.36666666666667
			7.56666666666667	-7.36666666666667
			7.6	-7.36666666666667
			7.63333333333333	-7.36666666666667
			7.66666666666667	-7.36666666666667
			7.7	-7.33333333333333
			7.73333333333333	-7.33333333333333
			7.76666666666667	-7.33333333333333
			7.8	-7.33333333333333
			7.83333333333333	-7.33333333333333
			7.86666666666667	-7.33333333333333
			7.9	-7.3
			7.93333333333333	-7.3
			7.96666666666667	-7.3
			8	-7.26666666666667
			8.03333333333333	-7.26666666666667
			8.06666666666667	-7.23333333333333
			8.1	-7.23333333333333
			8.13333333333333	-7.23333333333333
			8.16666666666667	-7.2
			8.2	-7.2
			8.23333333333333	-7.2
			8.26666666666667	-7.16666666666667
			8.3	-7.16666666666667
			8.33333333333333	-7.16666666666667
			8.36666666666667	-7.16666666666667
			8.4	-7.16666666666667
			8.43333333333333	-7.16666666666667
			8.46666666666667	-7.16666666666667
			8.5	-7.16666666666667
			8.53333333333333	-7.16666666666667
			8.56666666666667	-7.16666666666667
			8.6	-7.16666666666667
			8.63333333333333	-7.16666666666667
			8.66666666666667	-7.16666666666667
			8.7	-7.16666666666667
			8.73333333333333	-7.16666666666667
			8.76666666666667	-7.16666666666667
			8.8	-7.16666666666667
			8.83333333333333	-7.16666666666667
			8.86666666666667	-7.16666666666667
			8.9	-7.16666666666667
			8.93333333333333	-7.16666666666667
			8.96666666666667	-7.16666666666667
			9	-7.16666666666667
			9.03333333333333	-7.16666666666667
			9.06666666666667	-7.16666666666667
			9.1	-7.16666666666667
			9.13333333333333	-7.16666666666667
			9.16666666666667	-7.16666666666667
			9.2	-7.16666666666667
			9.23333333333333	-7.16666666666667
			9.26666666666667	-7.16666666666667
			9.3	-7.16666666666667
			9.33333333333333	-7.16666666666667
			9.36666666666667	-7.16666666666667
			9.4	-7.16666666666667
			9.43333333333333	-7.16666666666667
			9.46666666666667	-7.16666666666667
			9.5	-7.16666666666667
			9.53333333333333	-7.16666666666667
			9.56666666666667	-7.16666666666667
			9.6	-7.16666666666667
			9.63333333333333	-7.16666666666667
			9.66666666666667	-7.16666666666667
			9.7	-7.16666666666667
			9.73333333333333	-7.16666666666667
			9.76666666666667	-7.2
			9.8	-7.2
			9.83333333333333	-7.2
			9.86666666666667	-7.2
			9.9	-7.2
			9.93333333333333	-7.23333333333333
			9.96666666666667	-7.23333333333333
			10	-7.23333333333333
			10.0333333333333	-7.23333333333333
			10.0666666666667	-7.26666666666667
			10.1	-7.26666666666667
			10.1333333333333	-7.26666666666667
			10.1666666666667	-7.26666666666667
			10.1666666666667	-7.3
			10.2	-7.3
			10.2333333333333	-7.3
			10.2666666666667	-7.33333333333333
			10.3	-7.33333333333333
			10.3333333333333	-7.36666666666667
			10.3666666666667	-7.36666666666667
			10.4	-7.4
			10.4333333333333	-7.4
			10.4666666666667	-7.43333333333333
			10.5	-7.43333333333333
			10.5333333333333	-7.46666666666667
			10.5666666666667	-7.46666666666667
			10.6	-7.46666666666667
			10.6333333333333	-7.46666666666667
			10.6333333333333	-7.5
			10.6666666666667	-7.5
			10.7	-7.5
			10.7	-7.53333333333333
			10.7333333333333	-7.53333333333333
			10.7666666666667	-7.53333333333333
			10.8	-7.53333333333333
			10.8	-7.56666666666667
			10.8333333333333	-7.56666666666667
			10.8666666666667	-7.56666666666667
			10.9	-7.56666666666667
			10.9	-7.6
			10.9333333333333	-7.6
			10.9666666666667	-7.6
			11	-7.6
			11.0333333333333	-7.63333333333333
			11.0666666666667	-7.63333333333333
			11.1	-7.63333333333333
			11.1333333333333	-7.66666666666667
			11.1666666666667	-7.66666666666667
			11.2	-7.66666666666667
			11.2333333333333	-7.66666666666667
			11.2666666666667	-7.66666666666667
			11.3	-7.63333333333333
			11.3333333333333	-7.63333333333333
			11.3666666666667	-7.6
			11.4	-7.6
			11.4333333333333	-7.6
			11.4666666666667	-7.6
			11.4666666666667	-7.56666666666667
			11.5	-7.56666666666667
			11.5333333333333	-7.56666666666667
			11.5333333333333	-7.53333333333333
			11.5666666666667	-7.53333333333333
			11.6	-7.53333333333333
			11.6333333333333	-7.5
			11.6666666666667	-7.46666666666667
			11.6666666666667	-7.43333333333333
			11.7	-7.43333333333333
			11.7	-7.4
		</posterior>
	</curves.scaled>
	<ruler.points type=matrix rownames=TRUE colnames=FALSE nrow=2 ncol=2 as.numeric=TRUE >
		Ruler point 1	217	292
		Ruler point 2	367	292
	</ruler.points>
</shapes>

