<shapes type=list>
	<ruler.pixel type=vector names=FALSE length=1 as.numeric=TRUE >151.013244452266</ruler.pixel>
	<ruler.interval type=vector names=FALSE length=1 as.numeric=TRUE >5</ruler.interval>
	<scaling.units type=vector names=FALSE length=1 as.numeric=FALSE >mm</scaling.units>
	<scaling type=vector names=FALSE length=1 as.numeric=TRUE >0.0331096786784184</scaling>
	<landmarks.pixel type=matrix rownames=TRUE colnames=FALSE nrow=16 ncol=2 as.numeric=TRUE >
		LM1	244	208
		LM2	244	208
		LM3	244	408
		LM4	244	452
		LM5	352	294
		LM6	301	417
		LM7	303	442
		LM8	NaN	NaN
		LM9	NaN	NaN
		LM10	245	208
		LM11	NaN	NaN
		LM12	416	363
		LM13	244	208
		LM14	NaN	NaN
		LM15	402	452
		LM16	395	454
	</landmarks.pixel>
	<landmarks.scaled type=matrix rownames=TRUE colnames=FALSE nrow=16 ncol=2 as.numeric=TRUE >
		LM1	8.0787615975341	-6.88681316511104
		LM2	8.0787615975341	-6.88681316511104
		LM3	8.0787615975341	-13.5087489007947
		LM4	8.0787615975341	-14.9655747626451
		LM5	11.6546068948033	-9.73424553145502
		LM6	9.96601328220395	-13.8067360089005
		LM7	10.0322326395608	-14.634477975861
		LM8	NaN	NaN
		LM9	NaN	NaN
		LM10	8.11187127621252	-6.88681316511104
		LM11	NaN	NaN
		LM12	13.7736263302221	-12.0188133602659
		LM13	8.0787615975341	-6.88681316511104
		LM14	NaN	NaN
		LM15	13.3100908287242	-14.9655747626451
		LM16	13.0783230779753	-15.031794120002
	</landmarks.scaled>
	<curves.control type=list>
		<glabella type=matrix rownames=FALSE colnames=FALSE nrow=11 ncol=2 as.numeric=TRUE >
			244	208
			306	210
			345	254
			363	293
			334	333
			304	378
			296	397
			302	404
			300	417
			307	434
			303	442
		</glabella>
		<suture type=matrix rownames=FALSE colnames=FALSE nrow=9 ncol=2 as.numeric=TRUE >
			245	208
			307	209
			345	255
			351	275
			356	288
			383	313
			388	345
			404	352
			416	363
		</suture>
		<anterior type=matrix rownames=FALSE colnames=FALSE nrow=9 ncol=2 as.numeric=TRUE >
			244	208
			306	210
			345	254
			376	276
			404	329
			415	351
			421	371
			433	420
			402	452
		</anterior>
		<posterior type=matrix rownames=FALSE colnames=FALSE nrow=11 ncol=2 as.numeric=TRUE >
			244	452
			268	453
			285	450
			295	447
			303	442
			318	444
			342	442
			362	449
			384	455
			396	455
			402	452
		</posterior>
	</curves.control>
	<curves.pixel type=list>
		<glabella type=matrix rownames=FALSE colnames=FALSE nrow=298 ncol=2 as.numeric=TRUE >
			244	208
			245	208
			246	208
			247	208
			248	208
			249	208
			250	208
			251	208
			252	208
			253	209
			254	209
			255	209
			256	209
			257	209
			258	209
			259	209
			260	209
			261	209
			262	210
			263	210
			264	210
			265	210
			266	210
			267	210
			268	210
			268	211
			269	211
			270	211
			271	211
			272	211
			273	212
			274	212
			275	212
			276	212
			277	212
			278	213
			279	213
			280	213
			281	214
			282	214
			283	214
			284	214
			285	215
			286	215
			287	215
			288	216
			289	216
			290	216
			291	217
			292	217
			293	217
			294	218
			295	218
			296	219
			297	219
			298	220
			299	220
			300	221
			301	221
			302	221
			303	222
			304	222
			305	223
			306	223
			307	224
			308	225
			309	225
			310	226
			311	226
			312	227
			313	227
			314	228
			315	228
			316	229
			317	230
			318	230
			319	231
			320	232
			321	232
			322	233
			323	234
			324	235
			325	235
			326	236
			327	237
			328	238
			329	239
			330	239
			331	240
			332	241
			333	242
			334	243
			335	244
			336	244
			336	245
			337	246
			338	247
			339	248
			340	249
			341	249
			342	250
			342	251
			343	252
			344	253
			345	254
			345	255
			346	256
			346	257
			347	258
			347	259
			348	260
			348	261
			348	262
			349	263
			349	264
			349	265
			349	266
			350	267
			350	268
			350	269
			350	270
			351	271
			351	272
			351	273
			351	274
			351	275
			351	276
			351	277
			352	278
			352	279
			352	280
			352	281
			352	282
			352	283
			352	284
			352	285
			352	286
			352	287
			352	288
			352	289
			352	290
			352	291
			351	292
			351	293
			351	294
			351	295
			351	296
			351	297
			351	298
			350	299
			350	300
			350	301
			350	302
			349	303
			349	304
			349	305
			348	306
			348	307
			348	308
			347	309
			347	310
			347	311
			346	312
			346	313
			345	314
			345	315
			344	316
			344	317
			343	318
			343	319
			342	320
			342	321
			341	322
			341	323
			340	324
			340	325
			339	326
			338	327
			338	328
			337	329
			336	330
			336	331
			335	332
			334	333
			334	334
			333	335
			332	336
			331	337
			331	338
			330	339
			329	340
			329	341
			328	342
			327	343
			326	344
			326	345
			325	346
			325	347
			324	348
			324	349
			323	350
			322	351
			322	352
			321	353
			320	354
			320	355
			319	356
			319	357
			318	357
			318	358
			317	359
			317	360
			316	361
			315	362
			315	363
			314	364
			313	365
			313	366
			312	367
			312	368
			311	368
			311	369
			310	370
			310	371
			309	372
			309	373
			308	373
			308	374
			307	375
			307	376
			306	377
			306	378
			305	379
			305	380
			304	381
			304	382
			303	383
			302	384
			302	385
			301	386
			301	387
			300	388
			300	389
			299	390
			299	391
			298	392
			298	393
			297	394
			297	395
			296	396
			296	397
			296	398
			297	398
			297	399
			298	400
			299	401
			299	402
			299	403
			300	404
			300	405
			300	406
			300	407
			300	408
			300	409
			300	410
			300	411
			300	412
			300	413
			300	414
			300	415
			300	416
			300	417
			301	418
			301	419
			301	420
			301	421
			302	421
			302	422
			302	423
			303	424
			303	425
			303	426
			303	427
			304	428
			304	429
			304	430
			304	431
			304	432
			304	433
			304	434
			304	435
			304	436
			304	437
			304	438
			304	439
			304	440
			303	441
			303	442
		</glabella>
		<suture type=matrix rownames=FALSE colnames=FALSE nrow=226 ncol=2 as.numeric=TRUE >
			245	208
			246	208
			247	208
			248	208
			249	208
			250	208
			251	208
			252	208
			253	208
			254	208
			255	208
			256	209
			257	209
			258	209
			259	209
			260	209
			261	209
			262	209
			263	209
			264	209
			265	210
			266	210
			267	210
			268	210
			269	210
			270	210
			271	211
			272	211
			273	211
			274	211
			275	211
			276	212
			277	212
			278	212
			279	212
			280	213
			281	213
			282	213
			283	213
			284	214
			285	214
			286	214
			287	215
			288	215
			289	215
			290	216
			291	216
			292	216
			293	217
			294	217
			295	218
			296	218
			297	218
			298	219
			299	219
			300	220
			301	220
			302	221
			303	221
			304	222
			305	222
			306	223
			307	223
			308	224
			309	224
			309	225
			310	225
			311	226
			312	226
			313	227
			314	227
			315	228
			316	229
			317	229
			318	230
			319	231
			320	232
			321	232
			322	233
			323	234
			324	234
			325	235
			326	236
			327	237
			328	237
			329	238
			330	239
			330	240
			331	241
			332	241
			333	242
			334	243
			335	244
			336	245
			337	246
			338	247
			338	248
			339	248
			340	249
			341	250
			342	251
			343	252
			343	253
			344	254
			345	255
			345	256
			346	257
			346	258
			346	259
			347	260
			347	261
			347	262
			347	263
			348	264
			348	265
			348	266
			349	267
			349	268
			349	269
			350	270
			350	271
			350	272
			351	273
			351	274
			351	275
			352	276
			352	277
			352	278
			353	279
			353	280
			353	281
			354	282
			354	283
			354	284
			355	285
			355	286
			356	287
			356	288
			357	289
			358	290
			359	291
			360	292
			361	293
			362	294
			363	295
			364	296
			365	297
			366	298
			367	299
			367	300
			368	301
			369	302
			370	303
			371	304
			372	305
			372	306
			373	307
			373	308
			374	309
			375	310
			375	311
			376	312
			376	313
			377	314
			378	315
			378	316
			379	317
			379	318
			380	319
			380	320
			381	321
			381	322
			382	323
			382	324
			382	325
			383	326
			383	327
			384	328
			384	329
			384	330
			385	331
			385	332
			385	333
			386	334
			386	335
			386	336
			386	337
			387	338
			387	339
			387	340
			387	341
			388	342
			388	343
			388	344
			388	345
			389	345
			389	346
			390	346
			391	346
			392	347
			393	347
			394	348
			395	348
			396	349
			397	349
			398	350
			399	350
			400	351
			401	352
			402	352
			403	353
			404	353
			405	354
			405	355
			406	355
			407	356
			408	357
			409	357
			410	358
			411	359
			412	359
			412	360
			413	361
			414	361
			415	362
			416	363
		</suture>
		<anterior type=matrix rownames=FALSE colnames=FALSE nrow=319 ncol=2 as.numeric=TRUE >
			244	208
			245	208
			246	208
			247	208
			248	208
			249	208
			250	208
			251	208
			252	208
			253	209
			254	209
			255	209
			256	209
			257	209
			258	209
			259	209
			260	209
			261	209
			262	210
			263	210
			264	210
			265	210
			266	210
			267	210
			268	211
			269	211
			270	211
			271	211
			272	211
			273	211
			274	212
			275	212
			276	212
			277	212
			278	213
			279	213
			280	213
			281	213
			281	214
			282	214
			283	214
			284	214
			285	215
			286	215
			287	215
			288	216
			289	216
			290	216
			291	217
			292	217
			293	217
			294	218
			295	218
			296	218
			296	219
			297	219
			298	220
			299	220
			300	220
			301	221
			302	221
			303	222
			304	222
			305	223
			306	223
			307	224
			308	225
			309	225
			310	226
			311	226
			312	227
			313	227
			314	228
			315	229
			316	229
			317	230
			318	230
			319	231
			320	232
			321	232
			322	233
			323	234
			324	235
			325	235
			326	236
			327	237
			328	237
			329	238
			329	239
			330	240
			331	240
			332	241
			333	242
			334	243
			335	244
			336	244
			337	245
			337	246
			338	247
			339	248
			340	249
			341	249
			342	250
			342	251
			343	252
			344	253
			345	254
			346	254
			346	255
			347	255
			348	256
			349	257
			350	258
			351	259
			352	260
			353	260
			354	261
			355	262
			356	263
			357	264
			358	265
			359	266
			360	266
			361	267
			362	268
			363	269
			363	270
			364	271
			365	272
			366	273
			367	274
			368	275
			369	276
			370	277
			371	278
			372	279
			372	280
			373	281
			374	282
			375	283
			375	284
			376	284
			376	285
			377	286
			378	287
			379	288
			379	289
			380	290
			380	291
			381	291
			382	292
			382	293
			383	294
			384	295
			384	296
			385	297
			385	298
			386	299
			387	300
			387	301
			388	302
			389	303
			389	304
			390	304
			390	305
			391	306
			392	307
			392	308
			393	309
			393	310
			394	311
			394	312
			395	313
			396	314
			396	315
			397	316
			397	317
			398	318
			399	319
			399	320
			400	321
			400	322
			401	323
			401	324
			402	325
			402	326
			403	327
			403	328
			404	329
			404	330
			405	331
			406	332
			406	333
			407	334
			407	335
			407	336
			408	337
			408	338
			409	339
			409	340
			410	341
			410	342
			411	343
			411	344
			411	345
			412	346
			412	347
			413	348
			413	349
			414	350
			414	351
			414	352
			415	352
			415	353
			415	354
			416	355
			416	356
			416	357
			416	358
			417	358
			417	359
			417	360
			418	361
			418	362
			418	363
			419	364
			419	365
			419	366
			420	367
			420	368
			420	369
			421	370
			421	371
			421	372
			422	373
			422	374
			422	375
			422	376
			422	377
			423	378
			423	379
			423	380
			423	381
			423	382
			423	383
			423	384
			424	385
			424	386
			424	387
			424	388
			424	389
			424	390
			424	391
			424	392
			424	393
			424	394
			424	395
			424	396
			424	397
			424	398
			424	399
			424	400
			424	401
			424	402
			424	403
			424	404
			424	405
			424	406
			424	407
			424	408
			424	409
			423	409
			423	410
			423	411
			423	412
			423	413
			423	414
			422	415
			422	416
			422	417
			422	418
			421	419
			421	420
			421	421
			421	422
			420	423
			420	424
			420	425
			419	425
			419	426
			419	427
			418	428
			418	429
			417	430
			417	431
			416	432
			416	433
			415	434
			415	435
			414	436
			414	437
			413	438
			413	439
			412	440
			411	441
			410	442
			409	443
			409	444
			408	445
			408	446
			407	446
			406	447
			406	448
			405	448
			405	449
			404	449
			404	450
			403	451
			402	452
		</anterior>
		<posterior type=matrix rownames=FALSE colnames=FALSE nrow=160 ncol=2 as.numeric=TRUE >
			244	452
			245	452
			246	452
			247	452
			248	452
			249	452
			250	452
			251	452
			252	452
			253	452
			254	452
			255	452
			256	452
			257	452
			258	452
			259	452
			260	452
			261	452
			262	452
			263	452
			264	452
			265	452
			266	452
			267	452
			268	452
			269	452
			270	452
			271	452
			272	452
			273	452
			274	451
			275	451
			276	451
			277	451
			278	451
			279	451
			280	451
			281	451
			282	450
			283	450
			284	450
			285	450
			286	450
			287	449
			288	449
			289	449
			290	448
			291	448
			292	447
			293	447
			294	447
			295	446
			296	446
			297	445
			298	445
			299	444
			300	444
			301	443
			302	443
			303	442
			304	442
			305	442
			306	442
			307	442
			308	443
			309	443
			310	443
			311	443
			312	443
			313	443
			314	443
			315	443
			316	443
			317	443
			318	443
			319	443
			320	443
			321	443
			322	443
			323	443
			324	443
			325	443
			326	443
			327	443
			328	443
			329	443
			330	443
			331	443
			332	443
			333	443
			334	443
			335	442
			336	442
			337	442
			338	442
			339	442
			340	442
			341	442
			342	442
			343	442
			344	443
			345	443
			346	443
			346	444
			347	444
			348	444
			349	444
			350	445
			351	445
			352	445
			353	446
			354	446
			355	447
			356	447
			357	447
			358	447
			359	448
			360	448
			361	448
			362	449
			363	449
			364	449
			365	450
			366	450
			367	450
			368	450
			369	451
			370	451
			371	451
			372	452
			373	452
			374	452
			375	452
			376	453
			377	453
			378	453
			379	454
			380	454
			381	454
			382	455
			383	455
			384	455
			385	455
			386	455
			387	455
			388	455
			389	455
			390	455
			391	455
			392	455
			393	454
			394	454
			395	454
			396	454
			397	454
			398	454
			399	453
			400	453
			401	452
			402	452
		</posterior>
	</curves.pixel>
	<curves.scaled type=list>
		<glabella type=matrix rownames=FALSE colnames=FALSE nrow=298 ncol=2 as.numeric=TRUE >
			8.0787615975341	-6.88681316511104
			8.11187127621252	-6.88681316511104
			8.14498095489094	-6.88681316511104
			8.17809063356936	-6.88681316511104
			8.21120031224777	-6.88681316511104
			8.24430999092619	-6.88681316511104
			8.27741966960461	-6.88681316511104
			8.31052934828303	-6.88681316511104
			8.34363902696145	-6.88681316511104
			8.37674870563987	-6.91992284378945
			8.40985838431828	-6.91992284378945
			8.4429680629967	-6.91992284378945
			8.47607774167512	-6.91992284378945
			8.50918742035354	-6.91992284378945
			8.54229709903196	-6.91992284378945
			8.57540677771038	-6.91992284378945
			8.6085164563888	-6.91992284378945
			8.64162613506721	-6.91992284378945
			8.67473581374563	-6.95303252246787
			8.70784549242405	-6.95303252246787
			8.74095517110247	-6.95303252246787
			8.77406484978089	-6.95303252246787
			8.80717452845931	-6.95303252246787
			8.84028420713772	-6.95303252246787
			8.87339388581614	-6.95303252246787
			8.87339388581614	-6.98614220114629
			8.90650356449456	-6.98614220114629
			8.93961324317298	-6.98614220114629
			8.9727229218514	-6.98614220114629
			9.00583260052982	-6.98614220114629
			9.03894227920824	-7.01925187982471
			9.07205195788665	-7.01925187982471
			9.10516163656507	-7.01925187982471
			9.13827131524349	-7.01925187982471
			9.17138099392191	-7.01925187982471
			9.20449067260033	-7.05236155850313
			9.23760035127875	-7.05236155850313
			9.27071002995716	-7.05236155850313
			9.30381970863558	-7.08547123718155
			9.336929387314	-7.08547123718155
			9.37003906599242	-7.08547123718155
			9.40314874467084	-7.08547123718155
			9.43625842334926	-7.11858091585997
			9.46936810202767	-7.11858091585997
			9.50247778070609	-7.11858091585997
			9.53558745938451	-7.15169059453838
			9.56869713806293	-7.15169059453838
			9.60180681674135	-7.15169059453838
			9.63491649541977	-7.1848002732168
			9.66802617409819	-7.1848002732168
			9.7011358527766	-7.1848002732168
			9.73424553145502	-7.21790995189522
			9.76735521013344	-7.21790995189522
			9.80046488881186	-7.25101963057364
			9.83357456749028	-7.25101963057364
			9.8666842461687	-7.28412930925206
			9.89979392484712	-7.28412930925206
			9.93290360352553	-7.31723898793048
			9.96601328220395	-7.31723898793048
			9.99912296088237	-7.31723898793048
			10.0322326395608	-7.35034866660889
			10.0653423182392	-7.35034866660889
			10.0984519969176	-7.38345834528731
			10.131561675596	-7.38345834528731
			10.1646713542745	-7.41656802396573
			10.1977810329529	-7.44967770264415
			10.2308907116313	-7.44967770264415
			10.2640003903097	-7.48278738132257
			10.2971100689881	-7.48278738132257
			10.3302197476666	-7.51589706000099
			10.363329426345	-7.51589706000099
			10.3964391050234	-7.54900673867941
			10.4295487837018	-7.54900673867941
			10.4626584623802	-7.58211641735782
			10.4957681410586	-7.61522609603624
			10.5288778197371	-7.61522609603624
			10.5619874984155	-7.64833577471466
			10.5950971770939	-7.68144545339308
			10.6282068557723	-7.68144545339308
			10.6613165344507	-7.7145551320715
			10.6944262131292	-7.74766481074992
			10.7275358918076	-7.78077448942833
			10.760645570486	-7.78077448942833
			10.7937552491644	-7.81388416810675
			10.8268649278428	-7.84699384678517
			10.8599746065212	-7.88010352546359
			10.8930842851997	-7.91321320414201
			10.9261939638781	-7.91321320414201
			10.9593036425565	-7.94632288282043
			10.9924133212349	-7.97943256149884
			11.0255229999133	-8.01254224017726
			11.0586326785918	-8.04565191885568
			11.0917423572702	-8.0787615975341
			11.1248520359486	-8.0787615975341
			11.1248520359486	-8.11187127621252
			11.157961714627	-8.14498095489094
			11.1910713933054	-8.17809063356936
			11.2241810719839	-8.21120031224777
			11.2572907506623	-8.24430999092619
			11.2904004293407	-8.24430999092619
			11.3235101080191	-8.27741966960461
			11.3235101080191	-8.31052934828303
			11.3566197866975	-8.34363902696145
			11.3897294653759	-8.37674870563987
			11.4228391440544	-8.40985838431828
			11.4228391440544	-8.4429680629967
			11.4559488227328	-8.47607774167512
			11.4559488227328	-8.50918742035354
			11.4890585014112	-8.54229709903196
			11.4890585014112	-8.57540677771038
			11.5221681800896	-8.6085164563888
			11.5221681800896	-8.64162613506721
			11.5221681800896	-8.67473581374563
			11.555277858768	-8.70784549242405
			11.555277858768	-8.74095517110247
			11.555277858768	-8.77406484978089
			11.555277858768	-8.80717452845931
			11.5883875374465	-8.84028420713772
			11.5883875374465	-8.87339388581614
			11.5883875374465	-8.90650356449456
			11.5883875374465	-8.93961324317298
			11.6214972161249	-8.9727229218514
			11.6214972161249	-9.00583260052982
			11.6214972161249	-9.03894227920824
			11.6214972161249	-9.07205195788665
			11.6214972161249	-9.10516163656507
			11.6214972161249	-9.13827131524349
			11.6214972161249	-9.17138099392191
			11.6546068948033	-9.20449067260033
			11.6546068948033	-9.23760035127875
			11.6546068948033	-9.27071002995716
			11.6546068948033	-9.30381970863558
			11.6546068948033	-9.336929387314
			11.6546068948033	-9.37003906599242
			11.6546068948033	-9.40314874467084
			11.6546068948033	-9.43625842334926
			11.6546068948033	-9.46936810202767
			11.6546068948033	-9.50247778070609
			11.6546068948033	-9.53558745938451
			11.6546068948033	-9.56869713806293
			11.6546068948033	-9.60180681674135
			11.6546068948033	-9.63491649541977
			11.6214972161249	-9.66802617409819
			11.6214972161249	-9.7011358527766
			11.6214972161249	-9.73424553145502
			11.6214972161249	-9.76735521013344
			11.6214972161249	-9.80046488881186
			11.6214972161249	-9.83357456749028
			11.6214972161249	-9.8666842461687
			11.5883875374465	-9.89979392484712
			11.5883875374465	-9.93290360352553
			11.5883875374465	-9.96601328220395
			11.5883875374465	-9.99912296088237
			11.555277858768	-10.0322326395608
			11.555277858768	-10.0653423182392
			11.555277858768	-10.0984519969176
			11.5221681800896	-10.131561675596
			11.5221681800896	-10.1646713542745
			11.5221681800896	-10.1977810329529
			11.4890585014112	-10.2308907116313
			11.4890585014112	-10.2640003903097
			11.4890585014112	-10.2971100689881
			11.4559488227328	-10.3302197476666
			11.4559488227328	-10.363329426345
			11.4228391440544	-10.3964391050234
			11.4228391440544	-10.4295487837018
			11.3897294653759	-10.4626584623802
			11.3897294653759	-10.4957681410586
			11.3566197866975	-10.5288778197371
			11.3566197866975	-10.5619874984155
			11.3235101080191	-10.5950971770939
			11.3235101080191	-10.6282068557723
			11.2904004293407	-10.6613165344507
			11.2904004293407	-10.6944262131292
			11.2572907506623	-10.7275358918076
			11.2572907506623	-10.760645570486
			11.2241810719839	-10.7937552491644
			11.1910713933054	-10.8268649278428
			11.1910713933054	-10.8599746065212
			11.157961714627	-10.8930842851997
			11.1248520359486	-10.9261939638781
			11.1248520359486	-10.9593036425565
			11.0917423572702	-10.9924133212349
			11.0586326785918	-11.0255229999133
			11.0586326785918	-11.0586326785918
			11.0255229999133	-11.0917423572702
			10.9924133212349	-11.1248520359486
			10.9593036425565	-11.157961714627
			10.9593036425565	-11.1910713933054
			10.9261939638781	-11.2241810719839
			10.8930842851997	-11.2572907506623
			10.8930842851997	-11.2904004293407
			10.8599746065212	-11.3235101080191
			10.8268649278428	-11.3566197866975
			10.7937552491644	-11.3897294653759
			10.7937552491644	-11.4228391440544
			10.760645570486	-11.4559488227328
			10.760645570486	-11.4890585014112
			10.7275358918076	-11.5221681800896
			10.7275358918076	-11.555277858768
			10.6944262131292	-11.5883875374465
			10.6613165344507	-11.6214972161249
			10.6613165344507	-11.6546068948033
			10.6282068557723	-11.6877165734817
			10.5950971770939	-11.7208262521601
			10.5950971770939	-11.7539359308385
			10.5619874984155	-11.787045609517
			10.5619874984155	-11.8201552881954
			10.5288778197371	-11.8201552881954
			10.5288778197371	-11.8532649668738
			10.4957681410586	-11.8863746455522
			10.4957681410586	-11.9194843242306
			10.4626584623802	-11.9525940029091
			10.4295487837018	-11.9857036815875
			10.4295487837018	-12.0188133602659
			10.3964391050234	-12.0519230389443
			10.363329426345	-12.0850327176227
			10.363329426345	-12.1181423963012
			10.3302197476666	-12.1512520749796
			10.3302197476666	-12.184361753658
			10.2971100689881	-12.184361753658
			10.2971100689881	-12.2174714323364
			10.2640003903097	-12.2505811110148
			10.2640003903097	-12.2836907896932
			10.2308907116313	-12.3168004683717
			10.2308907116313	-12.3499101470501
			10.1977810329529	-12.3499101470501
			10.1977810329529	-12.3830198257285
			10.1646713542745	-12.4161295044069
			10.1646713542745	-12.4492391830853
			10.131561675596	-12.4823488617638
			10.131561675596	-12.5154585404422
			10.0984519969176	-12.5485682191206
			10.0984519969176	-12.581677897799
			10.0653423182392	-12.6147875764774
			10.0653423182392	-12.6478972551558
			10.0322326395608	-12.6810069338343
			9.99912296088237	-12.7141166125127
			9.99912296088237	-12.7472262911911
			9.96601328220395	-12.7803359698695
			9.96601328220395	-12.8134456485479
			9.93290360352553	-12.8465553272264
			9.93290360352553	-12.8796650059048
			9.89979392484712	-12.9127746845832
			9.89979392484712	-12.9458843632616
			9.8666842461687	-12.97899404194
			9.8666842461687	-13.0121037206184
			9.83357456749028	-13.0452133992969
			9.83357456749028	-13.0783230779753
			9.80046488881186	-13.1114327566537
			9.80046488881186	-13.1445424353321
			9.80046488881186	-13.1776521140105
			9.83357456749028	-13.1776521140105
			9.83357456749028	-13.210761792689
			9.8666842461687	-13.2438714713674
			9.89979392484712	-13.2769811500458
			9.89979392484712	-13.3100908287242
			9.89979392484712	-13.3432005074026
			9.93290360352553	-13.3763101860811
			9.93290360352553	-13.4094198647595
			9.93290360352553	-13.4425295434379
			9.93290360352553	-13.4756392221163
			9.93290360352553	-13.5087489007947
			9.93290360352553	-13.5418585794731
			9.93290360352553	-13.5749682581516
			9.93290360352553	-13.60807793683
			9.93290360352553	-13.6411876155084
			9.93290360352553	-13.6742972941868
			9.93290360352553	-13.7074069728652
			9.93290360352553	-13.7405166515437
			9.93290360352553	-13.7736263302221
			9.93290360352553	-13.8067360089005
			9.96601328220395	-13.8398456875789
			9.96601328220395	-13.8729553662573
			9.96601328220395	-13.9060650449357
			9.96601328220395	-13.9391747236142
			9.99912296088237	-13.9391747236142
			9.99912296088237	-13.9722844022926
			9.99912296088237	-14.005394080971
			10.0322326395608	-14.0385037596494
			10.0322326395608	-14.0716134383278
			10.0322326395608	-14.1047231170063
			10.0322326395608	-14.1378327956847
			10.0653423182392	-14.1709424743631
			10.0653423182392	-14.2040521530415
			10.0653423182392	-14.2371618317199
			10.0653423182392	-14.2702715103983
			10.0653423182392	-14.3033811890768
			10.0653423182392	-14.3364908677552
			10.0653423182392	-14.3696005464336
			10.0653423182392	-14.402710225112
			10.0653423182392	-14.4358199037904
			10.0653423182392	-14.4689295824689
			10.0653423182392	-14.5020392611473
			10.0653423182392	-14.5351489398257
			10.0653423182392	-14.5682586185041
			10.0322326395608	-14.6013682971825
			10.0322326395608	-14.634477975861
		</glabella>
		<suture type=matrix rownames=FALSE colnames=FALSE nrow=226 ncol=2 as.numeric=TRUE >
			8.11187127621252	-6.88681316511104
			8.14498095489094	-6.88681316511104
			8.17809063356936	-6.88681316511104
			8.21120031224777	-6.88681316511104
			8.24430999092619	-6.88681316511104
			8.27741966960461	-6.88681316511104
			8.31052934828303	-6.88681316511104
			8.34363902696145	-6.88681316511104
			8.37674870563987	-6.88681316511104
			8.40985838431828	-6.88681316511104
			8.4429680629967	-6.88681316511104
			8.47607774167512	-6.91992284378945
			8.50918742035354	-6.91992284378945
			8.54229709903196	-6.91992284378945
			8.57540677771038	-6.91992284378945
			8.6085164563888	-6.91992284378945
			8.64162613506721	-6.91992284378945
			8.67473581374563	-6.91992284378945
			8.70784549242405	-6.91992284378945
			8.74095517110247	-6.91992284378945
			8.77406484978089	-6.95303252246787
			8.80717452845931	-6.95303252246787
			8.84028420713772	-6.95303252246787
			8.87339388581614	-6.95303252246787
			8.90650356449456	-6.95303252246787
			8.93961324317298	-6.95303252246787
			8.9727229218514	-6.98614220114629
			9.00583260052982	-6.98614220114629
			9.03894227920824	-6.98614220114629
			9.07205195788665	-6.98614220114629
			9.10516163656507	-6.98614220114629
			9.13827131524349	-7.01925187982471
			9.17138099392191	-7.01925187982471
			9.20449067260033	-7.01925187982471
			9.23760035127875	-7.01925187982471
			9.27071002995716	-7.05236155850313
			9.30381970863558	-7.05236155850313
			9.336929387314	-7.05236155850313
			9.37003906599242	-7.05236155850313
			9.40314874467084	-7.08547123718155
			9.43625842334926	-7.08547123718155
			9.46936810202767	-7.08547123718155
			9.50247778070609	-7.11858091585997
			9.53558745938451	-7.11858091585997
			9.56869713806293	-7.11858091585997
			9.60180681674135	-7.15169059453838
			9.63491649541977	-7.15169059453838
			9.66802617409819	-7.15169059453838
			9.7011358527766	-7.1848002732168
			9.73424553145502	-7.1848002732168
			9.76735521013344	-7.21790995189522
			9.80046488881186	-7.21790995189522
			9.83357456749028	-7.21790995189522
			9.8666842461687	-7.25101963057364
			9.89979392484712	-7.25101963057364
			9.93290360352553	-7.28412930925206
			9.96601328220395	-7.28412930925206
			9.99912296088237	-7.31723898793048
			10.0322326395608	-7.31723898793048
			10.0653423182392	-7.35034866660889
			10.0984519969176	-7.35034866660889
			10.131561675596	-7.38345834528731
			10.1646713542745	-7.38345834528731
			10.1977810329529	-7.41656802396573
			10.2308907116313	-7.41656802396573
			10.2308907116313	-7.44967770264415
			10.2640003903097	-7.44967770264415
			10.2971100689881	-7.48278738132257
			10.3302197476666	-7.48278738132257
			10.363329426345	-7.51589706000099
			10.3964391050234	-7.51589706000099
			10.4295487837018	-7.54900673867941
			10.4626584623802	-7.58211641735782
			10.4957681410586	-7.58211641735782
			10.5288778197371	-7.61522609603624
			10.5619874984155	-7.64833577471466
			10.5950971770939	-7.68144545339308
			10.6282068557723	-7.68144545339308
			10.6613165344507	-7.7145551320715
			10.6944262131292	-7.74766481074992
			10.7275358918076	-7.74766481074992
			10.760645570486	-7.78077448942833
			10.7937552491644	-7.81388416810675
			10.8268649278428	-7.84699384678517
			10.8599746065212	-7.84699384678517
			10.8930842851997	-7.88010352546359
			10.9261939638781	-7.91321320414201
			10.9261939638781	-7.94632288282043
			10.9593036425565	-7.97943256149884
			10.9924133212349	-7.97943256149884
			11.0255229999133	-8.01254224017726
			11.0586326785918	-8.04565191885568
			11.0917423572702	-8.0787615975341
			11.1248520359486	-8.11187127621252
			11.157961714627	-8.14498095489094
			11.1910713933054	-8.17809063356936
			11.1910713933054	-8.21120031224777
			11.2241810719839	-8.21120031224777
			11.2572907506623	-8.24430999092619
			11.2904004293407	-8.27741966960461
			11.3235101080191	-8.31052934828303
			11.3566197866975	-8.34363902696145
			11.3566197866975	-8.37674870563987
			11.3897294653759	-8.40985838431828
			11.4228391440544	-8.4429680629967
			11.4228391440544	-8.47607774167512
			11.4559488227328	-8.50918742035354
			11.4559488227328	-8.54229709903196
			11.4559488227328	-8.57540677771038
			11.4890585014112	-8.6085164563888
			11.4890585014112	-8.64162613506721
			11.4890585014112	-8.67473581374563
			11.4890585014112	-8.70784549242405
			11.5221681800896	-8.74095517110247
			11.5221681800896	-8.77406484978089
			11.5221681800896	-8.80717452845931
			11.555277858768	-8.84028420713772
			11.555277858768	-8.87339388581614
			11.555277858768	-8.90650356449456
			11.5883875374465	-8.93961324317298
			11.5883875374465	-8.9727229218514
			11.5883875374465	-9.00583260052982
			11.6214972161249	-9.03894227920824
			11.6214972161249	-9.07205195788665
			11.6214972161249	-9.10516163656507
			11.6546068948033	-9.13827131524349
			11.6546068948033	-9.17138099392191
			11.6546068948033	-9.20449067260033
			11.6877165734817	-9.23760035127875
			11.6877165734817	-9.27071002995716
			11.6877165734817	-9.30381970863558
			11.7208262521601	-9.336929387314
			11.7208262521601	-9.37003906599242
			11.7208262521601	-9.40314874467084
			11.7539359308385	-9.43625842334926
			11.7539359308385	-9.46936810202767
			11.787045609517	-9.50247778070609
			11.787045609517	-9.53558745938451
			11.8201552881954	-9.56869713806293
			11.8532649668738	-9.60180681674135
			11.8863746455522	-9.63491649541977
			11.9194843242306	-9.66802617409819
			11.9525940029091	-9.7011358527766
			11.9857036815875	-9.73424553145502
			12.0188133602659	-9.76735521013344
			12.0519230389443	-9.80046488881186
			12.0850327176227	-9.83357456749028
			12.1181423963012	-9.8666842461687
			12.1512520749796	-9.89979392484712
			12.1512520749796	-9.93290360352553
			12.184361753658	-9.96601328220395
			12.2174714323364	-9.99912296088237
			12.2505811110148	-10.0322326395608
			12.2836907896932	-10.0653423182392
			12.3168004683717	-10.0984519969176
			12.3168004683717	-10.131561675596
			12.3499101470501	-10.1646713542745
			12.3499101470501	-10.1977810329529
			12.3830198257285	-10.2308907116313
			12.4161295044069	-10.2640003903097
			12.4161295044069	-10.2971100689881
			12.4492391830853	-10.3302197476666
			12.4492391830853	-10.363329426345
			12.4823488617638	-10.3964391050234
			12.5154585404422	-10.4295487837018
			12.5154585404422	-10.4626584623802
			12.5485682191206	-10.4957681410586
			12.5485682191206	-10.5288778197371
			12.581677897799	-10.5619874984155
			12.581677897799	-10.5950971770939
			12.6147875764774	-10.6282068557723
			12.6147875764774	-10.6613165344507
			12.6478972551558	-10.6944262131292
			12.6478972551558	-10.7275358918076
			12.6478972551558	-10.760645570486
			12.6810069338343	-10.7937552491644
			12.6810069338343	-10.8268649278428
			12.7141166125127	-10.8599746065212
			12.7141166125127	-10.8930842851997
			12.7141166125127	-10.9261939638781
			12.7472262911911	-10.9593036425565
			12.7472262911911	-10.9924133212349
			12.7472262911911	-11.0255229999133
			12.7803359698695	-11.0586326785918
			12.7803359698695	-11.0917423572702
			12.7803359698695	-11.1248520359486
			12.7803359698695	-11.157961714627
			12.8134456485479	-11.1910713933054
			12.8134456485479	-11.2241810719839
			12.8134456485479	-11.2572907506623
			12.8134456485479	-11.2904004293407
			12.8465553272264	-11.3235101080191
			12.8465553272264	-11.3566197866975
			12.8465553272264	-11.3897294653759
			12.8465553272264	-11.4228391440544
			12.8796650059048	-11.4228391440544
			12.8796650059048	-11.4559488227328
			12.9127746845832	-11.4559488227328
			12.9458843632616	-11.4559488227328
			12.97899404194	-11.4890585014112
			13.0121037206184	-11.4890585014112
			13.0452133992969	-11.5221681800896
			13.0783230779753	-11.5221681800896
			13.1114327566537	-11.555277858768
			13.1445424353321	-11.555277858768
			13.1776521140105	-11.5883875374465
			13.210761792689	-11.5883875374465
			13.2438714713674	-11.6214972161249
			13.2769811500458	-11.6546068948033
			13.3100908287242	-11.6546068948033
			13.3432005074026	-11.6877165734817
			13.3763101860811	-11.6877165734817
			13.4094198647595	-11.7208262521601
			13.4094198647595	-11.7539359308385
			13.4425295434379	-11.7539359308385
			13.4756392221163	-11.787045609517
			13.5087489007947	-11.8201552881954
			13.5418585794731	-11.8201552881954
			13.5749682581516	-11.8532649668738
			13.60807793683	-11.8863746455522
			13.6411876155084	-11.8863746455522
			13.6411876155084	-11.9194843242306
			13.6742972941868	-11.9525940029091
			13.7074069728652	-11.9525940029091
			13.7405166515437	-11.9857036815875
			13.7736263302221	-12.0188133602659
		</suture>
		<anterior type=matrix rownames=FALSE colnames=FALSE nrow=319 ncol=2 as.numeric=TRUE >
			8.0787615975341	-6.88681316511104
			8.11187127621252	-6.88681316511104
			8.14498095489094	-6.88681316511104
			8.17809063356936	-6.88681316511104
			8.21120031224777	-6.88681316511104
			8.24430999092619	-6.88681316511104
			8.27741966960461	-6.88681316511104
			8.31052934828303	-6.88681316511104
			8.34363902696145	-6.88681316511104
			8.37674870563987	-6.91992284378945
			8.40985838431828	-6.91992284378945
			8.4429680629967	-6.91992284378945
			8.47607774167512	-6.91992284378945
			8.50918742035354	-6.91992284378945
			8.54229709903196	-6.91992284378945
			8.57540677771038	-6.91992284378945
			8.6085164563888	-6.91992284378945
			8.64162613506721	-6.91992284378945
			8.67473581374563	-6.95303252246787
			8.70784549242405	-6.95303252246787
			8.74095517110247	-6.95303252246787
			8.77406484978089	-6.95303252246787
			8.80717452845931	-6.95303252246787
			8.84028420713772	-6.95303252246787
			8.87339388581614	-6.98614220114629
			8.90650356449456	-6.98614220114629
			8.93961324317298	-6.98614220114629
			8.9727229218514	-6.98614220114629
			9.00583260052982	-6.98614220114629
			9.03894227920824	-6.98614220114629
			9.07205195788665	-7.01925187982471
			9.10516163656507	-7.01925187982471
			9.13827131524349	-7.01925187982471
			9.17138099392191	-7.01925187982471
			9.20449067260033	-7.05236155850313
			9.23760035127875	-7.05236155850313
			9.27071002995716	-7.05236155850313
			9.30381970863558	-7.05236155850313
			9.30381970863558	-7.08547123718155
			9.336929387314	-7.08547123718155
			9.37003906599242	-7.08547123718155
			9.40314874467084	-7.08547123718155
			9.43625842334926	-7.11858091585997
			9.46936810202767	-7.11858091585997
			9.50247778070609	-7.11858091585997
			9.53558745938451	-7.15169059453838
			9.56869713806293	-7.15169059453838
			9.60180681674135	-7.15169059453838
			9.63491649541977	-7.1848002732168
			9.66802617409819	-7.1848002732168
			9.7011358527766	-7.1848002732168
			9.73424553145502	-7.21790995189522
			9.76735521013344	-7.21790995189522
			9.80046488881186	-7.21790995189522
			9.80046488881186	-7.25101963057364
			9.83357456749028	-7.25101963057364
			9.8666842461687	-7.28412930925206
			9.89979392484712	-7.28412930925206
			9.93290360352553	-7.28412930925206
			9.96601328220395	-7.31723898793048
			9.99912296088237	-7.31723898793048
			10.0322326395608	-7.35034866660889
			10.0653423182392	-7.35034866660889
			10.0984519969176	-7.38345834528731
			10.131561675596	-7.38345834528731
			10.1646713542745	-7.41656802396573
			10.1977810329529	-7.44967770264415
			10.2308907116313	-7.44967770264415
			10.2640003903097	-7.48278738132257
			10.2971100689881	-7.48278738132257
			10.3302197476666	-7.51589706000099
			10.363329426345	-7.51589706000099
			10.3964391050234	-7.54900673867941
			10.4295487837018	-7.58211641735782
			10.4626584623802	-7.58211641735782
			10.4957681410586	-7.61522609603624
			10.5288778197371	-7.61522609603624
			10.5619874984155	-7.64833577471466
			10.5950971770939	-7.68144545339308
			10.6282068557723	-7.68144545339308
			10.6613165344507	-7.7145551320715
			10.6944262131292	-7.74766481074992
			10.7275358918076	-7.78077448942833
			10.760645570486	-7.78077448942833
			10.7937552491644	-7.81388416810675
			10.8268649278428	-7.84699384678517
			10.8599746065212	-7.84699384678517
			10.8930842851997	-7.88010352546359
			10.8930842851997	-7.91321320414201
			10.9261939638781	-7.94632288282043
			10.9593036425565	-7.94632288282043
			10.9924133212349	-7.97943256149884
			11.0255229999133	-8.01254224017726
			11.0586326785918	-8.04565191885568
			11.0917423572702	-8.0787615975341
			11.1248520359486	-8.0787615975341
			11.157961714627	-8.11187127621252
			11.157961714627	-8.14498095489094
			11.1910713933054	-8.17809063356936
			11.2241810719839	-8.21120031224777
			11.2572907506623	-8.24430999092619
			11.2904004293407	-8.24430999092619
			11.3235101080191	-8.27741966960461
			11.3235101080191	-8.31052934828303
			11.3566197866975	-8.34363902696145
			11.3897294653759	-8.37674870563987
			11.4228391440544	-8.40985838431828
			11.4559488227328	-8.40985838431828
			11.4559488227328	-8.4429680629967
			11.4890585014112	-8.4429680629967
			11.5221681800896	-8.47607774167512
			11.555277858768	-8.50918742035354
			11.5883875374465	-8.54229709903196
			11.6214972161249	-8.57540677771038
			11.6546068948033	-8.6085164563888
			11.6877165734817	-8.6085164563888
			11.7208262521601	-8.64162613506721
			11.7539359308385	-8.67473581374563
			11.787045609517	-8.70784549242405
			11.8201552881954	-8.74095517110247
			11.8532649668738	-8.77406484978089
			11.8863746455522	-8.80717452845931
			11.9194843242306	-8.80717452845931
			11.9525940029091	-8.84028420713772
			11.9857036815875	-8.87339388581614
			12.0188133602659	-8.90650356449456
			12.0188133602659	-8.93961324317298
			12.0519230389443	-8.9727229218514
			12.0850327176227	-9.00583260052982
			12.1181423963012	-9.03894227920824
			12.1512520749796	-9.07205195788665
			12.184361753658	-9.10516163656507
			12.2174714323364	-9.13827131524349
			12.2505811110148	-9.17138099392191
			12.2836907896932	-9.20449067260033
			12.3168004683717	-9.23760035127875
			12.3168004683717	-9.27071002995716
			12.3499101470501	-9.30381970863558
			12.3830198257285	-9.336929387314
			12.4161295044069	-9.37003906599242
			12.4161295044069	-9.40314874467084
			12.4492391830853	-9.40314874467084
			12.4492391830853	-9.43625842334926
			12.4823488617638	-9.46936810202767
			12.5154585404422	-9.50247778070609
			12.5485682191206	-9.53558745938451
			12.5485682191206	-9.56869713806293
			12.581677897799	-9.60180681674135
			12.581677897799	-9.63491649541977
			12.6147875764774	-9.63491649541977
			12.6478972551558	-9.66802617409819
			12.6478972551558	-9.7011358527766
			12.6810069338343	-9.73424553145502
			12.7141166125127	-9.76735521013344
			12.7141166125127	-9.80046488881186
			12.7472262911911	-9.83357456749028
			12.7472262911911	-9.8666842461687
			12.7803359698695	-9.89979392484712
			12.8134456485479	-9.93290360352553
			12.8134456485479	-9.96601328220395
			12.8465553272264	-9.99912296088237
			12.8796650059048	-10.0322326395608
			12.8796650059048	-10.0653423182392
			12.9127746845832	-10.0653423182392
			12.9127746845832	-10.0984519969176
			12.9458843632616	-10.131561675596
			12.97899404194	-10.1646713542745
			12.97899404194	-10.1977810329529
			13.0121037206184	-10.2308907116313
			13.0121037206184	-10.2640003903097
			13.0452133992969	-10.2971100689881
			13.0452133992969	-10.3302197476666
			13.0783230779753	-10.363329426345
			13.1114327566537	-10.3964391050234
			13.1114327566537	-10.4295487837018
			13.1445424353321	-10.4626584623802
			13.1445424353321	-10.4957681410586
			13.1776521140105	-10.5288778197371
			13.210761792689	-10.5619874984155
			13.210761792689	-10.5950971770939
			13.2438714713674	-10.6282068557723
			13.2438714713674	-10.6613165344507
			13.2769811500458	-10.6944262131292
			13.2769811500458	-10.7275358918076
			13.3100908287242	-10.760645570486
			13.3100908287242	-10.7937552491644
			13.3432005074026	-10.8268649278428
			13.3432005074026	-10.8599746065212
			13.3763101860811	-10.8930842851997
			13.3763101860811	-10.9261939638781
			13.4094198647595	-10.9593036425565
			13.4425295434379	-10.9924133212349
			13.4425295434379	-11.0255229999133
			13.4756392221163	-11.0586326785918
			13.4756392221163	-11.0917423572702
			13.4756392221163	-11.1248520359486
			13.5087489007947	-11.157961714627
			13.5087489007947	-11.1910713933054
			13.5418585794731	-11.2241810719839
			13.5418585794731	-11.2572907506623
			13.5749682581516	-11.2904004293407
			13.5749682581516	-11.3235101080191
			13.60807793683	-11.3566197866975
			13.60807793683	-11.3897294653759
			13.60807793683	-11.4228391440544
			13.6411876155084	-11.4559488227328
			13.6411876155084	-11.4890585014112
			13.6742972941868	-11.5221681800896
			13.6742972941868	-11.555277858768
			13.7074069728652	-11.5883875374465
			13.7074069728652	-11.6214972161249
			13.7074069728652	-11.6546068948033
			13.7405166515437	-11.6546068948033
			13.7405166515437	-11.6877165734817
			13.7405166515437	-11.7208262521601
			13.7736263302221	-11.7539359308385
			13.7736263302221	-11.787045609517
			13.7736263302221	-11.8201552881954
			13.7736263302221	-11.8532649668738
			13.8067360089005	-11.8532649668738
			13.8067360089005	-11.8863746455522
			13.8067360089005	-11.9194843242306
			13.8398456875789	-11.9525940029091
			13.8398456875789	-11.9857036815875
			13.8398456875789	-12.0188133602659
			13.8729553662573	-12.0519230389443
			13.8729553662573	-12.0850327176227
			13.8729553662573	-12.1181423963012
			13.9060650449357	-12.1512520749796
			13.9060650449357	-12.184361753658
			13.9060650449357	-12.2174714323364
			13.9391747236142	-12.2505811110148
			13.9391747236142	-12.2836907896932
			13.9391747236142	-12.3168004683717
			13.9722844022926	-12.3499101470501
			13.9722844022926	-12.3830198257285
			13.9722844022926	-12.4161295044069
			13.9722844022926	-12.4492391830853
			13.9722844022926	-12.4823488617638
			14.005394080971	-12.5154585404422
			14.005394080971	-12.5485682191206
			14.005394080971	-12.581677897799
			14.005394080971	-12.6147875764774
			14.005394080971	-12.6478972551558
			14.005394080971	-12.6810069338343
			14.005394080971	-12.7141166125127
			14.0385037596494	-12.7472262911911
			14.0385037596494	-12.7803359698695
			14.0385037596494	-12.8134456485479
			14.0385037596494	-12.8465553272264
			14.0385037596494	-12.8796650059048
			14.0385037596494	-12.9127746845832
			14.0385037596494	-12.9458843632616
			14.0385037596494	-12.97899404194
			14.0385037596494	-13.0121037206184
			14.0385037596494	-13.0452133992969
			14.0385037596494	-13.0783230779753
			14.0385037596494	-13.1114327566537
			14.0385037596494	-13.1445424353321
			14.0385037596494	-13.1776521140105
			14.0385037596494	-13.210761792689
			14.0385037596494	-13.2438714713674
			14.0385037596494	-13.2769811500458
			14.0385037596494	-13.3100908287242
			14.0385037596494	-13.3432005074026
			14.0385037596494	-13.3763101860811
			14.0385037596494	-13.4094198647595
			14.0385037596494	-13.4425295434379
			14.0385037596494	-13.4756392221163
			14.0385037596494	-13.5087489007947
			14.0385037596494	-13.5418585794731
			14.005394080971	-13.5418585794731
			14.005394080971	-13.5749682581516
			14.005394080971	-13.60807793683
			14.005394080971	-13.6411876155084
			14.005394080971	-13.6742972941868
			14.005394080971	-13.7074069728652
			13.9722844022926	-13.7405166515437
			13.9722844022926	-13.7736263302221
			13.9722844022926	-13.8067360089005
			13.9722844022926	-13.8398456875789
			13.9391747236142	-13.8729553662573
			13.9391747236142	-13.9060650449357
			13.9391747236142	-13.9391747236142
			13.9391747236142	-13.9722844022926
			13.9060650449357	-14.005394080971
			13.9060650449357	-14.0385037596494
			13.9060650449357	-14.0716134383278
			13.8729553662573	-14.0716134383278
			13.8729553662573	-14.1047231170063
			13.8729553662573	-14.1378327956847
			13.8398456875789	-14.1709424743631
			13.8398456875789	-14.2040521530415
			13.8067360089005	-14.2371618317199
			13.8067360089005	-14.2702715103983
			13.7736263302221	-14.3033811890768
			13.7736263302221	-14.3364908677552
			13.7405166515437	-14.3696005464336
			13.7405166515437	-14.402710225112
			13.7074069728652	-14.4358199037904
			13.7074069728652	-14.4689295824689
			13.6742972941868	-14.5020392611473
			13.6742972941868	-14.5351489398257
			13.6411876155084	-14.5682586185041
			13.60807793683	-14.6013682971825
			13.5749682581516	-14.634477975861
			13.5418585794731	-14.6675876545394
			13.5418585794731	-14.7006973332178
			13.5087489007947	-14.7338070118962
			13.5087489007947	-14.7669166905746
			13.4756392221163	-14.7669166905746
			13.4425295434379	-14.800026369253
			13.4425295434379	-14.8331360479315
			13.4094198647595	-14.8331360479315
			13.4094198647595	-14.8662457266099
			13.3763101860811	-14.8662457266099
			13.3763101860811	-14.8993554052883
			13.3432005074026	-14.9324650839667
			13.3100908287242	-14.9655747626451
		</anterior>
		<posterior type=matrix rownames=FALSE colnames=FALSE nrow=160 ncol=2 as.numeric=TRUE >
			8.0787615975341	-14.9655747626451
			8.11187127621252	-14.9655747626451
			8.14498095489094	-14.9655747626451
			8.17809063356936	-14.9655747626451
			8.21120031224777	-14.9655747626451
			8.24430999092619	-14.9655747626451
			8.27741966960461	-14.9655747626451
			8.31052934828303	-14.9655747626451
			8.34363902696145	-14.9655747626451
			8.37674870563987	-14.9655747626451
			8.40985838431828	-14.9655747626451
			8.4429680629967	-14.9655747626451
			8.47607774167512	-14.9655747626451
			8.50918742035354	-14.9655747626451
			8.54229709903196	-14.9655747626451
			8.57540677771038	-14.9655747626451
			8.6085164563888	-14.9655747626451
			8.64162613506721	-14.9655747626451
			8.67473581374563	-14.9655747626451
			8.70784549242405	-14.9655747626451
			8.74095517110247	-14.9655747626451
			8.77406484978089	-14.9655747626451
			8.80717452845931	-14.9655747626451
			8.84028420713772	-14.9655747626451
			8.87339388581614	-14.9655747626451
			8.90650356449456	-14.9655747626451
			8.93961324317298	-14.9655747626451
			8.9727229218514	-14.9655747626451
			9.00583260052982	-14.9655747626451
			9.03894227920824	-14.9655747626451
			9.07205195788665	-14.9324650839667
			9.10516163656507	-14.9324650839667
			9.13827131524349	-14.9324650839667
			9.17138099392191	-14.9324650839667
			9.20449067260033	-14.9324650839667
			9.23760035127875	-14.9324650839667
			9.27071002995716	-14.9324650839667
			9.30381970863558	-14.9324650839667
			9.336929387314	-14.8993554052883
			9.37003906599242	-14.8993554052883
			9.40314874467084	-14.8993554052883
			9.43625842334926	-14.8993554052883
			9.46936810202767	-14.8993554052883
			9.50247778070609	-14.8662457266099
			9.53558745938451	-14.8662457266099
			9.56869713806293	-14.8662457266099
			9.60180681674135	-14.8331360479315
			9.63491649541977	-14.8331360479315
			9.66802617409819	-14.800026369253
			9.7011358527766	-14.800026369253
			9.73424553145502	-14.800026369253
			9.76735521013344	-14.7669166905746
			9.80046488881186	-14.7669166905746
			9.83357456749028	-14.7338070118962
			9.8666842461687	-14.7338070118962
			9.89979392484712	-14.7006973332178
			9.93290360352553	-14.7006973332178
			9.96601328220395	-14.6675876545394
			9.99912296088237	-14.6675876545394
			10.0322326395608	-14.634477975861
			10.0653423182392	-14.634477975861
			10.0984519969176	-14.634477975861
			10.131561675596	-14.634477975861
			10.1646713542745	-14.634477975861
			10.1977810329529	-14.6675876545394
			10.2308907116313	-14.6675876545394
			10.2640003903097	-14.6675876545394
			10.2971100689881	-14.6675876545394
			10.3302197476666	-14.6675876545394
			10.363329426345	-14.6675876545394
			10.3964391050234	-14.6675876545394
			10.4295487837018	-14.6675876545394
			10.4626584623802	-14.6675876545394
			10.4957681410586	-14.6675876545394
			10.5288778197371	-14.6675876545394
			10.5619874984155	-14.6675876545394
			10.5950971770939	-14.6675876545394
			10.6282068557723	-14.6675876545394
			10.6613165344507	-14.6675876545394
			10.6944262131292	-14.6675876545394
			10.7275358918076	-14.6675876545394
			10.760645570486	-14.6675876545394
			10.7937552491644	-14.6675876545394
			10.8268649278428	-14.6675876545394
			10.8599746065212	-14.6675876545394
			10.8930842851997	-14.6675876545394
			10.9261939638781	-14.6675876545394
			10.9593036425565	-14.6675876545394
			10.9924133212349	-14.6675876545394
			11.0255229999133	-14.6675876545394
			11.0586326785918	-14.6675876545394
			11.0917423572702	-14.634477975861
			11.1248520359486	-14.634477975861
			11.157961714627	-14.634477975861
			11.1910713933054	-14.634477975861
			11.2241810719839	-14.634477975861
			11.2572907506623	-14.634477975861
			11.2904004293407	-14.634477975861
			11.3235101080191	-14.634477975861
			11.3566197866975	-14.634477975861
			11.3897294653759	-14.6675876545394
			11.4228391440544	-14.6675876545394
			11.4559488227328	-14.6675876545394
			11.4559488227328	-14.7006973332178
			11.4890585014112	-14.7006973332178
			11.5221681800896	-14.7006973332178
			11.555277858768	-14.7006973332178
			11.5883875374465	-14.7338070118962
			11.6214972161249	-14.7338070118962
			11.6546068948033	-14.7338070118962
			11.6877165734817	-14.7669166905746
			11.7208262521601	-14.7669166905746
			11.7539359308385	-14.800026369253
			11.787045609517	-14.800026369253
			11.8201552881954	-14.800026369253
			11.8532649668738	-14.800026369253
			11.8863746455522	-14.8331360479315
			11.9194843242306	-14.8331360479315
			11.9525940029091	-14.8331360479315
			11.9857036815875	-14.8662457266099
			12.0188133602659	-14.8662457266099
			12.0519230389443	-14.8662457266099
			12.0850327176227	-14.8993554052883
			12.1181423963012	-14.8993554052883
			12.1512520749796	-14.8993554052883
			12.184361753658	-14.8993554052883
			12.2174714323364	-14.9324650839667
			12.2505811110148	-14.9324650839667
			12.2836907896932	-14.9324650839667
			12.3168004683717	-14.9655747626451
			12.3499101470501	-14.9655747626451
			12.3830198257285	-14.9655747626451
			12.4161295044069	-14.9655747626451
			12.4492391830853	-14.9986844413236
			12.4823488617638	-14.9986844413236
			12.5154585404422	-14.9986844413236
			12.5485682191206	-15.031794120002
			12.581677897799	-15.031794120002
			12.6147875764774	-15.031794120002
			12.6478972551558	-15.0649037986804
			12.6810069338343	-15.0649037986804
			12.7141166125127	-15.0649037986804
			12.7472262911911	-15.0649037986804
			12.7803359698695	-15.0649037986804
			12.8134456485479	-15.0649037986804
			12.8465553272264	-15.0649037986804
			12.8796650059048	-15.0649037986804
			12.9127746845832	-15.0649037986804
			12.9458843632616	-15.0649037986804
			12.97899404194	-15.0649037986804
			13.0121037206184	-15.031794120002
			13.0452133992969	-15.031794120002
			13.0783230779753	-15.031794120002
			13.1114327566537	-15.031794120002
			13.1445424353321	-15.031794120002
			13.1776521140105	-15.031794120002
			13.210761792689	-14.9986844413236
			13.2438714713674	-14.9986844413236
			13.2769811500458	-14.9655747626451
			13.3100908287242	-14.9655747626451
		</posterior>
	</curves.scaled>
	<ruler.points type=matrix rownames=TRUE colnames=FALSE nrow=2 ncol=2 as.numeric=TRUE >
		Ruler point 1	249	637
		Ruler point 2	400	639
	</ruler.points>
</shapes>

