<shapes type=list>
	<ruler.pixel type=vector names=FALSE length=1 as.numeric=TRUE >139</ruler.pixel>
	<ruler.interval type=vector names=FALSE length=1 as.numeric=TRUE >5</ruler.interval>
	<scaling.units type=vector names=FALSE length=1 as.numeric=FALSE >mm</scaling.units>
	<scaling type=vector names=FALSE length=1 as.numeric=TRUE >0.0359712230215827</scaling>
	<landmarks.pixel type=matrix rownames=TRUE colnames=FALSE nrow=16 ncol=2 as.numeric=TRUE >
		LM1	194	27
		LM2	194	27
		LM3	194	200
		LM4	194	231
		LM5	300	99
		LM6	244	207
		LM7	248	226
		LM8	NaN	NaN
		LM9	NaN	NaN
		LM10	194	27
		LM11	328	124
		LM12	342	133
		LM13	194	27
		LM14	NaN	NaN
		LM15	346	230
		LM16	354	223
	</landmarks.pixel>
	<landmarks.scaled type=matrix rownames=TRUE colnames=FALSE nrow=16 ncol=2 as.numeric=TRUE >
		LM1	6.97841726618705	-0.971223021582734
		LM2	6.97841726618705	-0.971223021582734
		LM3	6.97841726618705	-7.19424460431655
		LM4	6.97841726618705	-8.30935251798561
		LM5	10.7913669064748	-3.56115107913669
		LM6	8.77697841726619	-7.44604316546763
		LM7	8.92086330935252	-8.1294964028777
		LM8	NaN	NaN
		LM9	NaN	NaN
		LM10	6.97841726618705	-0.971223021582734
		LM11	11.7985611510791	-4.46043165467626
		LM12	12.3021582733813	-4.7841726618705
		LM13	6.97841726618705	-0.971223021582734
		LM14	NaN	NaN
		LM15	12.4460431654676	-8.27338129496403
		LM16	12.7338129496403	-8.02158273381295
	</landmarks.scaled>
	<curves.control type=list>
		<glabella type=matrix rownames=FALSE colnames=FALSE nrow=15 ncol=2 as.numeric=TRUE >
			194	27
			215	27
			241	40
			270	54
			289	74
			309	92
			293	115
			279	137
			268	149
			256	163
			241	182
			243	195
			240	206
			247	209
			248	226
		</glabella>
		<suture type=matrix rownames=FALSE colnames=FALSE nrow=7 ncol=2 as.numeric=TRUE >
			194	27
			251	33
			299	84
			305	99
			328	124
			335	131
			342	133
		</suture>
		<anterior type=matrix rownames=FALSE colnames=FALSE nrow=13 ncol=2 as.numeric=TRUE >
			194	27
			215	27
			241	40
			270	54
			289	74
			304	90
			322	112
			335	125
			356	147
			374	177
			359	218
			351	226
			346	230
		</anterior>
		<posterior type=matrix rownames=FALSE colnames=FALSE nrow=9 ncol=2 as.numeric=TRUE >
			194	231
			203	234
			223	237
			232	242
			248	227
			262	230
			293	229
			334	240
			346	230
		</posterior>
	</curves.control>
	<curves.pixel type=list>
		<glabella type=matrix rownames=FALSE colnames=FALSE nrow=257 ncol=2 as.numeric=TRUE >
			194	27
			195	27
			196	27
			197	27
			198	27
			199	27
			200	27
			201	27
			202	27
			203	28
			204	28
			205	28
			206	28
			207	28
			208	28
			209	29
			210	29
			211	29
			212	29
			213	29
			214	30
			215	30
			216	30
			217	31
			218	31
			219	31
			220	31
			221	32
			222	32
			223	32
			224	33
			225	33
			226	34
			227	34
			228	34
			229	35
			230	35
			231	35
			231	36
			232	36
			233	36
			234	37
			235	37
			236	38
			237	38
			238	38
			238	39
			239	39
			240	39
			241	40
			242	40
			242	41
			243	41
			244	42
			245	42
			246	42
			247	43
			248	43
			248	44
			249	44
			250	45
			251	45
			252	46
			253	46
			253	47
			254	47
			255	47
			256	48
			257	48
			257	49
			258	49
			259	50
			260	50
			261	51
			262	52
			263	52
			264	53
			265	54
			266	54
			267	55
			268	56
			269	57
			270	58
			271	58
			272	59
			273	60
			274	61
			275	61
			276	62
			277	63
			278	64
			279	65
			280	65
			281	66
			282	67
			283	68
			284	69
			285	70
			286	71
			287	72
			288	73
			289	74
			290	75
			291	76
			292	77
			293	78
			294	79
			295	80
			295	81
			296	82
			297	83
			297	84
			298	85
			298	86
			299	87
			299	88
			299	89
			300	90
			300	91
			300	92
			300	93
			300	94
			300	95
			300	96
			300	97
			300	98
			300	99
			300	100
			299	101
			299	102
			299	103
			299	104
			298	105
			298	106
			297	107
			297	108
			297	109
			296	110
			295	111
			295	112
			294	113
			293	114
			293	115
			292	116
			292	117
			291	118
			290	119
			290	120
			289	121
			288	122
			288	123
			287	124
			287	125
			286	126
			285	127
			284	128
			283	129
			283	130
			282	131
			281	132
			281	133
			280	134
			279	135
			279	136
			278	137
			277	138
			277	139
			276	139
			275	140
			275	141
			274	142
			273	143
			272	144
			271	145
			271	146
			270	147
			269	148
			268	149
			267	150
			266	151
			265	152
			265	153
			264	153
			264	154
			263	155
			262	156
			261	157
			260	158
			259	159
			259	160
			258	161
			257	162
			256	163
			256	164
			255	165
			254	166
			253	167
			252	168
			252	169
			251	170
			250	171
			249	172
			248	173
			248	174
			247	175
			246	176
			245	177
			244	178
			244	179
			243	180
			242	181
			241	182
			241	183
			241	184
			241	185
			241	186
			242	187
			242	188
			242	189
			242	190
			242	191
			242	192
			242	193
			242	194
			242	195
			242	196
			242	197
			241	198
			241	199
			241	200
			241	201
			241	202
			241	203
			241	204
			240	205
			240	206
			241	206
			242	207
			243	208
			244	209
			245	210
			245	211
			245	212
			246	213
			246	214
			246	215
			247	216
			247	217
			247	218
			247	219
			247	220
			248	221
			248	222
			248	223
			248	224
			248	225
			248	226
		</glabella>
		<suture type=matrix rownames=FALSE colnames=FALSE nrow=169 ncol=2 as.numeric=TRUE >
			194	27
			195	27
			196	27
			197	27
			198	28
			199	28
			200	28
			201	28
			202	28
			203	28
			204	28
			205	29
			206	29
			207	29
			208	29
			209	29
			210	30
			211	30
			212	30
			213	30
			214	30
			215	31
			216	31
			217	31
			218	32
			219	32
			220	32
			221	33
			222	33
			223	33
			224	33
			225	34
			226	34
			227	35
			228	35
			229	35
			230	36
			231	36
			232	36
			233	37
			234	37
			235	37
			236	38
			237	39
			238	39
			239	39
			240	40
			241	40
			242	41
			243	41
			244	42
			245	42
			245	43
			246	43
			247	43
			248	44
			249	44
			249	45
			250	45
			251	45
			252	46
			253	47
			254	47
			255	48
			256	48
			257	49
			258	50
			259	50
			260	51
			261	51
			261	52
			262	53
			263	53
			264	54
			265	54
			266	55
			267	56
			268	56
			269	57
			270	58
			271	58
			271	59
			272	60
			273	60
			274	61
			275	62
			276	62
			277	63
			278	64
			279	65
			280	66
			281	67
			282	68
			283	69
			284	69
			285	70
			285	71
			286	71
			287	72
			288	73
			289	74
			290	75
			291	76
			292	77
			293	77
			293	78
			294	79
			295	80
			296	80
			296	81
			297	82
			298	83
			299	84
			299	85
			300	86
			300	87
			301	88
			301	89
			302	90
			302	91
			303	92
			304	93
			304	94
			305	95
			306	96
			306	97
			307	98
			307	99
			308	99
			308	100
			309	101
			309	102
			310	102
			310	103
			311	104
			312	105
			313	106
			314	107
			314	108
			315	109
			316	110
			317	111
			317	112
			318	113
			319	114
			320	115
			321	116
			322	117
			323	118
			324	119
			325	120
			326	121
			327	122
			328	123
			328	124
			329	125
			330	126
			331	127
			332	128
			333	129
			334	129
			335	130
			336	130
			337	131
			338	131
			339	132
			340	132
			341	133
			342	133
		</suture>
		<anterior type=matrix rownames=FALSE colnames=FALSE nrow=271 ncol=2 as.numeric=TRUE >
			194	27
			195	27
			196	27
			197	27
			198	27
			199	27
			200	27
			201	27
			202	28
			203	28
			204	28
			205	28
			206	28
			207	28
			208	28
			209	28
			209	29
			210	29
			211	29
			212	29
			213	29
			213	30
			214	30
			215	30
			216	30
			217	30
			217	31
			218	31
			219	31
			220	31
			221	32
			222	32
			223	32
			224	33
			225	33
			226	34
			227	34
			228	34
			229	35
			230	35
			231	35
			232	36
			233	36
			234	37
			235	37
			236	37
			237	38
			238	39
			239	39
			240	39
			241	40
			242	40
			243	41
			244	41
			245	42
			246	42
			247	43
			248	44
			249	44
			250	45
			251	45
			252	46
			253	46
			254	47
			255	47
			256	48
			257	48
			258	49
			259	50
			260	50
			260	51
			261	51
			262	52
			263	53
			264	53
			265	54
			266	54
			267	55
			268	56
			269	57
			270	58
			271	58
			272	59
			273	60
			274	61
			275	61
			276	62
			277	63
			278	64
			279	64
			280	65
			281	66
			282	67
			283	68
			284	69
			285	70
			286	71
			287	72
			288	73
			289	74
			290	75
			291	76
			292	77
			292	78
			293	79
			294	79
			295	80
			296	81
			296	82
			297	83
			298	84
			299	85
			300	86
			301	87
			301	88
			302	89
			303	90
			304	91
			305	91
			306	92
			306	93
			307	94
			308	95
			309	96
			309	97
			310	97
			310	98
			311	99
			312	100
			313	101
			314	102
			315	103
			315	104
			316	105
			317	105
			317	106
			318	107
			319	108
			319	109
			320	109
			321	110
			321	111
			322	112
			323	113
			324	114
			325	115
			326	116
			327	117
			328	118
			329	119
			330	120
			331	121
			332	122
			333	123
			334	124
			335	125
			336	126
			336	127
			337	128
			338	129
			339	130
			340	130
			341	131
			342	132
			343	133
			343	134
			344	134
			344	135
			345	136
			346	136
			346	137
			347	137
			348	138
			348	139
			349	139
			349	140
			350	141
			351	141
			351	142
			352	143
			353	143
			353	144
			354	145
			355	146
			356	147
			357	148
			357	149
			358	150
			358	151
			359	152
			359	153
			360	154
			360	155
			361	156
			361	157
			361	158
			362	159
			362	160
			362	161
			363	162
			363	163
			363	164
			364	165
			364	166
			364	167
			364	168
			365	169
			365	170
			365	171
			365	172
			365	173
			365	174
			365	175
			366	176
			366	177
			366	178
			366	179
			366	180
			366	181
			366	182
			366	183
			366	184
			366	185
			366	186
			366	187
			366	188
			366	189
			366	190
			365	191
			365	192
			365	193
			365	194
			365	195
			365	196
			365	197
			364	198
			364	199
			364	200
			364	201
			364	202
			364	203
			363	204
			363	205
			363	206
			363	207
			362	208
			362	209
			362	210
			361	211
			361	212
			361	213
			361	214
			360	215
			360	216
			359	217
			359	218
			358	219
			357	220
			356	221
			355	222
			354	223
			353	224
			352	224
			352	225
			351	226
			350	226
			349	227
			349	228
			348	228
			347	229
			346	230
		</anterior>
		<posterior type=matrix rownames=FALSE colnames=FALSE nrow=158 ncol=2 as.numeric=TRUE >
			194	231
			195	231
			196	232
			197	232
			198	232
			199	233
			200	233
			201	233
			202	233
			203	233
			204	234
			205	234
			206	234
			207	234
			208	234
			208	235
			209	235
			210	235
			211	235
			212	235
			213	235
			214	236
			215	236
			216	236
			217	236
			218	236
			219	236
			220	236
			221	237
			222	237
			223	237
			224	237
			225	238
			226	238
			227	238
			228	238
			229	238
			230	238
			231	238
			232	238
			233	237
			234	237
			235	236
			236	236
			237	235
			238	235
			239	234
			240	233
			241	233
			242	232
			243	231
			244	231
			244	230
			245	230
			246	229
			247	228
			248	227
			249	227
			250	227
			251	228
			252	228
			253	228
			254	228
			255	228
			256	228
			257	228
			258	228
			259	229
			260	229
			261	229
			262	229
			263	229
			264	229
			265	229
			266	229
			267	229
			268	229
			269	229
			270	229
			271	229
			272	229
			273	229
			274	229
			275	229
			276	229
			277	229
			278	229
			279	229
			280	229
			281	229
			282	229
			283	229
			284	229
			285	229
			286	229
			287	229
			288	229
			289	229
			290	229
			291	229
			292	229
			293	229
			294	229
			295	230
			296	230
			297	230
			298	230
			299	231
			300	231
			301	231
			302	231
			303	231
			304	232
			305	232
			306	232
			307	232
			308	233
			309	233
			310	233
			311	233
			312	233
			313	233
			314	233
			314	234
			315	234
			316	234
			317	234
			318	234
			319	234
			320	234
			321	234
			322	234
			323	235
			324	235
			325	235
			326	235
			327	235
			328	235
			329	235
			330	235
			331	235
			332	235
			333	235
			334	234
			335	234
			336	234
			337	234
			338	234
			339	234
			339	233
			340	233
			341	233
			342	233
			342	232
			343	232
			344	231
			345	231
			346	230
		</posterior>
	</curves.pixel>
	<curves.scaled type=list>
		<glabella type=matrix rownames=FALSE colnames=FALSE nrow=257 ncol=2 as.numeric=TRUE >
			6.97841726618705	-0.971223021582734
			7.01438848920863	-0.971223021582734
			7.05035971223022	-0.971223021582734
			7.0863309352518	-0.971223021582734
			7.12230215827338	-0.971223021582734
			7.15827338129496	-0.971223021582734
			7.19424460431655	-0.971223021582734
			7.23021582733813	-0.971223021582734
			7.26618705035971	-0.971223021582734
			7.30215827338129	-1.00719424460432
			7.33812949640288	-1.00719424460432
			7.37410071942446	-1.00719424460432
			7.41007194244604	-1.00719424460432
			7.44604316546763	-1.00719424460432
			7.48201438848921	-1.00719424460432
			7.51798561151079	-1.0431654676259
			7.55395683453237	-1.0431654676259
			7.58992805755396	-1.0431654676259
			7.62589928057554	-1.0431654676259
			7.66187050359712	-1.0431654676259
			7.69784172661871	-1.07913669064748
			7.73381294964029	-1.07913669064748
			7.76978417266187	-1.07913669064748
			7.80575539568345	-1.11510791366906
			7.84172661870504	-1.11510791366906
			7.87769784172662	-1.11510791366906
			7.9136690647482	-1.11510791366906
			7.94964028776978	-1.15107913669065
			7.98561151079137	-1.15107913669065
			8.02158273381295	-1.15107913669065
			8.05755395683453	-1.18705035971223
			8.09352517985612	-1.18705035971223
			8.1294964028777	-1.22302158273381
			8.16546762589928	-1.22302158273381
			8.20143884892086	-1.22302158273381
			8.23741007194245	-1.2589928057554
			8.27338129496403	-1.2589928057554
			8.30935251798561	-1.2589928057554
			8.30935251798561	-1.29496402877698
			8.34532374100719	-1.29496402877698
			8.38129496402878	-1.29496402877698
			8.41726618705036	-1.33093525179856
			8.45323741007194	-1.33093525179856
			8.48920863309353	-1.36690647482014
			8.52517985611511	-1.36690647482014
			8.56115107913669	-1.36690647482014
			8.56115107913669	-1.40287769784173
			8.59712230215827	-1.40287769784173
			8.63309352517986	-1.40287769784173
			8.66906474820144	-1.43884892086331
			8.70503597122302	-1.43884892086331
			8.70503597122302	-1.47482014388489
			8.7410071942446	-1.47482014388489
			8.77697841726619	-1.51079136690647
			8.81294964028777	-1.51079136690647
			8.84892086330935	-1.51079136690647
			8.88489208633093	-1.54676258992806
			8.92086330935252	-1.54676258992806
			8.92086330935252	-1.58273381294964
			8.9568345323741	-1.58273381294964
			8.99280575539568	-1.61870503597122
			9.02877697841727	-1.61870503597122
			9.06474820143885	-1.65467625899281
			9.10071942446043	-1.65467625899281
			9.10071942446043	-1.69064748201439
			9.13669064748201	-1.69064748201439
			9.1726618705036	-1.69064748201439
			9.20863309352518	-1.72661870503597
			9.24460431654676	-1.72661870503597
			9.24460431654676	-1.76258992805755
			9.28057553956834	-1.76258992805755
			9.31654676258993	-1.79856115107914
			9.35251798561151	-1.79856115107914
			9.38848920863309	-1.83453237410072
			9.42446043165468	-1.8705035971223
			9.46043165467626	-1.8705035971223
			9.49640287769784	-1.90647482014388
			9.53237410071942	-1.94244604316547
			9.56834532374101	-1.94244604316547
			9.60431654676259	-1.97841726618705
			9.64028776978417	-2.01438848920863
			9.67625899280575	-2.05035971223022
			9.71223021582734	-2.0863309352518
			9.74820143884892	-2.0863309352518
			9.7841726618705	-2.12230215827338
			9.82014388489209	-2.15827338129496
			9.85611510791367	-2.19424460431655
			9.89208633093525	-2.19424460431655
			9.92805755395683	-2.23021582733813
			9.96402877697842	-2.26618705035971
			10	-2.30215827338129
			10.0359712230216	-2.33812949640288
			10.0719424460432	-2.33812949640288
			10.1079136690647	-2.37410071942446
			10.1438848920863	-2.41007194244604
			10.1798561151079	-2.44604316546763
			10.2158273381295	-2.48201438848921
			10.2517985611511	-2.51798561151079
			10.2877697841727	-2.55395683453237
			10.3237410071942	-2.58992805755396
			10.3597122302158	-2.62589928057554
			10.3956834532374	-2.66187050359712
			10.431654676259	-2.69784172661871
			10.4676258992806	-2.73381294964029
			10.5035971223022	-2.76978417266187
			10.5395683453237	-2.80575539568345
			10.5755395683453	-2.84172661870504
			10.6115107913669	-2.87769784172662
			10.6115107913669	-2.9136690647482
			10.6474820143885	-2.94964028776978
			10.6834532374101	-2.98561151079137
			10.6834532374101	-3.02158273381295
			10.7194244604317	-3.05755395683453
			10.7194244604317	-3.09352517985611
			10.7553956834532	-3.1294964028777
			10.7553956834532	-3.16546762589928
			10.7553956834532	-3.20143884892086
			10.7913669064748	-3.23741007194245
			10.7913669064748	-3.27338129496403
			10.7913669064748	-3.30935251798561
			10.7913669064748	-3.34532374100719
			10.7913669064748	-3.38129496402878
			10.7913669064748	-3.41726618705036
			10.7913669064748	-3.45323741007194
			10.7913669064748	-3.48920863309352
			10.7913669064748	-3.52517985611511
			10.7913669064748	-3.56115107913669
			10.7913669064748	-3.59712230215827
			10.7553956834532	-3.63309352517986
			10.7553956834532	-3.66906474820144
			10.7553956834532	-3.70503597122302
			10.7553956834532	-3.7410071942446
			10.7194244604317	-3.77697841726619
			10.7194244604317	-3.81294964028777
			10.6834532374101	-3.84892086330935
			10.6834532374101	-3.88489208633094
			10.6834532374101	-3.92086330935252
			10.6474820143885	-3.9568345323741
			10.6115107913669	-3.99280575539568
			10.6115107913669	-4.02877697841727
			10.5755395683453	-4.06474820143885
			10.5395683453237	-4.10071942446043
			10.5395683453237	-4.13669064748201
			10.5035971223022	-4.1726618705036
			10.5035971223022	-4.20863309352518
			10.4676258992806	-4.24460431654676
			10.431654676259	-4.28057553956835
			10.431654676259	-4.31654676258993
			10.3956834532374	-4.35251798561151
			10.3597122302158	-4.38848920863309
			10.3597122302158	-4.42446043165468
			10.3237410071942	-4.46043165467626
			10.3237410071942	-4.49640287769784
			10.2877697841727	-4.53237410071942
			10.2517985611511	-4.56834532374101
			10.2158273381295	-4.60431654676259
			10.1798561151079	-4.64028776978417
			10.1798561151079	-4.67625899280575
			10.1438848920863	-4.71223021582734
			10.1079136690647	-4.74820143884892
			10.1079136690647	-4.7841726618705
			10.0719424460432	-4.82014388489209
			10.0359712230216	-4.85611510791367
			10.0359712230216	-4.89208633093525
			10	-4.92805755395683
			9.96402877697842	-4.96402877697842
			9.96402877697842	-5
			9.92805755395683	-5
			9.89208633093525	-5.03597122302158
			9.89208633093525	-5.07194244604317
			9.85611510791367	-5.10791366906475
			9.82014388489209	-5.14388489208633
			9.7841726618705	-5.17985611510791
			9.74820143884892	-5.2158273381295
			9.74820143884892	-5.25179856115108
			9.71223021582734	-5.28776978417266
			9.67625899280575	-5.32374100719424
			9.64028776978417	-5.35971223021583
			9.60431654676259	-5.39568345323741
			9.56834532374101	-5.43165467625899
			9.53237410071942	-5.46762589928058
			9.53237410071942	-5.50359712230216
			9.49640287769784	-5.50359712230216
			9.49640287769784	-5.53956834532374
			9.46043165467626	-5.57553956834532
			9.42446043165468	-5.61151079136691
			9.38848920863309	-5.64748201438849
			9.35251798561151	-5.68345323741007
			9.31654676258993	-5.71942446043165
			9.31654676258993	-5.75539568345324
			9.28057553956834	-5.79136690647482
			9.24460431654676	-5.8273381294964
			9.20863309352518	-5.86330935251799
			9.20863309352518	-5.89928057553957
			9.1726618705036	-5.93525179856115
			9.13669064748201	-5.97122302158273
			9.10071942446043	-6.00719424460432
			9.06474820143885	-6.0431654676259
			9.06474820143885	-6.07913669064748
			9.02877697841727	-6.11510791366906
			8.99280575539568	-6.15107913669065
			8.9568345323741	-6.18705035971223
			8.92086330935252	-6.22302158273381
			8.92086330935252	-6.2589928057554
			8.88489208633093	-6.29496402877698
			8.84892086330935	-6.33093525179856
			8.81294964028777	-6.36690647482014
			8.77697841726619	-6.40287769784173
			8.77697841726619	-6.43884892086331
			8.7410071942446	-6.47482014388489
			8.70503597122302	-6.51079136690647
			8.66906474820144	-6.54676258992806
			8.66906474820144	-6.58273381294964
			8.66906474820144	-6.61870503597122
			8.66906474820144	-6.65467625899281
			8.66906474820144	-6.69064748201439
			8.70503597122302	-6.72661870503597
			8.70503597122302	-6.76258992805755
			8.70503597122302	-6.79856115107914
			8.70503597122302	-6.83453237410072
			8.70503597122302	-6.8705035971223
			8.70503597122302	-6.90647482014388
			8.70503597122302	-6.94244604316547
			8.70503597122302	-6.97841726618705
			8.70503597122302	-7.01438848920863
			8.70503597122302	-7.05035971223022
			8.70503597122302	-7.0863309352518
			8.66906474820144	-7.12230215827338
			8.66906474820144	-7.15827338129496
			8.66906474820144	-7.19424460431655
			8.66906474820144	-7.23021582733813
			8.66906474820144	-7.26618705035971
			8.66906474820144	-7.30215827338129
			8.66906474820144	-7.33812949640288
			8.63309352517986	-7.37410071942446
			8.63309352517986	-7.41007194244604
			8.66906474820144	-7.41007194244604
			8.70503597122302	-7.44604316546763
			8.7410071942446	-7.48201438848921
			8.77697841726619	-7.51798561151079
			8.81294964028777	-7.55395683453237
			8.81294964028777	-7.58992805755396
			8.81294964028777	-7.62589928057554
			8.84892086330935	-7.66187050359712
			8.84892086330935	-7.69784172661871
			8.84892086330935	-7.73381294964029
			8.88489208633093	-7.76978417266187
			8.88489208633093	-7.80575539568345
			8.88489208633093	-7.84172661870504
			8.88489208633093	-7.87769784172662
			8.88489208633093	-7.9136690647482
			8.92086330935252	-7.94964028776978
			8.92086330935252	-7.98561151079137
			8.92086330935252	-8.02158273381295
			8.92086330935252	-8.05755395683453
			8.92086330935252	-8.09352517985612
			8.92086330935252	-8.1294964028777
		</glabella>
		<suture type=matrix rownames=FALSE colnames=FALSE nrow=169 ncol=2 as.numeric=TRUE >
			6.97841726618705	-0.971223021582734
			7.01438848920863	-0.971223021582734
			7.05035971223022	-0.971223021582734
			7.0863309352518	-0.971223021582734
			7.12230215827338	-1.00719424460432
			7.15827338129496	-1.00719424460432
			7.19424460431655	-1.00719424460432
			7.23021582733813	-1.00719424460432
			7.26618705035971	-1.00719424460432
			7.30215827338129	-1.00719424460432
			7.33812949640288	-1.00719424460432
			7.37410071942446	-1.0431654676259
			7.41007194244604	-1.0431654676259
			7.44604316546763	-1.0431654676259
			7.48201438848921	-1.0431654676259
			7.51798561151079	-1.0431654676259
			7.55395683453237	-1.07913669064748
			7.58992805755396	-1.07913669064748
			7.62589928057554	-1.07913669064748
			7.66187050359712	-1.07913669064748
			7.69784172661871	-1.07913669064748
			7.73381294964029	-1.11510791366906
			7.76978417266187	-1.11510791366906
			7.80575539568345	-1.11510791366906
			7.84172661870504	-1.15107913669065
			7.87769784172662	-1.15107913669065
			7.9136690647482	-1.15107913669065
			7.94964028776978	-1.18705035971223
			7.98561151079137	-1.18705035971223
			8.02158273381295	-1.18705035971223
			8.05755395683453	-1.18705035971223
			8.09352517985612	-1.22302158273381
			8.1294964028777	-1.22302158273381
			8.16546762589928	-1.2589928057554
			8.20143884892086	-1.2589928057554
			8.23741007194245	-1.2589928057554
			8.27338129496403	-1.29496402877698
			8.30935251798561	-1.29496402877698
			8.34532374100719	-1.29496402877698
			8.38129496402878	-1.33093525179856
			8.41726618705036	-1.33093525179856
			8.45323741007194	-1.33093525179856
			8.48920863309353	-1.36690647482014
			8.52517985611511	-1.40287769784173
			8.56115107913669	-1.40287769784173
			8.59712230215827	-1.40287769784173
			8.63309352517986	-1.43884892086331
			8.66906474820144	-1.43884892086331
			8.70503597122302	-1.47482014388489
			8.7410071942446	-1.47482014388489
			8.77697841726619	-1.51079136690647
			8.81294964028777	-1.51079136690647
			8.81294964028777	-1.54676258992806
			8.84892086330935	-1.54676258992806
			8.88489208633093	-1.54676258992806
			8.92086330935252	-1.58273381294964
			8.9568345323741	-1.58273381294964
			8.9568345323741	-1.61870503597122
			8.99280575539568	-1.61870503597122
			9.02877697841727	-1.61870503597122
			9.06474820143885	-1.65467625899281
			9.10071942446043	-1.69064748201439
			9.13669064748201	-1.69064748201439
			9.1726618705036	-1.72661870503597
			9.20863309352518	-1.72661870503597
			9.24460431654676	-1.76258992805755
			9.28057553956834	-1.79856115107914
			9.31654676258993	-1.79856115107914
			9.35251798561151	-1.83453237410072
			9.38848920863309	-1.83453237410072
			9.38848920863309	-1.8705035971223
			9.42446043165468	-1.90647482014388
			9.46043165467626	-1.90647482014388
			9.49640287769784	-1.94244604316547
			9.53237410071942	-1.94244604316547
			9.56834532374101	-1.97841726618705
			9.60431654676259	-2.01438848920863
			9.64028776978417	-2.01438848920863
			9.67625899280575	-2.05035971223022
			9.71223021582734	-2.0863309352518
			9.74820143884892	-2.0863309352518
			9.74820143884892	-2.12230215827338
			9.7841726618705	-2.15827338129496
			9.82014388489209	-2.15827338129496
			9.85611510791367	-2.19424460431655
			9.89208633093525	-2.23021582733813
			9.92805755395683	-2.23021582733813
			9.96402877697842	-2.26618705035971
			10	-2.30215827338129
			10.0359712230216	-2.33812949640288
			10.0719424460432	-2.37410071942446
			10.1079136690647	-2.41007194244604
			10.1438848920863	-2.44604316546763
			10.1798561151079	-2.48201438848921
			10.2158273381295	-2.48201438848921
			10.2517985611511	-2.51798561151079
			10.2517985611511	-2.55395683453237
			10.2877697841727	-2.55395683453237
			10.3237410071942	-2.58992805755396
			10.3597122302158	-2.62589928057554
			10.3956834532374	-2.66187050359712
			10.431654676259	-2.69784172661871
			10.4676258992806	-2.73381294964029
			10.5035971223022	-2.76978417266187
			10.5395683453237	-2.76978417266187
			10.5395683453237	-2.80575539568345
			10.5755395683453	-2.84172661870504
			10.6115107913669	-2.87769784172662
			10.6474820143885	-2.87769784172662
			10.6474820143885	-2.9136690647482
			10.6834532374101	-2.94964028776978
			10.7194244604317	-2.98561151079137
			10.7553956834532	-3.02158273381295
			10.7553956834532	-3.05755395683453
			10.7913669064748	-3.09352517985611
			10.7913669064748	-3.1294964028777
			10.8273381294964	-3.16546762589928
			10.8273381294964	-3.20143884892086
			10.863309352518	-3.23741007194245
			10.863309352518	-3.27338129496403
			10.8992805755396	-3.30935251798561
			10.9352517985612	-3.34532374100719
			10.9352517985612	-3.38129496402878
			10.9712230215827	-3.41726618705036
			11.0071942446043	-3.45323741007194
			11.0071942446043	-3.48920863309352
			11.0431654676259	-3.52517985611511
			11.0431654676259	-3.56115107913669
			11.0791366906475	-3.56115107913669
			11.0791366906475	-3.59712230215827
			11.1151079136691	-3.63309352517986
			11.1151079136691	-3.66906474820144
			11.1510791366906	-3.66906474820144
			11.1510791366906	-3.70503597122302
			11.1870503597122	-3.7410071942446
			11.2230215827338	-3.77697841726619
			11.2589928057554	-3.81294964028777
			11.294964028777	-3.84892086330935
			11.294964028777	-3.88489208633094
			11.3309352517986	-3.92086330935252
			11.3669064748201	-3.9568345323741
			11.4028776978417	-3.99280575539568
			11.4028776978417	-4.02877697841727
			11.4388489208633	-4.06474820143885
			11.4748201438849	-4.10071942446043
			11.5107913669065	-4.13669064748201
			11.5467625899281	-4.1726618705036
			11.5827338129496	-4.20863309352518
			11.6187050359712	-4.24460431654676
			11.6546762589928	-4.28057553956835
			11.6906474820144	-4.31654676258993
			11.726618705036	-4.35251798561151
			11.7625899280576	-4.38848920863309
			11.7985611510791	-4.42446043165468
			11.7985611510791	-4.46043165467626
			11.8345323741007	-4.49640287769784
			11.8705035971223	-4.53237410071942
			11.9064748201439	-4.56834532374101
			11.9424460431655	-4.60431654676259
			11.978417266187	-4.64028776978417
			12.0143884892086	-4.64028776978417
			12.0503597122302	-4.67625899280575
			12.0863309352518	-4.67625899280575
			12.1223021582734	-4.71223021582734
			12.158273381295	-4.71223021582734
			12.1942446043165	-4.74820143884892
			12.2302158273381	-4.74820143884892
			12.2661870503597	-4.7841726618705
			12.3021582733813	-4.7841726618705
		</suture>
		<anterior type=matrix rownames=FALSE colnames=FALSE nrow=271 ncol=2 as.numeric=TRUE >
			6.97841726618705	-0.971223021582734
			7.01438848920863	-0.971223021582734
			7.05035971223022	-0.971223021582734
			7.0863309352518	-0.971223021582734
			7.12230215827338	-0.971223021582734
			7.15827338129496	-0.971223021582734
			7.19424460431655	-0.971223021582734
			7.23021582733813	-0.971223021582734
			7.26618705035971	-1.00719424460432
			7.30215827338129	-1.00719424460432
			7.33812949640288	-1.00719424460432
			7.37410071942446	-1.00719424460432
			7.41007194244604	-1.00719424460432
			7.44604316546763	-1.00719424460432
			7.48201438848921	-1.00719424460432
			7.51798561151079	-1.00719424460432
			7.51798561151079	-1.0431654676259
			7.55395683453237	-1.0431654676259
			7.58992805755396	-1.0431654676259
			7.62589928057554	-1.0431654676259
			7.66187050359712	-1.0431654676259
			7.66187050359712	-1.07913669064748
			7.69784172661871	-1.07913669064748
			7.73381294964029	-1.07913669064748
			7.76978417266187	-1.07913669064748
			7.80575539568345	-1.07913669064748
			7.80575539568345	-1.11510791366906
			7.84172661870504	-1.11510791366906
			7.87769784172662	-1.11510791366906
			7.9136690647482	-1.11510791366906
			7.94964028776978	-1.15107913669065
			7.98561151079137	-1.15107913669065
			8.02158273381295	-1.15107913669065
			8.05755395683453	-1.18705035971223
			8.09352517985612	-1.18705035971223
			8.1294964028777	-1.22302158273381
			8.16546762589928	-1.22302158273381
			8.20143884892086	-1.22302158273381
			8.23741007194245	-1.2589928057554
			8.27338129496403	-1.2589928057554
			8.30935251798561	-1.2589928057554
			8.34532374100719	-1.29496402877698
			8.38129496402878	-1.29496402877698
			8.41726618705036	-1.33093525179856
			8.45323741007194	-1.33093525179856
			8.48920863309353	-1.33093525179856
			8.52517985611511	-1.36690647482014
			8.56115107913669	-1.40287769784173
			8.59712230215827	-1.40287769784173
			8.63309352517986	-1.40287769784173
			8.66906474820144	-1.43884892086331
			8.70503597122302	-1.43884892086331
			8.7410071942446	-1.47482014388489
			8.77697841726619	-1.47482014388489
			8.81294964028777	-1.51079136690647
			8.84892086330935	-1.51079136690647
			8.88489208633093	-1.54676258992806
			8.92086330935252	-1.58273381294964
			8.9568345323741	-1.58273381294964
			8.99280575539568	-1.61870503597122
			9.02877697841727	-1.61870503597122
			9.06474820143885	-1.65467625899281
			9.10071942446043	-1.65467625899281
			9.13669064748201	-1.69064748201439
			9.1726618705036	-1.69064748201439
			9.20863309352518	-1.72661870503597
			9.24460431654676	-1.72661870503597
			9.28057553956834	-1.76258992805755
			9.31654676258993	-1.79856115107914
			9.35251798561151	-1.79856115107914
			9.35251798561151	-1.83453237410072
			9.38848920863309	-1.83453237410072
			9.42446043165468	-1.8705035971223
			9.46043165467626	-1.90647482014388
			9.49640287769784	-1.90647482014388
			9.53237410071942	-1.94244604316547
			9.56834532374101	-1.94244604316547
			9.60431654676259	-1.97841726618705
			9.64028776978417	-2.01438848920863
			9.67625899280575	-2.05035971223022
			9.71223021582734	-2.0863309352518
			9.74820143884892	-2.0863309352518
			9.7841726618705	-2.12230215827338
			9.82014388489209	-2.15827338129496
			9.85611510791367	-2.19424460431655
			9.89208633093525	-2.19424460431655
			9.92805755395683	-2.23021582733813
			9.96402877697842	-2.26618705035971
			10	-2.30215827338129
			10.0359712230216	-2.30215827338129
			10.0719424460432	-2.33812949640288
			10.1079136690647	-2.37410071942446
			10.1438848920863	-2.41007194244604
			10.1798561151079	-2.44604316546763
			10.2158273381295	-2.48201438848921
			10.2517985611511	-2.51798561151079
			10.2877697841727	-2.55395683453237
			10.3237410071942	-2.58992805755396
			10.3597122302158	-2.62589928057554
			10.3956834532374	-2.66187050359712
			10.431654676259	-2.69784172661871
			10.4676258992806	-2.73381294964029
			10.5035971223022	-2.76978417266187
			10.5035971223022	-2.80575539568345
			10.5395683453237	-2.84172661870504
			10.5755395683453	-2.84172661870504
			10.6115107913669	-2.87769784172662
			10.6474820143885	-2.9136690647482
			10.6474820143885	-2.94964028776978
			10.6834532374101	-2.98561151079137
			10.7194244604317	-3.02158273381295
			10.7553956834532	-3.05755395683453
			10.7913669064748	-3.09352517985611
			10.8273381294964	-3.1294964028777
			10.8273381294964	-3.16546762589928
			10.863309352518	-3.20143884892086
			10.8992805755396	-3.23741007194245
			10.9352517985612	-3.27338129496403
			10.9712230215827	-3.27338129496403
			11.0071942446043	-3.30935251798561
			11.0071942446043	-3.34532374100719
			11.0431654676259	-3.38129496402878
			11.0791366906475	-3.41726618705036
			11.1151079136691	-3.45323741007194
			11.1151079136691	-3.48920863309352
			11.1510791366906	-3.48920863309352
			11.1510791366906	-3.52517985611511
			11.1870503597122	-3.56115107913669
			11.2230215827338	-3.59712230215827
			11.2589928057554	-3.63309352517986
			11.294964028777	-3.66906474820144
			11.3309352517986	-3.70503597122302
			11.3309352517986	-3.7410071942446
			11.3669064748201	-3.77697841726619
			11.4028776978417	-3.77697841726619
			11.4028776978417	-3.81294964028777
			11.4388489208633	-3.84892086330935
			11.4748201438849	-3.88489208633094
			11.4748201438849	-3.92086330935252
			11.5107913669065	-3.92086330935252
			11.5467625899281	-3.9568345323741
			11.5467625899281	-3.99280575539568
			11.5827338129496	-4.02877697841727
			11.6187050359712	-4.06474820143885
			11.6546762589928	-4.10071942446043
			11.6906474820144	-4.13669064748201
			11.726618705036	-4.1726618705036
			11.7625899280576	-4.20863309352518
			11.7985611510791	-4.24460431654676
			11.8345323741007	-4.28057553956835
			11.8705035971223	-4.31654676258993
			11.9064748201439	-4.35251798561151
			11.9424460431655	-4.38848920863309
			11.978417266187	-4.42446043165468
			12.0143884892086	-4.46043165467626
			12.0503597122302	-4.49640287769784
			12.0863309352518	-4.53237410071942
			12.0863309352518	-4.56834532374101
			12.1223021582734	-4.60431654676259
			12.158273381295	-4.64028776978417
			12.1942446043165	-4.67625899280575
			12.2302158273381	-4.67625899280575
			12.2661870503597	-4.71223021582734
			12.3021582733813	-4.74820143884892
			12.3381294964029	-4.7841726618705
			12.3381294964029	-4.82014388489209
			12.3741007194245	-4.82014388489209
			12.3741007194245	-4.85611510791367
			12.410071942446	-4.89208633093525
			12.4460431654676	-4.89208633093525
			12.4460431654676	-4.92805755395683
			12.4820143884892	-4.92805755395683
			12.5179856115108	-4.96402877697842
			12.5179856115108	-5
			12.5539568345324	-5
			12.5539568345324	-5.03597122302158
			12.589928057554	-5.07194244604317
			12.6258992805755	-5.07194244604317
			12.6258992805755	-5.10791366906475
			12.6618705035971	-5.14388489208633
			12.6978417266187	-5.14388489208633
			12.6978417266187	-5.17985611510791
			12.7338129496403	-5.2158273381295
			12.7697841726619	-5.25179856115108
			12.8057553956835	-5.28776978417266
			12.841726618705	-5.32374100719424
			12.841726618705	-5.35971223021583
			12.8776978417266	-5.39568345323741
			12.8776978417266	-5.43165467625899
			12.9136690647482	-5.46762589928058
			12.9136690647482	-5.50359712230216
			12.9496402877698	-5.53956834532374
			12.9496402877698	-5.57553956834532
			12.9856115107914	-5.61151079136691
			12.9856115107914	-5.64748201438849
			12.9856115107914	-5.68345323741007
			13.0215827338129	-5.71942446043165
			13.0215827338129	-5.75539568345324
			13.0215827338129	-5.79136690647482
			13.0575539568345	-5.8273381294964
			13.0575539568345	-5.86330935251799
			13.0575539568345	-5.89928057553957
			13.0935251798561	-5.93525179856115
			13.0935251798561	-5.97122302158273
			13.0935251798561	-6.00719424460432
			13.0935251798561	-6.0431654676259
			13.1294964028777	-6.07913669064748
			13.1294964028777	-6.11510791366906
			13.1294964028777	-6.15107913669065
			13.1294964028777	-6.18705035971223
			13.1294964028777	-6.22302158273381
			13.1294964028777	-6.2589928057554
			13.1294964028777	-6.29496402877698
			13.1654676258993	-6.33093525179856
			13.1654676258993	-6.36690647482014
			13.1654676258993	-6.40287769784173
			13.1654676258993	-6.43884892086331
			13.1654676258993	-6.47482014388489
			13.1654676258993	-6.51079136690647
			13.1654676258993	-6.54676258992806
			13.1654676258993	-6.58273381294964
			13.1654676258993	-6.61870503597122
			13.1654676258993	-6.65467625899281
			13.1654676258993	-6.69064748201439
			13.1654676258993	-6.72661870503597
			13.1654676258993	-6.76258992805755
			13.1654676258993	-6.79856115107914
			13.1654676258993	-6.83453237410072
			13.1294964028777	-6.8705035971223
			13.1294964028777	-6.90647482014388
			13.1294964028777	-6.94244604316547
			13.1294964028777	-6.97841726618705
			13.1294964028777	-7.01438848920863
			13.1294964028777	-7.05035971223022
			13.1294964028777	-7.0863309352518
			13.0935251798561	-7.12230215827338
			13.0935251798561	-7.15827338129496
			13.0935251798561	-7.19424460431655
			13.0935251798561	-7.23021582733813
			13.0935251798561	-7.26618705035971
			13.0935251798561	-7.30215827338129
			13.0575539568345	-7.33812949640288
			13.0575539568345	-7.37410071942446
			13.0575539568345	-7.41007194244604
			13.0575539568345	-7.44604316546763
			13.0215827338129	-7.48201438848921
			13.0215827338129	-7.51798561151079
			13.0215827338129	-7.55395683453237
			12.9856115107914	-7.58992805755396
			12.9856115107914	-7.62589928057554
			12.9856115107914	-7.66187050359712
			12.9856115107914	-7.69784172661871
			12.9496402877698	-7.73381294964029
			12.9496402877698	-7.76978417266187
			12.9136690647482	-7.80575539568345
			12.9136690647482	-7.84172661870504
			12.8776978417266	-7.87769784172662
			12.841726618705	-7.9136690647482
			12.8057553956835	-7.94964028776978
			12.7697841726619	-7.98561151079137
			12.7338129496403	-8.02158273381295
			12.6978417266187	-8.05755395683453
			12.6618705035971	-8.05755395683453
			12.6618705035971	-8.09352517985612
			12.6258992805755	-8.1294964028777
			12.589928057554	-8.1294964028777
			12.5539568345324	-8.16546762589928
			12.5539568345324	-8.20143884892086
			12.5179856115108	-8.20143884892086
			12.4820143884892	-8.23741007194245
			12.4460431654676	-8.27338129496403
		</anterior>
		<posterior type=matrix rownames=FALSE colnames=FALSE nrow=158 ncol=2 as.numeric=TRUE >
			6.97841726618705	-8.30935251798561
			7.01438848920863	-8.30935251798561
			7.05035971223022	-8.34532374100719
			7.0863309352518	-8.34532374100719
			7.12230215827338	-8.34532374100719
			7.15827338129496	-8.38129496402878
			7.19424460431655	-8.38129496402878
			7.23021582733813	-8.38129496402878
			7.26618705035971	-8.38129496402878
			7.30215827338129	-8.38129496402878
			7.33812949640288	-8.41726618705036
			7.37410071942446	-8.41726618705036
			7.41007194244604	-8.41726618705036
			7.44604316546763	-8.41726618705036
			7.48201438848921	-8.41726618705036
			7.48201438848921	-8.45323741007194
			7.51798561151079	-8.45323741007194
			7.55395683453237	-8.45323741007194
			7.58992805755396	-8.45323741007194
			7.62589928057554	-8.45323741007194
			7.66187050359712	-8.45323741007194
			7.69784172661871	-8.48920863309353
			7.73381294964029	-8.48920863309353
			7.76978417266187	-8.48920863309353
			7.80575539568345	-8.48920863309353
			7.84172661870504	-8.48920863309353
			7.87769784172662	-8.48920863309353
			7.9136690647482	-8.48920863309353
			7.94964028776978	-8.52517985611511
			7.98561151079137	-8.52517985611511
			8.02158273381295	-8.52517985611511
			8.05755395683453	-8.52517985611511
			8.09352517985612	-8.56115107913669
			8.1294964028777	-8.56115107913669
			8.16546762589928	-8.56115107913669
			8.20143884892086	-8.56115107913669
			8.23741007194245	-8.56115107913669
			8.27338129496403	-8.56115107913669
			8.30935251798561	-8.56115107913669
			8.34532374100719	-8.56115107913669
			8.38129496402878	-8.52517985611511
			8.41726618705036	-8.52517985611511
			8.45323741007194	-8.48920863309353
			8.48920863309353	-8.48920863309353
			8.52517985611511	-8.45323741007194
			8.56115107913669	-8.45323741007194
			8.59712230215827	-8.41726618705036
			8.63309352517986	-8.38129496402878
			8.66906474820144	-8.38129496402878
			8.70503597122302	-8.34532374100719
			8.7410071942446	-8.30935251798561
			8.77697841726619	-8.30935251798561
			8.77697841726619	-8.27338129496403
			8.81294964028777	-8.27338129496403
			8.84892086330935	-8.23741007194245
			8.88489208633093	-8.20143884892086
			8.92086330935252	-8.16546762589928
			8.9568345323741	-8.16546762589928
			8.99280575539568	-8.16546762589928
			9.02877697841727	-8.20143884892086
			9.06474820143885	-8.20143884892086
			9.10071942446043	-8.20143884892086
			9.13669064748201	-8.20143884892086
			9.1726618705036	-8.20143884892086
			9.20863309352518	-8.20143884892086
			9.24460431654676	-8.20143884892086
			9.28057553956834	-8.20143884892086
			9.31654676258993	-8.23741007194245
			9.35251798561151	-8.23741007194245
			9.38848920863309	-8.23741007194245
			9.42446043165468	-8.23741007194245
			9.46043165467626	-8.23741007194245
			9.49640287769784	-8.23741007194245
			9.53237410071942	-8.23741007194245
			9.56834532374101	-8.23741007194245
			9.60431654676259	-8.23741007194245
			9.64028776978417	-8.23741007194245
			9.67625899280575	-8.23741007194245
			9.71223021582734	-8.23741007194245
			9.74820143884892	-8.23741007194245
			9.7841726618705	-8.23741007194245
			9.82014388489209	-8.23741007194245
			9.85611510791367	-8.23741007194245
			9.89208633093525	-8.23741007194245
			9.92805755395683	-8.23741007194245
			9.96402877697842	-8.23741007194245
			10	-8.23741007194245
			10.0359712230216	-8.23741007194245
			10.0719424460432	-8.23741007194245
			10.1079136690647	-8.23741007194245
			10.1438848920863	-8.23741007194245
			10.1798561151079	-8.23741007194245
			10.2158273381295	-8.23741007194245
			10.2517985611511	-8.23741007194245
			10.2877697841727	-8.23741007194245
			10.3237410071942	-8.23741007194245
			10.3597122302158	-8.23741007194245
			10.3956834532374	-8.23741007194245
			10.431654676259	-8.23741007194245
			10.4676258992806	-8.23741007194245
			10.5035971223022	-8.23741007194245
			10.5395683453237	-8.23741007194245
			10.5755395683453	-8.23741007194245
			10.6115107913669	-8.27338129496403
			10.6474820143885	-8.27338129496403
			10.6834532374101	-8.27338129496403
			10.7194244604317	-8.27338129496403
			10.7553956834532	-8.30935251798561
			10.7913669064748	-8.30935251798561
			10.8273381294964	-8.30935251798561
			10.863309352518	-8.30935251798561
			10.8992805755396	-8.30935251798561
			10.9352517985612	-8.34532374100719
			10.9712230215827	-8.34532374100719
			11.0071942446043	-8.34532374100719
			11.0431654676259	-8.34532374100719
			11.0791366906475	-8.38129496402878
			11.1151079136691	-8.38129496402878
			11.1510791366906	-8.38129496402878
			11.1870503597122	-8.38129496402878
			11.2230215827338	-8.38129496402878
			11.2589928057554	-8.38129496402878
			11.294964028777	-8.38129496402878
			11.294964028777	-8.41726618705036
			11.3309352517986	-8.41726618705036
			11.3669064748201	-8.41726618705036
			11.4028776978417	-8.41726618705036
			11.4388489208633	-8.41726618705036
			11.4748201438849	-8.41726618705036
			11.5107913669065	-8.41726618705036
			11.5467625899281	-8.41726618705036
			11.5827338129496	-8.41726618705036
			11.6187050359712	-8.45323741007194
			11.6546762589928	-8.45323741007194
			11.6906474820144	-8.45323741007194
			11.726618705036	-8.45323741007194
			11.7625899280576	-8.45323741007194
			11.7985611510791	-8.45323741007194
			11.8345323741007	-8.45323741007194
			11.8705035971223	-8.45323741007194
			11.9064748201439	-8.45323741007194
			11.9424460431655	-8.45323741007194
			11.978417266187	-8.45323741007194
			12.0143884892086	-8.41726618705036
			12.0503597122302	-8.41726618705036
			12.0863309352518	-8.41726618705036
			12.1223021582734	-8.41726618705036
			12.158273381295	-8.41726618705036
			12.1942446043165	-8.41726618705036
			12.1942446043165	-8.38129496402878
			12.2302158273381	-8.38129496402878
			12.2661870503597	-8.38129496402878
			12.3021582733813	-8.38129496402878
			12.3021582733813	-8.34532374100719
			12.3381294964029	-8.34532374100719
			12.3741007194245	-8.30935251798561
			12.410071942446	-8.30935251798561
			12.4460431654676	-8.27338129496403
		</posterior>
	</curves.scaled>
	<ruler.points type=matrix rownames=TRUE colnames=FALSE nrow=2 ncol=2 as.numeric=TRUE >
		Ruler point 1	220	259
		Ruler point 2	359	259
	</ruler.points>
</shapes>

