<shapes type=list>
	<ruler.pixel type=vector names=FALSE length=1 as.numeric=TRUE >64.007812023221</ruler.pixel>
	<ruler.interval type=vector names=FALSE length=1 as.numeric=TRUE >3</ruler.interval>
	<scaling.units type=vector names=FALSE length=1 as.numeric=FALSE >mm</scaling.units>
	<scaling type=vector names=FALSE length=1 as.numeric=TRUE >0.0468692790016263</scaling>
	<landmarks.pixel type=matrix rownames=TRUE colnames=FALSE nrow=16 ncol=2 as.numeric=TRUE >
		LM1	133	187
		LM2	133	187
		LM3	133	299
		LM4	133	318
		LM5	192	218
		LM6	161	306
		LM7	163	314
		LM8	190	227
		LM9	195	270
		LM10	133	187
		LM11	221	257
		LM12	233	260
		LM13	133	187
		LM14	217	250
		LM15	219	315
		LM16	219	315
	</landmarks.pixel>
	<landmarks.scaled type=matrix rownames=TRUE colnames=FALSE nrow=16 ncol=2 as.numeric=TRUE >
		LM1	6.2336141072163	-8.76455517330413
		LM2	6.2336141072163	-8.76455517330413
		LM3	6.2336141072163	-14.0139144214863
		LM4	6.2336141072163	-14.9044307225172
		LM5	8.99890156831226	-10.2175028223545
		LM6	7.54595391926184	-14.3419993744977
		LM7	7.63969247726509	-14.7169536065107
		LM8	8.90516301030901	-10.6393263333692
		LM9	9.13950940531714	-12.6547053304391
		LM10	6.2336141072163	-8.76455517330413
		LM11	10.3581106593594	-12.045404703418
		LM12	10.9205420073789	-12.1860125404228
		LM13	6.2336141072163	-8.76455517330413
		LM14	10.1706335433529	-11.7173197504066
		LM15	10.2643721013562	-14.7638228855123
		LM16	10.2643721013562	-14.7638228855123
	</landmarks.scaled>
	<curves.control type=list>
		<glabella type=matrix rownames=FALSE colnames=FALSE nrow=15 ncol=2 as.numeric=TRUE >
			133	187
			146	188
			159	191
			182	196
			190	212
			195	217
			189	224
			186	230
			186	235
			180	251
			158	286
			163	293
			160	305
			163	307
			163	314
		</glabella>
		<suture type=matrix rownames=FALSE colnames=FALSE nrow=19 ncol=2 as.numeric=TRUE >
			133	187
			177	189
			190	212
			195	217
			189	224
			188	228
			190	227
			205	232
			208	253
			208	266
			194	269
			190	271
			194	273
			203	277
			213	266
			218	261
			221	257
			227	256
			233	260
		</suture>
		<anterior type=matrix rownames=FALSE colnames=FALSE nrow=9 ncol=2 as.numeric=TRUE >
			133	187
			146	188
			159	191
			166	192
			177	198
			198	202
			226	237
			248	296
			219	315
		</anterior>
		<posterior type=matrix rownames=FALSE colnames=FALSE nrow=9 ncol=2 as.numeric=TRUE >
			133	318
			142	319
			152	318
			158	317
			163	314
			173	316
			204	317
			213	318
			219	315
		</posterior>
	</curves.control>
	<curves.pixel type=list>
		<glabella type=matrix rownames=FALSE colnames=FALSE nrow=171 ncol=2 as.numeric=TRUE >
			133	187
			134	187
			135	187
			136	187
			137	187
			138	187
			139	188
			140	188
			141	188
			142	188
			143	188
			144	188
			145	188
			146	189
			147	189
			148	189
			149	189
			150	189
			151	189
			152	190
			153	190
			154	190
			155	190
			156	190
			157	190
			157	191
			158	191
			159	191
			160	191
			161	191
			162	192
			163	192
			164	192
			165	193
			166	193
			167	193
			168	194
			169	194
			170	194
			171	195
			172	195
			173	196
			174	196
			175	197
			176	197
			177	198
			178	199
			179	199
			180	200
			181	201
			182	201
			182	202
			183	203
			184	203
			185	204
			185	205
			186	206
			187	207
			188	208
			189	209
			189	210
			190	211
			190	212
			191	213
			192	214
			192	215
			192	216
			192	217
			192	218
			192	219
			192	220
			191	221
			190	222
			190	223
			189	224
			188	225
			188	226
			187	227
			187	228
			187	229
			187	230
			186	231
			186	232
			186	233
			186	234
			186	235
			186	236
			185	237
			185	238
			184	239
			184	240
			184	241
			183	241
			183	242
			183	243
			182	243
			182	244
			182	245
			181	246
			180	247
			180	248
			179	249
			179	250
			178	251
			178	252
			177	253
			177	254
			177	255
			176	255
			176	256
			175	257
			175	258
			174	259
			174	260
			173	261
			173	262
			172	262
			172	263
			171	264
			171	265
			170	266
			170	267
			169	268
			169	269
			168	270
			167	271
			167	272
			166	273
			166	274
			165	275
			164	276
			164	277
			163	278
			163	279
			162	280
			161	281
			161	282
			160	283
			159	284
			159	285
			158	286
			159	287
			159	288
			160	289
			160	290
			160	291
			161	292
			161	293
			161	294
			161	295
			161	296
			161	297
			161	298
			161	299
			161	300
			161	301
			161	302
			160	303
			160	304
			160	305
			161	305
			161	306
			161	307
			162	307
			162	308
			162	309
			163	310
			163	311
			163	312
			163	313
			163	314
		</glabella>
		<suture type=matrix rownames=FALSE colnames=FALSE nrow=180 ncol=2 as.numeric=TRUE >
			133	187
			134	187
			135	187
			136	187
			137	187
			138	187
			139	187
			140	187
			140	188
			141	188
			142	188
			143	188
			144	188
			145	188
			146	188
			147	188
			148	188
			149	189
			150	189
			151	189
			152	189
			153	189
			154	190
			155	190
			156	190
			157	190
			158	191
			159	191
			160	191
			161	191
			162	192
			163	192
			164	192
			165	193
			166	193
			167	193
			168	194
			169	194
			170	195
			171	195
			172	196
			173	196
			174	197
			175	197
			176	198
			177	198
			178	199
			179	200
			180	201
			181	201
			182	202
			183	203
			184	204
			185	205
			186	206
			187	207
			188	208
			188	209
			189	210
			190	211
			190	212
			191	213
			191	214
			192	215
			192	216
			192	217
			192	218
			192	219
			191	220
			191	221
			191	222
			190	223
			189	224
			189	225
			189	226
			189	227
			190	227
			191	227
			192	228
			193	228
			194	229
			195	229
			196	230
			197	230
			197	231
			198	232
			199	232
			200	233
			200	234
			201	234
			201	235
			202	236
			203	237
			203	238
			204	239
			204	240
			205	241
			205	242
			206	243
			206	244
			206	245
			207	246
			207	247
			207	248
			207	249
			207	250
			208	250
			208	251
			208	252
			208	253
			208	254
			208	255
			208	256
			208	257
			207	258
			207	259
			207	260
			206	261
			206	262
			205	263
			204	264
			203	265
			202	266
			201	266
			200	267
			199	268
			198	268
			197	268
			196	268
			195	269
			194	269
			193	270
			192	270
			192	271
			192	272
			193	272
			194	273
			195	273
			196	274
			197	274
			198	274
			199	274
			200	274
			201	274
			202	274
			203	273
			204	273
			205	273
			205	272
			206	272
			207	271
			208	271
			208	270
			209	270
			210	269
			211	268
			212	267
			213	266
			214	265
			215	264
			216	263
			217	262
			218	261
			218	260
			219	259
			220	259
			220	258
			221	257
			222	257
			223	257
			224	257
			225	257
			226	257
			227	257
			228	257
			229	258
			230	258
			231	259
			232	259
			233	260
		</suture>
		<anterior type=matrix rownames=FALSE colnames=FALSE nrow=177 ncol=2 as.numeric=TRUE >
			133	187
			134	187
			135	187
			136	187
			137	187
			138	187
			139	188
			140	188
			141	188
			142	188
			143	188
			144	188
			145	188
			146	189
			147	189
			148	189
			149	189
			150	189
			151	189
			152	190
			153	190
			154	190
			155	190
			156	190
			157	191
			158	191
			159	191
			160	191
			161	191
			162	192
			163	192
			164	192
			165	193
			166	193
			167	193
			168	194
			169	194
			170	195
			171	195
			172	195
			173	196
			174	197
			175	197
			176	198
			177	198
			178	198
			179	198
			180	199
			181	199
			182	199
			183	200
			184	200
			185	201
			186	201
			187	201
			188	202
			189	203
			190	203
			191	204
			192	204
			193	205
			194	206
			195	206
			196	207
			197	208
			198	209
			199	209
			200	210
			201	211
			202	212
			203	213
			204	213
			205	214
			206	215
			206	216
			207	216
			208	217
			209	218
			210	219
			211	219
			211	220
			212	221
			213	222
			214	223
			215	224
			216	225
			216	226
			217	227
			218	228
			219	229
			220	230
			221	231
			222	232
			222	233
			223	234
			224	235
			225	236
			226	237
			226	238
			227	239
			227	240
			228	241
			228	242
			228	243
			229	244
			229	245
			229	246
			229	247
			230	248
			230	249
			230	250
			231	251
			231	252
			231	253
			231	254
			232	255
			232	256
			232	257
			233	258
			233	259
			233	260
			233	261
			233	262
			234	263
			234	264
			234	265
			234	266
			234	267
			235	268
			235	269
			235	270
			235	271
			235	272
			235	273
			235	274
			235	275
			235	276
			235	277
			235	278
			235	279
			235	280
			235	281
			235	282
			235	283
			235	284
			235	285
			235	286
			235	287
			235	288
			235	289
			235	290
			235	291
			234	292
			234	293
			234	294
			234	295
			233	296
			233	297
			233	298
			232	299
			232	300
			231	301
			231	302
			230	303
			230	304
			229	305
			228	306
			228	307
			227	308
			226	309
			225	310
			224	311
			223	312
			222	313
			221	314
			220	315
			219	315
		</anterior>
		<posterior type=matrix rownames=FALSE colnames=FALSE nrow=88 ncol=2 as.numeric=TRUE >
			133	318
			134	318
			135	318
			136	318
			137	318
			138	318
			139	318
			140	318
			141	318
			142	318
			143	318
			144	318
			145	318
			146	318
			147	318
			148	318
			149	318
			150	318
			151	318
			152	318
			153	318
			154	318
			155	317
			156	317
			157	317
			158	316
			159	316
			160	316
			161	315
			162	315
			163	314
			164	314
			165	314
			166	315
			167	315
			168	315
			169	315
			170	315
			171	315
			172	315
			173	315
			174	315
			175	315
			175	316
			176	316
			177	316
			178	316
			179	316
			180	316
			181	316
			182	316
			183	316
			184	316
			185	316
			186	316
			187	316
			188	316
			189	316
			190	316
			191	316
			192	317
			193	317
			194	317
			195	317
			196	317
			197	317
			198	317
			199	317
			200	317
			201	317
			202	317
			203	317
			204	317
			205	317
			206	317
			207	317
			208	317
			209	317
			210	317
			211	317
			212	317
			213	317
			214	317
			215	317
			216	316
			217	316
			218	315
			219	315
		</posterior>
	</curves.pixel>
	<curves.scaled type=list>
		<glabella type=matrix rownames=FALSE colnames=FALSE nrow=171 ncol=2 as.numeric=TRUE >
			6.2336141072163	-8.76455517330413
			6.28048338621793	-8.76455517330413
			6.32735266521956	-8.76455517330413
			6.37422194422118	-8.76455517330413
			6.42109122322281	-8.76455517330413
			6.46796050222444	-8.76455517330413
			6.51482978122606	-8.81142445230575
			6.56169906022769	-8.81142445230575
			6.60856833922931	-8.81142445230575
			6.65543761823094	-8.81142445230575
			6.70230689723257	-8.81142445230575
			6.74917617623419	-8.81142445230575
			6.79604545523582	-8.81142445230575
			6.84291473423745	-8.85829373130738
			6.88978401323907	-8.85829373130738
			6.9366532922407	-8.85829373130738
			6.98352257124233	-8.85829373130738
			7.03039185024395	-8.85829373130738
			7.07726112924558	-8.85829373130738
			7.1241304082472	-8.90516301030901
			7.17099968724883	-8.90516301030901
			7.21786896625046	-8.90516301030901
			7.26473824525208	-8.90516301030901
			7.31160752425371	-8.90516301030901
			7.35847680325534	-8.90516301030901
			7.35847680325534	-8.95203228931063
			7.40534608225696	-8.95203228931063
			7.45221536125859	-8.95203228931063
			7.49908464026022	-8.95203228931063
			7.54595391926184	-8.95203228931063
			7.59282319826347	-8.99890156831226
			7.63969247726509	-8.99890156831226
			7.68656175626672	-8.99890156831226
			7.73343103526835	-9.04577084731388
			7.78030031426997	-9.04577084731388
			7.8271695932716	-9.04577084731388
			7.87403887227323	-9.09264012631551
			7.92090815127485	-9.09264012631551
			7.96777743027648	-9.09264012631551
			8.01464670927811	-9.13950940531714
			8.06151598827973	-9.13950940531714
			8.10838526728136	-9.18637868431876
			8.15525454628298	-9.18637868431876
			8.20212382528461	-9.23324796332039
			8.24899310428624	-9.23324796332039
			8.29586238328786	-9.28011724232202
			8.34273166228949	-9.32698652132364
			8.38960094129112	-9.32698652132364
			8.43647022029274	-9.37385580032527
			8.48333949929437	-9.42072507932689
			8.53020877829599	-9.42072507932689
			8.53020877829599	-9.46759435832852
			8.57707805729762	-9.51446363733015
			8.62394733629925	-9.51446363733015
			8.67081661530087	-9.56133291633178
			8.67081661530087	-9.6082021953334
			8.7176858943025	-9.65507147433503
			8.76455517330413	-9.70194075333665
			8.81142445230575	-9.74881003233828
			8.85829373130738	-9.79567931133991
			8.85829373130738	-9.84254859034153
			8.90516301030901	-9.88941786934316
			8.90516301030901	-9.93628714834479
			8.95203228931063	-9.98315642734641
			8.99890156831226	-10.030025706348
			8.99890156831226	-10.0768949853497
			8.99890156831226	-10.1237642643513
			8.99890156831226	-10.1706335433529
			8.99890156831226	-10.2175028223545
			8.99890156831226	-10.2643721013562
			8.99890156831226	-10.3112413803578
			8.95203228931063	-10.3581106593594
			8.90516301030901	-10.404979938361
			8.90516301030901	-10.4518492173627
			8.85829373130738	-10.4987184963643
			8.81142445230575	-10.5455877753659
			8.81142445230575	-10.5924570543676
			8.76455517330413	-10.6393263333692
			8.76455517330413	-10.6861956123708
			8.76455517330413	-10.7330648913724
			8.76455517330413	-10.7799341703741
			8.7176858943025	-10.8268034493757
			8.7176858943025	-10.8736727283773
			8.7176858943025	-10.9205420073789
			8.7176858943025	-10.9674112863806
			8.7176858943025	-11.0142805653822
			8.7176858943025	-11.0611498443838
			8.67081661530087	-11.1080191233854
			8.67081661530087	-11.1548884023871
			8.62394733629925	-11.2017576813887
			8.62394733629925	-11.2486269603903
			8.62394733629925	-11.2954962393919
			8.57707805729762	-11.2954962393919
			8.57707805729762	-11.3423655183936
			8.57707805729762	-11.3892347973952
			8.53020877829599	-11.3892347973952
			8.53020877829599	-11.4361040763968
			8.53020877829599	-11.4829733553985
			8.48333949929437	-11.5298426344001
			8.43647022029274	-11.5767119134017
			8.43647022029274	-11.6235811924033
			8.38960094129112	-11.670450471405
			8.38960094129112	-11.7173197504066
			8.34273166228949	-11.7641890294082
			8.34273166228949	-11.8110583084098
			8.29586238328786	-11.8579275874115
			8.29586238328786	-11.9047968664131
			8.29586238328786	-11.9516661454147
			8.24899310428624	-11.9516661454147
			8.24899310428624	-11.9985354244163
			8.20212382528461	-12.045404703418
			8.20212382528461	-12.0922739824196
			8.15525454628298	-12.1391432614212
			8.15525454628298	-12.1860125404228
			8.10838526728136	-12.2328818194245
			8.10838526728136	-12.2797510984261
			8.06151598827973	-12.2797510984261
			8.06151598827973	-12.3266203774277
			8.01464670927811	-12.3734896564294
			8.01464670927811	-12.420358935431
			7.96777743027648	-12.4672282144326
			7.96777743027648	-12.5140974934342
			7.92090815127485	-12.5609667724359
			7.92090815127485	-12.6078360514375
			7.87403887227323	-12.6547053304391
			7.8271695932716	-12.7015746094407
			7.8271695932716	-12.7484438884424
			7.78030031426997	-12.795313167444
			7.78030031426997	-12.8421824464456
			7.73343103526835	-12.8890517254472
			7.68656175626672	-12.9359210044489
			7.68656175626672	-12.9827902834505
			7.63969247726509	-13.0296595624521
			7.63969247726509	-13.0765288414538
			7.59282319826347	-13.1233981204554
			7.54595391926184	-13.170267399457
			7.54595391926184	-13.2171366784586
			7.49908464026022	-13.2640059574603
			7.45221536125859	-13.3108752364619
			7.45221536125859	-13.3577445154635
			7.40534608225696	-13.4046137944651
			7.45221536125859	-13.4514830734668
			7.45221536125859	-13.4983523524684
			7.49908464026022	-13.54522163147
			7.49908464026022	-13.5920909104716
			7.49908464026022	-13.6389601894733
			7.54595391926184	-13.6858294684749
			7.54595391926184	-13.7326987474765
			7.54595391926184	-13.7795680264781
			7.54595391926184	-13.8264373054798
			7.54595391926184	-13.8733065844814
			7.54595391926184	-13.920175863483
			7.54595391926184	-13.9670451424847
			7.54595391926184	-14.0139144214863
			7.54595391926184	-14.0607837004879
			7.54595391926184	-14.1076529794895
			7.54595391926184	-14.1545222584912
			7.49908464026022	-14.2013915374928
			7.49908464026022	-14.2482608164944
			7.49908464026022	-14.295130095496
			7.54595391926184	-14.295130095496
			7.54595391926184	-14.3419993744977
			7.54595391926184	-14.3888686534993
			7.59282319826347	-14.3888686534993
			7.59282319826347	-14.4357379325009
			7.59282319826347	-14.4826072115025
			7.63969247726509	-14.5294764905042
			7.63969247726509	-14.5763457695058
			7.63969247726509	-14.6232150485074
			7.63969247726509	-14.670084327509
			7.63969247726509	-14.7169536065107
		</glabella>
		<suture type=matrix rownames=FALSE colnames=FALSE nrow=180 ncol=2 as.numeric=TRUE >
			6.2336141072163	-8.76455517330413
			6.28048338621793	-8.76455517330413
			6.32735266521956	-8.76455517330413
			6.37422194422118	-8.76455517330413
			6.42109122322281	-8.76455517330413
			6.46796050222444	-8.76455517330413
			6.51482978122606	-8.76455517330413
			6.56169906022769	-8.76455517330413
			6.56169906022769	-8.81142445230575
			6.60856833922931	-8.81142445230575
			6.65543761823094	-8.81142445230575
			6.70230689723257	-8.81142445230575
			6.74917617623419	-8.81142445230575
			6.79604545523582	-8.81142445230575
			6.84291473423745	-8.81142445230575
			6.88978401323907	-8.81142445230575
			6.9366532922407	-8.81142445230575
			6.98352257124233	-8.85829373130738
			7.03039185024395	-8.85829373130738
			7.07726112924558	-8.85829373130738
			7.1241304082472	-8.85829373130738
			7.17099968724883	-8.85829373130738
			7.21786896625046	-8.90516301030901
			7.26473824525208	-8.90516301030901
			7.31160752425371	-8.90516301030901
			7.35847680325534	-8.90516301030901
			7.40534608225696	-8.95203228931063
			7.45221536125859	-8.95203228931063
			7.49908464026022	-8.95203228931063
			7.54595391926184	-8.95203228931063
			7.59282319826347	-8.99890156831226
			7.63969247726509	-8.99890156831226
			7.68656175626672	-8.99890156831226
			7.73343103526835	-9.04577084731388
			7.78030031426997	-9.04577084731388
			7.8271695932716	-9.04577084731388
			7.87403887227323	-9.09264012631551
			7.92090815127485	-9.09264012631551
			7.96777743027648	-9.13950940531714
			8.01464670927811	-9.13950940531714
			8.06151598827973	-9.18637868431876
			8.10838526728136	-9.18637868431876
			8.15525454628298	-9.23324796332039
			8.20212382528461	-9.23324796332039
			8.24899310428624	-9.28011724232202
			8.29586238328786	-9.28011724232202
			8.34273166228949	-9.32698652132364
			8.38960094129112	-9.37385580032527
			8.43647022029274	-9.42072507932689
			8.48333949929437	-9.42072507932689
			8.53020877829599	-9.46759435832852
			8.57707805729762	-9.51446363733015
			8.62394733629925	-9.56133291633178
			8.67081661530087	-9.6082021953334
			8.7176858943025	-9.65507147433503
			8.76455517330413	-9.70194075333665
			8.81142445230575	-9.74881003233828
			8.81142445230575	-9.79567931133991
			8.85829373130738	-9.84254859034153
			8.90516301030901	-9.88941786934316
			8.90516301030901	-9.93628714834479
			8.95203228931063	-9.98315642734641
			8.95203228931063	-10.030025706348
			8.99890156831226	-10.0768949853497
			8.99890156831226	-10.1237642643513
			8.99890156831226	-10.1706335433529
			8.99890156831226	-10.2175028223545
			8.99890156831226	-10.2643721013562
			8.95203228931063	-10.3112413803578
			8.95203228931063	-10.3581106593594
			8.95203228931063	-10.404979938361
			8.90516301030901	-10.4518492173627
			8.85829373130738	-10.4987184963643
			8.85829373130738	-10.5455877753659
			8.85829373130738	-10.5924570543676
			8.85829373130738	-10.6393263333692
			8.90516301030901	-10.6393263333692
			8.95203228931063	-10.6393263333692
			8.99890156831226	-10.6861956123708
			9.04577084731388	-10.6861956123708
			9.09264012631551	-10.7330648913724
			9.13950940531714	-10.7330648913724
			9.18637868431876	-10.7799341703741
			9.23324796332039	-10.7799341703741
			9.23324796332039	-10.8268034493757
			9.28011724232202	-10.8736727283773
			9.32698652132364	-10.8736727283773
			9.37385580032527	-10.9205420073789
			9.37385580032527	-10.9674112863806
			9.42072507932689	-10.9674112863806
			9.42072507932689	-11.0142805653822
			9.46759435832852	-11.0611498443838
			9.51446363733015	-11.1080191233854
			9.51446363733015	-11.1548884023871
			9.56133291633178	-11.2017576813887
			9.56133291633178	-11.2486269603903
			9.6082021953334	-11.2954962393919
			9.6082021953334	-11.3423655183936
			9.65507147433503	-11.3892347973952
			9.65507147433503	-11.4361040763968
			9.65507147433503	-11.4829733553985
			9.70194075333665	-11.5298426344001
			9.70194075333665	-11.5767119134017
			9.70194075333665	-11.6235811924033
			9.70194075333665	-11.670450471405
			9.70194075333665	-11.7173197504066
			9.74881003233828	-11.7173197504066
			9.74881003233828	-11.7641890294082
			9.74881003233828	-11.8110583084098
			9.74881003233828	-11.8579275874115
			9.74881003233828	-11.9047968664131
			9.74881003233828	-11.9516661454147
			9.74881003233828	-11.9985354244163
			9.74881003233828	-12.045404703418
			9.70194075333665	-12.0922739824196
			9.70194075333665	-12.1391432614212
			9.70194075333665	-12.1860125404228
			9.65507147433503	-12.2328818194245
			9.65507147433503	-12.2797510984261
			9.6082021953334	-12.3266203774277
			9.56133291633178	-12.3734896564294
			9.51446363733015	-12.420358935431
			9.46759435832852	-12.4672282144326
			9.42072507932689	-12.4672282144326
			9.37385580032527	-12.5140974934342
			9.32698652132364	-12.5609667724359
			9.28011724232202	-12.5609667724359
			9.23324796332039	-12.5609667724359
			9.18637868431876	-12.5609667724359
			9.13950940531714	-12.6078360514375
			9.09264012631551	-12.6078360514375
			9.04577084731388	-12.6547053304391
			8.99890156831226	-12.6547053304391
			8.99890156831226	-12.7015746094407
			8.99890156831226	-12.7484438884424
			9.04577084731388	-12.7484438884424
			9.09264012631551	-12.795313167444
			9.13950940531714	-12.795313167444
			9.18637868431876	-12.8421824464456
			9.23324796332039	-12.8421824464456
			9.28011724232202	-12.8421824464456
			9.32698652132364	-12.8421824464456
			9.37385580032527	-12.8421824464456
			9.42072507932689	-12.8421824464456
			9.46759435832852	-12.8421824464456
			9.51446363733015	-12.795313167444
			9.56133291633178	-12.795313167444
			9.6082021953334	-12.795313167444
			9.6082021953334	-12.7484438884424
			9.65507147433503	-12.7484438884424
			9.70194075333665	-12.7015746094407
			9.74881003233828	-12.7015746094407
			9.74881003233828	-12.6547053304391
			9.79567931133991	-12.6547053304391
			9.84254859034153	-12.6078360514375
			9.88941786934316	-12.5609667724359
			9.93628714834479	-12.5140974934342
			9.98315642734641	-12.4672282144326
			10.030025706348	-12.420358935431
			10.0768949853497	-12.3734896564294
			10.1237642643513	-12.3266203774277
			10.1706335433529	-12.2797510984261
			10.2175028223545	-12.2328818194245
			10.2175028223545	-12.1860125404228
			10.2643721013562	-12.1391432614212
			10.3112413803578	-12.1391432614212
			10.3112413803578	-12.0922739824196
			10.3581106593594	-12.045404703418
			10.404979938361	-12.045404703418
			10.4518492173627	-12.045404703418
			10.4987184963643	-12.045404703418
			10.5455877753659	-12.045404703418
			10.5924570543676	-12.045404703418
			10.6393263333692	-12.045404703418
			10.6861956123708	-12.045404703418
			10.7330648913724	-12.0922739824196
			10.7799341703741	-12.0922739824196
			10.8268034493757	-12.1391432614212
			10.8736727283773	-12.1391432614212
			10.9205420073789	-12.1860125404228
		</suture>
		<anterior type=matrix rownames=FALSE colnames=FALSE nrow=177 ncol=2 as.numeric=TRUE >
			6.2336141072163	-8.76455517330413
			6.28048338621793	-8.76455517330413
			6.32735266521956	-8.76455517330413
			6.37422194422118	-8.76455517330413
			6.42109122322281	-8.76455517330413
			6.46796050222444	-8.76455517330413
			6.51482978122606	-8.81142445230575
			6.56169906022769	-8.81142445230575
			6.60856833922931	-8.81142445230575
			6.65543761823094	-8.81142445230575
			6.70230689723257	-8.81142445230575
			6.74917617623419	-8.81142445230575
			6.79604545523582	-8.81142445230575
			6.84291473423745	-8.85829373130738
			6.88978401323907	-8.85829373130738
			6.9366532922407	-8.85829373130738
			6.98352257124233	-8.85829373130738
			7.03039185024395	-8.85829373130738
			7.07726112924558	-8.85829373130738
			7.1241304082472	-8.90516301030901
			7.17099968724883	-8.90516301030901
			7.21786896625046	-8.90516301030901
			7.26473824525208	-8.90516301030901
			7.31160752425371	-8.90516301030901
			7.35847680325534	-8.95203228931063
			7.40534608225696	-8.95203228931063
			7.45221536125859	-8.95203228931063
			7.49908464026022	-8.95203228931063
			7.54595391926184	-8.95203228931063
			7.59282319826347	-8.99890156831226
			7.63969247726509	-8.99890156831226
			7.68656175626672	-8.99890156831226
			7.73343103526835	-9.04577084731388
			7.78030031426997	-9.04577084731388
			7.8271695932716	-9.04577084731388
			7.87403887227323	-9.09264012631551
			7.92090815127485	-9.09264012631551
			7.96777743027648	-9.13950940531714
			8.01464670927811	-9.13950940531714
			8.06151598827973	-9.13950940531714
			8.10838526728136	-9.18637868431876
			8.15525454628298	-9.23324796332039
			8.20212382528461	-9.23324796332039
			8.24899310428624	-9.28011724232202
			8.29586238328786	-9.28011724232202
			8.34273166228949	-9.28011724232202
			8.38960094129112	-9.28011724232202
			8.43647022029274	-9.32698652132364
			8.48333949929437	-9.32698652132364
			8.53020877829599	-9.32698652132364
			8.57707805729762	-9.37385580032527
			8.62394733629925	-9.37385580032527
			8.67081661530087	-9.42072507932689
			8.7176858943025	-9.42072507932689
			8.76455517330413	-9.42072507932689
			8.81142445230575	-9.46759435832852
			8.85829373130738	-9.51446363733015
			8.90516301030901	-9.51446363733015
			8.95203228931063	-9.56133291633178
			8.99890156831226	-9.56133291633178
			9.04577084731388	-9.6082021953334
			9.09264012631551	-9.65507147433503
			9.13950940531714	-9.65507147433503
			9.18637868431876	-9.70194075333665
			9.23324796332039	-9.74881003233828
			9.28011724232202	-9.79567931133991
			9.32698652132364	-9.79567931133991
			9.37385580032527	-9.84254859034153
			9.42072507932689	-9.88941786934316
			9.46759435832852	-9.93628714834479
			9.51446363733015	-9.98315642734641
			9.56133291633178	-9.98315642734641
			9.6082021953334	-10.030025706348
			9.65507147433503	-10.0768949853497
			9.65507147433503	-10.1237642643513
			9.70194075333665	-10.1237642643513
			9.74881003233828	-10.1706335433529
			9.79567931133991	-10.2175028223545
			9.84254859034153	-10.2643721013562
			9.88941786934316	-10.2643721013562
			9.88941786934316	-10.3112413803578
			9.93628714834479	-10.3581106593594
			9.98315642734641	-10.404979938361
			10.030025706348	-10.4518492173627
			10.0768949853497	-10.4987184963643
			10.1237642643513	-10.5455877753659
			10.1237642643513	-10.5924570543676
			10.1706335433529	-10.6393263333692
			10.2175028223545	-10.6861956123708
			10.2643721013562	-10.7330648913724
			10.3112413803578	-10.7799341703741
			10.3581106593594	-10.8268034493757
			10.404979938361	-10.8736727283773
			10.404979938361	-10.9205420073789
			10.4518492173627	-10.9674112863806
			10.4987184963643	-11.0142805653822
			10.5455877753659	-11.0611498443838
			10.5924570543676	-11.1080191233854
			10.5924570543676	-11.1548884023871
			10.6393263333692	-11.2017576813887
			10.6393263333692	-11.2486269603903
			10.6861956123708	-11.2954962393919
			10.6861956123708	-11.3423655183936
			10.6861956123708	-11.3892347973952
			10.7330648913724	-11.4361040763968
			10.7330648913724	-11.4829733553985
			10.7330648913724	-11.5298426344001
			10.7330648913724	-11.5767119134017
			10.7799341703741	-11.6235811924033
			10.7799341703741	-11.670450471405
			10.7799341703741	-11.7173197504066
			10.8268034493757	-11.7641890294082
			10.8268034493757	-11.8110583084098
			10.8268034493757	-11.8579275874115
			10.8268034493757	-11.9047968664131
			10.8736727283773	-11.9516661454147
			10.8736727283773	-11.9985354244163
			10.8736727283773	-12.045404703418
			10.9205420073789	-12.0922739824196
			10.9205420073789	-12.1391432614212
			10.9205420073789	-12.1860125404228
			10.9205420073789	-12.2328818194245
			10.9205420073789	-12.2797510984261
			10.9674112863806	-12.3266203774277
			10.9674112863806	-12.3734896564294
			10.9674112863806	-12.420358935431
			10.9674112863806	-12.4672282144326
			10.9674112863806	-12.5140974934342
			11.0142805653822	-12.5609667724359
			11.0142805653822	-12.6078360514375
			11.0142805653822	-12.6547053304391
			11.0142805653822	-12.7015746094407
			11.0142805653822	-12.7484438884424
			11.0142805653822	-12.795313167444
			11.0142805653822	-12.8421824464456
			11.0142805653822	-12.8890517254472
			11.0142805653822	-12.9359210044489
			11.0142805653822	-12.9827902834505
			11.0142805653822	-13.0296595624521
			11.0142805653822	-13.0765288414538
			11.0142805653822	-13.1233981204554
			11.0142805653822	-13.170267399457
			11.0142805653822	-13.2171366784586
			11.0142805653822	-13.2640059574603
			11.0142805653822	-13.3108752364619
			11.0142805653822	-13.3577445154635
			11.0142805653822	-13.4046137944651
			11.0142805653822	-13.4514830734668
			11.0142805653822	-13.4983523524684
			11.0142805653822	-13.54522163147
			11.0142805653822	-13.5920909104716
			11.0142805653822	-13.6389601894733
			10.9674112863806	-13.6858294684749
			10.9674112863806	-13.7326987474765
			10.9674112863806	-13.7795680264781
			10.9674112863806	-13.8264373054798
			10.9205420073789	-13.8733065844814
			10.9205420073789	-13.920175863483
			10.9205420073789	-13.9670451424847
			10.8736727283773	-14.0139144214863
			10.8736727283773	-14.0607837004879
			10.8268034493757	-14.1076529794895
			10.8268034493757	-14.1545222584912
			10.7799341703741	-14.2013915374928
			10.7799341703741	-14.2482608164944
			10.7330648913724	-14.295130095496
			10.6861956123708	-14.3419993744977
			10.6861956123708	-14.3888686534993
			10.6393263333692	-14.4357379325009
			10.5924570543676	-14.4826072115025
			10.5455877753659	-14.5294764905042
			10.4987184963643	-14.5763457695058
			10.4518492173627	-14.6232150485074
			10.404979938361	-14.670084327509
			10.3581106593594	-14.7169536065107
			10.3112413803578	-14.7638228855123
			10.2643721013562	-14.7638228855123
		</anterior>
		<posterior type=matrix rownames=FALSE colnames=FALSE nrow=88 ncol=2 as.numeric=TRUE >
			6.2336141072163	-14.9044307225172
			6.28048338621793	-14.9044307225172
			6.32735266521956	-14.9044307225172
			6.37422194422118	-14.9044307225172
			6.42109122322281	-14.9044307225172
			6.46796050222444	-14.9044307225172
			6.51482978122606	-14.9044307225172
			6.56169906022769	-14.9044307225172
			6.60856833922931	-14.9044307225172
			6.65543761823094	-14.9044307225172
			6.70230689723257	-14.9044307225172
			6.74917617623419	-14.9044307225172
			6.79604545523582	-14.9044307225172
			6.84291473423745	-14.9044307225172
			6.88978401323907	-14.9044307225172
			6.9366532922407	-14.9044307225172
			6.98352257124233	-14.9044307225172
			7.03039185024395	-14.9044307225172
			7.07726112924558	-14.9044307225172
			7.1241304082472	-14.9044307225172
			7.17099968724883	-14.9044307225172
			7.21786896625046	-14.9044307225172
			7.26473824525208	-14.8575614435156
			7.31160752425371	-14.8575614435156
			7.35847680325534	-14.8575614435156
			7.40534608225696	-14.8106921645139
			7.45221536125859	-14.8106921645139
			7.49908464026022	-14.8106921645139
			7.54595391926184	-14.7638228855123
			7.59282319826347	-14.7638228855123
			7.63969247726509	-14.7169536065107
			7.68656175626672	-14.7169536065107
			7.73343103526835	-14.7169536065107
			7.78030031426997	-14.7638228855123
			7.8271695932716	-14.7638228855123
			7.87403887227323	-14.7638228855123
			7.92090815127485	-14.7638228855123
			7.96777743027648	-14.7638228855123
			8.01464670927811	-14.7638228855123
			8.06151598827973	-14.7638228855123
			8.10838526728136	-14.7638228855123
			8.15525454628298	-14.7638228855123
			8.20212382528461	-14.7638228855123
			8.20212382528461	-14.8106921645139
			8.24899310428624	-14.8106921645139
			8.29586238328786	-14.8106921645139
			8.34273166228949	-14.8106921645139
			8.38960094129112	-14.8106921645139
			8.43647022029274	-14.8106921645139
			8.48333949929437	-14.8106921645139
			8.53020877829599	-14.8106921645139
			8.57707805729762	-14.8106921645139
			8.62394733629925	-14.8106921645139
			8.67081661530087	-14.8106921645139
			8.7176858943025	-14.8106921645139
			8.76455517330413	-14.8106921645139
			8.81142445230575	-14.8106921645139
			8.85829373130738	-14.8106921645139
			8.90516301030901	-14.8106921645139
			8.95203228931063	-14.8106921645139
			8.99890156831226	-14.8575614435156
			9.04577084731388	-14.8575614435156
			9.09264012631551	-14.8575614435156
			9.13950940531714	-14.8575614435156
			9.18637868431876	-14.8575614435156
			9.23324796332039	-14.8575614435156
			9.28011724232202	-14.8575614435156
			9.32698652132364	-14.8575614435156
			9.37385580032527	-14.8575614435156
			9.42072507932689	-14.8575614435156
			9.46759435832852	-14.8575614435156
			9.51446363733015	-14.8575614435156
			9.56133291633178	-14.8575614435156
			9.6082021953334	-14.8575614435156
			9.65507147433503	-14.8575614435156
			9.70194075333665	-14.8575614435156
			9.74881003233828	-14.8575614435156
			9.79567931133991	-14.8575614435156
			9.84254859034153	-14.8575614435156
			9.88941786934316	-14.8575614435156
			9.93628714834479	-14.8575614435156
			9.98315642734641	-14.8575614435156
			10.030025706348	-14.8575614435156
			10.0768949853497	-14.8575614435156
			10.1237642643513	-14.8106921645139
			10.1706335433529	-14.8106921645139
			10.2175028223545	-14.7638228855123
			10.2643721013562	-14.7638228855123
		</posterior>
	</curves.scaled>
	<ruler.points type=matrix rownames=TRUE colnames=FALSE nrow=2 ncol=2 as.numeric=TRUE >
		Ruler point 1	164	352
		Ruler point 2	228	353
	</ruler.points>
</shapes>

