<shapes type=list>
	<ruler.pixel type=vector names=FALSE length=1 as.numeric=TRUE >49.0102030193714</ruler.pixel>
	<ruler.interval type=vector names=FALSE length=1 as.numeric=TRUE >3</ruler.interval>
	<scaling.units type=vector names=FALSE length=1 as.numeric=FALSE >mm</scaling.units>
	<scaling type=vector names=FALSE length=1 as.numeric=TRUE >0.0612117439875579</scaling>
	<landmarks.pixel type=matrix rownames=TRUE colnames=FALSE nrow=16 ncol=2 as.numeric=TRUE >
		LM1	222	46
		LM2	222	46
		LM3	219	162
		LM4	219	184
		LM5	292	89
		LM6	252	167
		LM7	255	179
		LM8	293	106
		LM9	297	152
		LM10	222	46
		LM11	317	152
		LM12	332	157
		LM13	222	46
		LM14	320	134
		LM15	330	184
		LM16	318	192
	</landmarks.pixel>
	<landmarks.scaled type=matrix rownames=TRUE colnames=FALSE nrow=16 ncol=2 as.numeric=TRUE >
		LM1	13.5890071652379	-2.81574022342767
		LM2	13.5890071652379	-2.81574022342767
		LM3	13.4053719332752	-9.91630252598439
		LM4	13.4053719332752	-11.2629608937107
		LM5	17.8738292443669	-5.44784521489266
		LM6	15.4253594848646	-10.2223612459222
		LM7	15.6089947168273	-10.9569021737729
		LM8	17.9350409883545	-6.48844486268114
		LM9	18.1798879643047	-9.30418508610881
		LM10	13.5890071652379	-2.81574022342767
		LM11	19.4041228440559	-9.30418508610881
		LM12	20.3222990038692	-9.6102438060466
		LM13	13.5890071652379	-2.81574022342767
		LM14	19.5877580760185	-8.20237369433276
		LM15	20.1998755158941	-11.2629608937107
		LM16	19.4653345880434	-11.7526548456111
	</landmarks.scaled>
	<curves.control type=list>
		<glabella type=matrix rownames=FALSE colnames=FALSE nrow=13 ncol=2 as.numeric=TRUE >
			222	46
			247	47
			264	56
			277	61
			288	76
			299	87
			281	114
			267	132
			247	151
			255	155
			252	167
			253	172
			255	179
		</glabella>
		<suture type=matrix rownames=FALSE colnames=FALSE nrow=15 ncol=2 as.numeric=TRUE >
			222	46
			280	52
			292	85
			288	103
			297	108
			318	126
			306	145
			299	153
			292	153
			292	157
			296	159
			308	161
			317	152
			326	154
			332	157
		</suture>
		<anterior type=matrix rownames=FALSE colnames=FALSE nrow=9 ncol=2 as.numeric=TRUE >
			222	46
			247	47
			264	57
			277	61
			288	76
			296	82
			313	106
			339	143
			330	184
		</anterior>
		<posterior type=matrix rownames=FALSE colnames=FALSE nrow=9 ncol=2 as.numeric=TRUE >
			219	184
			246	186
			255	179
			271	181
			287	180
			301	186
			319	192
			326	190
			330	184
		</posterior>
	</curves.control>
	<curves.pixel type=list>
		<glabella type=matrix rownames=FALSE colnames=FALSE nrow=185 ncol=2 as.numeric=TRUE >
			222	46
			223	46
			224	46
			225	46
			226	46
			227	46
			228	46
			229	46
			230	47
			231	47
			232	47
			233	47
			234	47
			235	47
			236	47
			237	47
			237	48
			238	48
			239	48
			240	48
			241	48
			242	48
			243	49
			244	49
			245	49
			246	49
			247	50
			248	50
			249	50
			250	50
			251	51
			252	51
			253	51
			254	52
			255	52
			256	53
			257	53
			258	53
			259	54
			260	54
			261	55
			262	55
			263	56
			264	56
			265	56
			265	57
			266	57
			267	57
			268	58
			269	58
			270	59
			271	60
			272	60
			273	61
			274	61
			274	62
			275	62
			276	63
			277	64
			278	65
			279	66
			280	67
			281	68
			282	69
			283	70
			284	71
			285	72
			285	73
			286	74
			287	75
			288	76
			289	77
			290	78
			290	79
			291	80
			291	81
			292	82
			292	83
			292	84
			292	85
			292	86
			292	87
			292	88
			292	89
			292	90
			292	91
			291	92
			291	93
			291	94
			291	95
			291	96
			290	96
			290	97
			290	98
			289	99
			289	100
			288	101
			288	102
			288	103
			287	104
			287	105
			286	106
			285	107
			285	108
			284	109
			284	110
			283	111
			282	112
			282	113
			281	114
			280	115
			280	116
			279	116
			279	117
			278	118
			277	118
			277	119
			276	120
			276	121
			275	121
			274	122
			274	123
			273	124
			272	124
			272	125
			271	126
			271	127
			270	127
			269	128
			269	129
			268	130
			267	130
			267	131
			266	132
			265	133
			264	133
			264	134
			263	135
			262	136
			261	137
			260	138
			259	139
			258	140
			257	141
			257	142
			256	143
			255	144
			254	144
			253	145
			252	146
			251	147
			250	148
			249	149
			248	150
			247	151
			248	151
			248	152
			249	152
			250	153
			251	154
			252	155
			252	156
			252	157
			253	158
			253	159
			253	160
			253	161
			253	162
			253	163
			253	164
			252	165
			252	166
			252	167
			252	168
			252	169
			253	170
			253	171
			253	172
			253	173
			254	174
			254	175
			254	176
			254	177
			255	178
			255	179
		</glabella>
		<suture type=matrix rownames=FALSE colnames=FALSE nrow=201 ncol=2 as.numeric=TRUE >
			222	46
			223	46
			224	46
			225	46
			226	46
			227	47
			228	47
			229	47
			230	47
			231	47
			232	47
			233	47
			234	48
			235	48
			236	48
			237	48
			238	48
			239	49
			240	49
			241	49
			242	49
			243	49
			244	50
			245	50
			246	50
			247	50
			248	51
			249	51
			250	51
			251	52
			252	52
			253	52
			254	52
			255	53
			256	53
			257	54
			258	54
			259	54
			260	55
			261	55
			262	56
			263	56
			264	56
			265	57
			266	57
			267	58
			268	58
			268	59
			269	59
			270	60
			271	60
			272	61
			273	61
			273	62
			274	62
			275	63
			276	63
			276	64
			277	64
			278	65
			278	66
			279	66
			280	67
			281	68
			282	69
			283	70
			284	71
			285	72
			285	73
			286	74
			287	75
			288	76
			288	77
			289	78
			290	79
			290	80
			290	81
			291	82
			291	83
			292	84
			292	85
			292	86
			292	87
			291	88
			291	89
			291	90
			291	91
			291	92
			291	93
			291	94
			291	95
			291	96
			291	97
			291	98
			291	99
			291	100
			291	101
			292	101
			292	102
			292	103
			293	104
			293	105
			294	106
			295	107
			296	107
			297	108
			298	109
			299	110
			300	111
			301	112
			302	113
			303	114
			304	115
			305	116
			305	117
			306	118
			306	119
			307	120
			308	121
			308	122
			309	123
			309	124
			309	125
			310	126
			310	127
			310	128
			310	129
			310	130
			310	131
			310	132
			310	133
			310	134
			310	135
			310	136
			309	137
			309	138
			309	139
			308	140
			308	141
			307	142
			307	143
			307	144
			306	144
			306	145
			305	146
			304	147
			303	148
			302	149
			301	149
			301	150
			300	151
			299	151
			298	152
			297	152
			296	152
			295	153
			294	153
			293	153
			292	153
			292	154
			292	155
			293	156
			294	157
			295	158
			296	159
			297	159
			298	159
			299	159
			300	159
			301	159
			302	159
			303	159
			304	159
			305	159
			306	159
			307	158
			308	158
			309	157
			310	157
			311	157
			312	156
			313	155
			314	155
			315	154
			316	153
			317	152
			318	152
			319	153
			320	153
			321	153
			322	153
			323	154
			324	154
			325	154
			326	154
			327	155
			328	155
			329	156
			330	156
			331	157
			332	157
		</suture>
		<anterior type=matrix rownames=FALSE colnames=FALSE nrow=184 ncol=2 as.numeric=TRUE >
			222	46
			223	46
			224	46
			225	46
			226	46
			227	46
			228	46
			229	46
			230	47
			231	47
			232	47
			233	47
			234	47
			235	47
			236	47
			237	47
			237	48
			238	48
			239	48
			240	48
			241	48
			242	49
			243	49
			244	49
			245	49
			246	50
			247	50
			248	50
			249	50
			250	51
			251	51
			252	51
			253	52
			254	52
			255	53
			256	53
			257	53
			258	54
			259	54
			259	55
			260	55
			261	55
			262	56
			263	56
			264	57
			265	57
			266	58
			267	58
			268	58
			269	59
			270	60
			271	60
			272	61
			273	61
			274	62
			275	63
			276	64
			277	64
			278	65
			279	66
			280	67
			281	68
			282	69
			283	70
			284	71
			285	72
			286	73
			287	74
			287	75
			288	76
			289	77
			290	77
			290	78
			291	79
			292	80
			293	81
			294	82
			295	83
			296	84
			297	85
			298	86
			299	87
			300	88
			300	89
			301	90
			302	91
			303	92
			304	93
			304	94
			305	95
			306	96
			307	97
			307	98
			308	99
			309	100
			309	101
			310	101
			310	102
			311	103
			311	104
			312	104
			312	105
			313	106
			314	107
			314	108
			315	109
			316	110
			316	111
			317	112
			318	113
			318	114
			319	115
			319	116
			320	117
			321	118
			321	119
			322	120
			322	121
			323	122
			323	123
			324	124
			324	125
			324	126
			325	126
			325	127
			325	128
			326	129
			326	130
			327	131
			327	132
			327	133
			327	134
			328	134
			328	135
			328	136
			328	137
			329	137
			329	138
			329	139
			329	140
			330	141
			330	142
			330	143
			330	144
			330	145
			331	146
			331	147
			331	148
			331	149
			331	150
			332	151
			332	152
			332	153
			332	154
			332	155
			332	156
			332	157
			332	158
			332	159
			332	160
			332	161
			332	162
			332	163
			332	164
			332	165
			332	166
			332	167
			332	168
			332	169
			332	170
			332	171
			332	172
			332	173
			332	174
			332	175
			331	176
			331	177
			331	178
			331	179
			331	180
			331	181
			330	182
			330	183
			330	184
		</anterior>
		<posterior type=matrix rownames=FALSE colnames=FALSE nrow=113 ncol=2 as.numeric=TRUE >
			219	184
			220	184
			221	184
			222	184
			223	184
			224	184
			225	184
			226	184
			227	184
			228	184
			229	184
			230	184
			231	184
			232	184
			233	184
			234	184
			235	184
			236	184
			237	184
			238	184
			239	184
			240	184
			241	184
			242	184
			243	184
			244	183
			245	183
			246	183
			247	183
			248	182
			249	182
			250	182
			251	181
			252	181
			253	180
			254	180
			255	179
			256	179
			257	179
			258	179
			259	179
			260	180
			261	180
			262	180
			263	180
			264	180
			265	180
			266	180
			267	180
			268	180
			269	180
			270	180
			271	180
			272	180
			273	180
			274	180
			275	180
			276	180
			277	180
			278	180
			279	180
			280	180
			281	180
			282	180
			283	180
			284	180
			285	180
			286	180
			287	180
			288	180
			289	181
			290	181
			291	182
			292	182
			293	183
			294	183
			295	183
			296	184
			297	184
			298	185
			299	185
			300	185
			301	185
			301	186
			302	186
			303	186
			304	187
			305	187
			306	187
			307	188
			308	188
			309	189
			310	189
			311	189
			312	190
			313	190
			314	190
			315	191
			316	191
			317	191
			318	192
			319	192
			320	192
			321	191
			322	191
			323	190
			324	190
			325	189
			326	188
			327	187
			328	186
			329	185
			330	184
		</posterior>
	</curves.pixel>
	<curves.scaled type=list>
		<glabella type=matrix rownames=FALSE colnames=FALSE nrow=185 ncol=2 as.numeric=TRUE >
			13.5890071652379	-2.81574022342767
			13.6502189092254	-2.81574022342767
			13.711430653213	-2.81574022342767
			13.7726423972005	-2.81574022342767
			13.8338541411881	-2.81574022342767
			13.8950658851757	-2.81574022342767
			13.9562776291632	-2.81574022342767
			14.0174893731508	-2.81574022342767
			14.0787011171383	-2.87695196741522
			14.1399128611259	-2.87695196741522
			14.2011246051134	-2.87695196741522
			14.262336349101	-2.87695196741522
			14.3235480930886	-2.87695196741522
			14.3847598370761	-2.87695196741522
			14.4459715810637	-2.87695196741522
			14.5071833250512	-2.87695196741522
			14.5071833250512	-2.93816371140278
			14.5683950690388	-2.93816371140278
			14.6296068130263	-2.93816371140278
			14.6908185570139	-2.93816371140278
			14.7520303010015	-2.93816371140278
			14.813242044989	-2.93816371140278
			14.8744537889766	-2.99937545539034
			14.9356655329641	-2.99937545539034
			14.9968772769517	-2.99937545539034
			15.0580890209393	-2.99937545539034
			15.1193007649268	-3.0605871993779
			15.1805125089144	-3.0605871993779
			15.2417242529019	-3.0605871993779
			15.3029359968895	-3.0605871993779
			15.364147740877	-3.12179894336545
			15.4253594848646	-3.12179894336545
			15.4865712288522	-3.12179894336545
			15.5477829728397	-3.18301068735301
			15.6089947168273	-3.18301068735301
			15.6702064608148	-3.24422243134057
			15.7314182048024	-3.24422243134057
			15.7926299487899	-3.24422243134057
			15.8538416927775	-3.30543417532813
			15.9150534367651	-3.30543417532813
			15.9762651807526	-3.36664591931569
			16.0374769247402	-3.36664591931569
			16.0986886687277	-3.42785766330324
			16.1599004127153	-3.42785766330324
			16.2211121567029	-3.42785766330324
			16.2211121567029	-3.4890694072908
			16.2823239006904	-3.4890694072908
			16.343535644678	-3.4890694072908
			16.4047473886655	-3.55028115127836
			16.4659591326531	-3.55028115127836
			16.5271708766406	-3.61149289526592
			16.5883826206282	-3.67270463925348
			16.6495943646158	-3.67270463925348
			16.7108061086033	-3.73391638324103
			16.7720178525909	-3.73391638324103
			16.7720178525909	-3.79512812722859
			16.8332295965784	-3.79512812722859
			16.894441340566	-3.85633987121615
			16.9556530845535	-3.91755161520371
			17.0168648285411	-3.97876335919127
			17.0780765725287	-4.03997510317882
			17.1392883165162	-4.10118684716638
			17.2005000605038	-4.16239859115394
			17.2617118044913	-4.2236103351415
			17.3229235484789	-4.28482207912906
			17.3841352924665	-4.34603382311661
			17.445347036454	-4.40724556710417
			17.445347036454	-4.46845731109173
			17.5065587804416	-4.52966905507929
			17.5677705244291	-4.59088079906684
			17.6289822684167	-4.6520925430544
			17.6901940124042	-4.71330428704196
			17.7514057563918	-4.77451603102952
			17.7514057563918	-4.83572777501708
			17.8126175003794	-4.89693951900463
			17.8126175003794	-4.95815126299219
			17.8738292443669	-5.01936300697975
			17.8738292443669	-5.08057475096731
			17.8738292443669	-5.14178649495487
			17.8738292443669	-5.20299823894242
			17.8738292443669	-5.26420998292998
			17.8738292443669	-5.32542172691754
			17.8738292443669	-5.3866334709051
			17.8738292443669	-5.44784521489266
			17.8738292443669	-5.50905695888021
			17.8738292443669	-5.57026870286777
			17.8126175003794	-5.63148044685533
			17.8126175003794	-5.69269219084289
			17.8126175003794	-5.75390393483045
			17.8126175003794	-5.815115678818
			17.8126175003794	-5.87632742280556
			17.7514057563918	-5.87632742280556
			17.7514057563918	-5.93753916679312
			17.7514057563918	-5.99875091078068
			17.6901940124042	-6.05996265476824
			17.6901940124042	-6.12117439875579
			17.6289822684167	-6.18238614274335
			17.6289822684167	-6.24359788673091
			17.6289822684167	-6.30480963071847
			17.5677705244291	-6.36602137470603
			17.5677705244291	-6.42723311869358
			17.5065587804416	-6.48844486268114
			17.445347036454	-6.5496566066687
			17.445347036454	-6.61086835065626
			17.3841352924665	-6.67208009464381
			17.3841352924665	-6.73329183863137
			17.3229235484789	-6.79450358261893
			17.2617118044913	-6.85571532660649
			17.2617118044913	-6.91692707059405
			17.2005000605038	-6.97813881458161
			17.1392883165162	-7.03935055856916
			17.1392883165162	-7.10056230255672
			17.0780765725287	-7.10056230255672
			17.0780765725287	-7.16177404654428
			17.0168648285411	-7.22298579053184
			16.9556530845535	-7.22298579053184
			16.9556530845535	-7.28419753451939
			16.894441340566	-7.34540927850695
			16.894441340566	-7.40662102249451
			16.8332295965784	-7.40662102249451
			16.7720178525909	-7.46783276648207
			16.7720178525909	-7.52904451046963
			16.7108061086033	-7.59025625445718
			16.6495943646158	-7.59025625445718
			16.6495943646158	-7.65146799844474
			16.5883826206282	-7.7126797424323
			16.5883826206282	-7.77389148641986
			16.5271708766406	-7.77389148641986
			16.4659591326531	-7.83510323040742
			16.4659591326531	-7.89631497439497
			16.4047473886655	-7.95752671838253
			16.343535644678	-7.95752671838253
			16.343535644678	-8.01873846237009
			16.2823239006904	-8.07995020635765
			16.2211121567029	-8.14116195034521
			16.1599004127153	-8.14116195034521
			16.1599004127153	-8.20237369433276
			16.0986886687277	-8.26358543832032
			16.0374769247402	-8.32479718230788
			15.9762651807526	-8.38600892629544
			15.9150534367651	-8.447220670283
			15.8538416927775	-8.50843241427055
			15.7926299487899	-8.56964415825811
			15.7314182048024	-8.63085590224567
			15.7314182048024	-8.69206764623323
			15.6702064608148	-8.75327939022078
			15.6089947168273	-8.81449113420834
			15.5477829728397	-8.81449113420834
			15.4865712288522	-8.8757028781959
			15.4253594848646	-8.93691462218346
			15.364147740877	-8.99812636617102
			15.3029359968895	-9.05933811015857
			15.2417242529019	-9.12054985414613
			15.1805125089144	-9.18176159813369
			15.1193007649268	-9.24297334212125
			15.1805125089144	-9.24297334212125
			15.1805125089144	-9.30418508610881
			15.2417242529019	-9.30418508610881
			15.3029359968895	-9.36539683009636
			15.364147740877	-9.42660857408392
			15.4253594848646	-9.48782031807148
			15.4253594848646	-9.54903206205904
			15.4253594848646	-9.6102438060466
			15.4865712288522	-9.67145555003415
			15.4865712288522	-9.73266729402171
			15.4865712288522	-9.79387903800927
			15.4865712288522	-9.85509078199683
			15.4865712288522	-9.91630252598439
			15.4865712288522	-9.97751426997194
			15.4865712288522	-10.0387260139595
			15.4253594848646	-10.0999377579471
			15.4253594848646	-10.1611495019346
			15.4253594848646	-10.2223612459222
			15.4253594848646	-10.2835729899097
			15.4253594848646	-10.3447847338973
			15.4865712288522	-10.4059964778848
			15.4865712288522	-10.4672082218724
			15.4865712288522	-10.52841996586
			15.4865712288522	-10.5896317098475
			15.5477829728397	-10.6508434538351
			15.5477829728397	-10.7120551978226
			15.5477829728397	-10.7732669418102
			15.5477829728397	-10.8344786857978
			15.6089947168273	-10.8956904297853
			15.6089947168273	-10.9569021737729
		</glabella>
		<suture type=matrix rownames=FALSE colnames=FALSE nrow=201 ncol=2 as.numeric=TRUE >
			13.5890071652379	-2.81574022342767
			13.6502189092254	-2.81574022342767
			13.711430653213	-2.81574022342767
			13.7726423972005	-2.81574022342767
			13.8338541411881	-2.81574022342767
			13.8950658851757	-2.87695196741522
			13.9562776291632	-2.87695196741522
			14.0174893731508	-2.87695196741522
			14.0787011171383	-2.87695196741522
			14.1399128611259	-2.87695196741522
			14.2011246051134	-2.87695196741522
			14.262336349101	-2.87695196741522
			14.3235480930886	-2.93816371140278
			14.3847598370761	-2.93816371140278
			14.4459715810637	-2.93816371140278
			14.5071833250512	-2.93816371140278
			14.5683950690388	-2.93816371140278
			14.6296068130263	-2.99937545539034
			14.6908185570139	-2.99937545539034
			14.7520303010015	-2.99937545539034
			14.813242044989	-2.99937545539034
			14.8744537889766	-2.99937545539034
			14.9356655329641	-3.0605871993779
			14.9968772769517	-3.0605871993779
			15.0580890209393	-3.0605871993779
			15.1193007649268	-3.0605871993779
			15.1805125089144	-3.12179894336545
			15.2417242529019	-3.12179894336545
			15.3029359968895	-3.12179894336545
			15.364147740877	-3.18301068735301
			15.4253594848646	-3.18301068735301
			15.4865712288522	-3.18301068735301
			15.5477829728397	-3.18301068735301
			15.6089947168273	-3.24422243134057
			15.6702064608148	-3.24422243134057
			15.7314182048024	-3.30543417532813
			15.7926299487899	-3.30543417532813
			15.8538416927775	-3.30543417532813
			15.9150534367651	-3.36664591931569
			15.9762651807526	-3.36664591931569
			16.0374769247402	-3.42785766330324
			16.0986886687277	-3.42785766330324
			16.1599004127153	-3.42785766330324
			16.2211121567029	-3.4890694072908
			16.2823239006904	-3.4890694072908
			16.343535644678	-3.55028115127836
			16.4047473886655	-3.55028115127836
			16.4047473886655	-3.61149289526592
			16.4659591326531	-3.61149289526592
			16.5271708766406	-3.67270463925348
			16.5883826206282	-3.67270463925348
			16.6495943646158	-3.73391638324103
			16.7108061086033	-3.73391638324103
			16.7108061086033	-3.79512812722859
			16.7720178525909	-3.79512812722859
			16.8332295965784	-3.85633987121615
			16.894441340566	-3.85633987121615
			16.894441340566	-3.91755161520371
			16.9556530845535	-3.91755161520371
			17.0168648285411	-3.97876335919127
			17.0168648285411	-4.03997510317882
			17.0780765725287	-4.03997510317882
			17.1392883165162	-4.10118684716638
			17.2005000605038	-4.16239859115394
			17.2617118044913	-4.2236103351415
			17.3229235484789	-4.28482207912906
			17.3841352924665	-4.34603382311661
			17.445347036454	-4.40724556710417
			17.445347036454	-4.46845731109173
			17.5065587804416	-4.52966905507929
			17.5677705244291	-4.59088079906684
			17.6289822684167	-4.6520925430544
			17.6289822684167	-4.71330428704196
			17.6901940124042	-4.77451603102952
			17.7514057563918	-4.83572777501708
			17.7514057563918	-4.89693951900463
			17.7514057563918	-4.95815126299219
			17.8126175003794	-5.01936300697975
			17.8126175003794	-5.08057475096731
			17.8738292443669	-5.14178649495487
			17.8738292443669	-5.20299823894242
			17.8738292443669	-5.26420998292998
			17.8738292443669	-5.32542172691754
			17.8126175003794	-5.3866334709051
			17.8126175003794	-5.44784521489266
			17.8126175003794	-5.50905695888021
			17.8126175003794	-5.57026870286777
			17.8126175003794	-5.63148044685533
			17.8126175003794	-5.69269219084289
			17.8126175003794	-5.75390393483045
			17.8126175003794	-5.815115678818
			17.8126175003794	-5.87632742280556
			17.8126175003794	-5.93753916679312
			17.8126175003794	-5.99875091078068
			17.8126175003794	-6.05996265476824
			17.8126175003794	-6.12117439875579
			17.8126175003794	-6.18238614274335
			17.8738292443669	-6.18238614274335
			17.8738292443669	-6.24359788673091
			17.8738292443669	-6.30480963071847
			17.9350409883545	-6.36602137470603
			17.9350409883545	-6.42723311869358
			17.996252732342	-6.48844486268114
			18.0574644763296	-6.5496566066687
			18.1186762203171	-6.5496566066687
			18.1798879643047	-6.61086835065626
			18.2410997082923	-6.67208009464381
			18.3023114522798	-6.73329183863137
			18.3635231962674	-6.79450358261893
			18.4247349402549	-6.85571532660649
			18.4859466842425	-6.91692707059405
			18.5471584282301	-6.97813881458161
			18.6083701722176	-7.03935055856916
			18.6695819162052	-7.10056230255672
			18.6695819162052	-7.16177404654428
			18.7307936601927	-7.22298579053184
			18.7307936601927	-7.28419753451939
			18.7920054041803	-7.34540927850695
			18.8532171481678	-7.40662102249451
			18.8532171481678	-7.46783276648207
			18.9144288921554	-7.52904451046963
			18.9144288921554	-7.59025625445718
			18.9144288921554	-7.65146799844474
			18.975640636143	-7.7126797424323
			18.975640636143	-7.77389148641986
			18.975640636143	-7.83510323040742
			18.975640636143	-7.89631497439497
			18.975640636143	-7.95752671838253
			18.975640636143	-8.01873846237009
			18.975640636143	-8.07995020635765
			18.975640636143	-8.14116195034521
			18.975640636143	-8.20237369433276
			18.975640636143	-8.26358543832032
			18.975640636143	-8.32479718230788
			18.9144288921554	-8.38600892629544
			18.9144288921554	-8.447220670283
			18.9144288921554	-8.50843241427055
			18.8532171481678	-8.56964415825811
			18.8532171481678	-8.63085590224567
			18.7920054041803	-8.69206764623323
			18.7920054041803	-8.75327939022078
			18.7920054041803	-8.81449113420834
			18.7307936601927	-8.81449113420834
			18.7307936601927	-8.8757028781959
			18.6695819162052	-8.93691462218346
			18.6083701722176	-8.99812636617102
			18.5471584282301	-9.05933811015857
			18.4859466842425	-9.12054985414613
			18.4247349402549	-9.12054985414613
			18.4247349402549	-9.18176159813369
			18.3635231962674	-9.24297334212125
			18.3023114522798	-9.24297334212125
			18.2410997082923	-9.30418508610881
			18.1798879643047	-9.30418508610881
			18.1186762203171	-9.30418508610881
			18.0574644763296	-9.36539683009636
			17.996252732342	-9.36539683009636
			17.9350409883545	-9.36539683009636
			17.8738292443669	-9.36539683009636
			17.8738292443669	-9.42660857408392
			17.8738292443669	-9.48782031807148
			17.9350409883545	-9.54903206205904
			17.996252732342	-9.6102438060466
			18.0574644763296	-9.67145555003415
			18.1186762203171	-9.73266729402171
			18.1798879643047	-9.73266729402171
			18.2410997082923	-9.73266729402171
			18.3023114522798	-9.73266729402171
			18.3635231962674	-9.73266729402171
			18.4247349402549	-9.73266729402171
			18.4859466842425	-9.73266729402171
			18.5471584282301	-9.73266729402171
			18.6083701722176	-9.73266729402171
			18.6695819162052	-9.73266729402171
			18.7307936601927	-9.73266729402171
			18.7920054041803	-9.67145555003415
			18.8532171481678	-9.67145555003415
			18.9144288921554	-9.6102438060466
			18.975640636143	-9.6102438060466
			19.0368523801305	-9.6102438060466
			19.0980641241181	-9.54903206205904
			19.1592758681056	-9.48782031807148
			19.2204876120932	-9.48782031807148
			19.2816993560808	-9.42660857408392
			19.3429111000683	-9.36539683009636
			19.4041228440559	-9.30418508610881
			19.4653345880434	-9.30418508610881
			19.526546332031	-9.36539683009636
			19.5877580760185	-9.36539683009636
			19.6489698200061	-9.36539683009636
			19.7101815639937	-9.36539683009636
			19.7713933079812	-9.42660857408392
			19.8326050519688	-9.42660857408392
			19.8938167959563	-9.42660857408392
			19.9550285399439	-9.42660857408392
			20.0162402839314	-9.48782031807148
			20.077452027919	-9.48782031807148
			20.1386637719066	-9.54903206205904
			20.1998755158941	-9.54903206205904
			20.2610872598817	-9.6102438060466
			20.3222990038692	-9.6102438060466
		</suture>
		<anterior type=matrix rownames=FALSE colnames=FALSE nrow=184 ncol=2 as.numeric=TRUE >
			13.5890071652379	-2.81574022342767
			13.6502189092254	-2.81574022342767
			13.711430653213	-2.81574022342767
			13.7726423972005	-2.81574022342767
			13.8338541411881	-2.81574022342767
			13.8950658851757	-2.81574022342767
			13.9562776291632	-2.81574022342767
			14.0174893731508	-2.81574022342767
			14.0787011171383	-2.87695196741522
			14.1399128611259	-2.87695196741522
			14.2011246051134	-2.87695196741522
			14.262336349101	-2.87695196741522
			14.3235480930886	-2.87695196741522
			14.3847598370761	-2.87695196741522
			14.4459715810637	-2.87695196741522
			14.5071833250512	-2.87695196741522
			14.5071833250512	-2.93816371140278
			14.5683950690388	-2.93816371140278
			14.6296068130263	-2.93816371140278
			14.6908185570139	-2.93816371140278
			14.7520303010015	-2.93816371140278
			14.813242044989	-2.99937545539034
			14.8744537889766	-2.99937545539034
			14.9356655329641	-2.99937545539034
			14.9968772769517	-2.99937545539034
			15.0580890209393	-3.0605871993779
			15.1193007649268	-3.0605871993779
			15.1805125089144	-3.0605871993779
			15.2417242529019	-3.0605871993779
			15.3029359968895	-3.12179894336545
			15.364147740877	-3.12179894336545
			15.4253594848646	-3.12179894336545
			15.4865712288522	-3.18301068735301
			15.5477829728397	-3.18301068735301
			15.6089947168273	-3.24422243134057
			15.6702064608148	-3.24422243134057
			15.7314182048024	-3.24422243134057
			15.7926299487899	-3.30543417532813
			15.8538416927775	-3.30543417532813
			15.8538416927775	-3.36664591931569
			15.9150534367651	-3.36664591931569
			15.9762651807526	-3.36664591931569
			16.0374769247402	-3.42785766330324
			16.0986886687277	-3.42785766330324
			16.1599004127153	-3.4890694072908
			16.2211121567029	-3.4890694072908
			16.2823239006904	-3.55028115127836
			16.343535644678	-3.55028115127836
			16.4047473886655	-3.55028115127836
			16.4659591326531	-3.61149289526592
			16.5271708766406	-3.67270463925348
			16.5883826206282	-3.67270463925348
			16.6495943646158	-3.73391638324103
			16.7108061086033	-3.73391638324103
			16.7720178525909	-3.79512812722859
			16.8332295965784	-3.85633987121615
			16.894441340566	-3.91755161520371
			16.9556530845535	-3.91755161520371
			17.0168648285411	-3.97876335919127
			17.0780765725287	-4.03997510317882
			17.1392883165162	-4.10118684716638
			17.2005000605038	-4.16239859115394
			17.2617118044913	-4.2236103351415
			17.3229235484789	-4.28482207912906
			17.3841352924665	-4.34603382311661
			17.445347036454	-4.40724556710417
			17.5065587804416	-4.46845731109173
			17.5677705244291	-4.52966905507929
			17.5677705244291	-4.59088079906684
			17.6289822684167	-4.6520925430544
			17.6901940124042	-4.71330428704196
			17.7514057563918	-4.71330428704196
			17.7514057563918	-4.77451603102952
			17.8126175003794	-4.83572777501708
			17.8738292443669	-4.89693951900463
			17.9350409883545	-4.95815126299219
			17.996252732342	-5.01936300697975
			18.0574644763296	-5.08057475096731
			18.1186762203171	-5.14178649495487
			18.1798879643047	-5.20299823894242
			18.2410997082923	-5.26420998292998
			18.3023114522798	-5.32542172691754
			18.3635231962674	-5.3866334709051
			18.3635231962674	-5.44784521489266
			18.4247349402549	-5.50905695888021
			18.4859466842425	-5.57026870286777
			18.5471584282301	-5.63148044685533
			18.6083701722176	-5.69269219084289
			18.6083701722176	-5.75390393483045
			18.6695819162052	-5.815115678818
			18.7307936601927	-5.87632742280556
			18.7920054041803	-5.93753916679312
			18.7920054041803	-5.99875091078068
			18.8532171481678	-6.05996265476824
			18.9144288921554	-6.12117439875579
			18.9144288921554	-6.18238614274335
			18.975640636143	-6.18238614274335
			18.975640636143	-6.24359788673091
			19.0368523801305	-6.30480963071847
			19.0368523801305	-6.36602137470603
			19.0980641241181	-6.36602137470603
			19.0980641241181	-6.42723311869358
			19.1592758681056	-6.48844486268114
			19.2204876120932	-6.5496566066687
			19.2204876120932	-6.61086835065626
			19.2816993560808	-6.67208009464381
			19.3429111000683	-6.73329183863137
			19.3429111000683	-6.79450358261893
			19.4041228440559	-6.85571532660649
			19.4653345880434	-6.91692707059405
			19.4653345880434	-6.97813881458161
			19.526546332031	-7.03935055856916
			19.526546332031	-7.10056230255672
			19.5877580760185	-7.16177404654428
			19.6489698200061	-7.22298579053184
			19.6489698200061	-7.28419753451939
			19.7101815639937	-7.34540927850695
			19.7101815639937	-7.40662102249451
			19.7713933079812	-7.46783276648207
			19.7713933079812	-7.52904451046963
			19.8326050519688	-7.59025625445718
			19.8326050519688	-7.65146799844474
			19.8326050519688	-7.7126797424323
			19.8938167959563	-7.7126797424323
			19.8938167959563	-7.77389148641986
			19.8938167959563	-7.83510323040742
			19.9550285399439	-7.89631497439497
			19.9550285399439	-7.95752671838253
			20.0162402839314	-8.01873846237009
			20.0162402839314	-8.07995020635765
			20.0162402839314	-8.14116195034521
			20.0162402839314	-8.20237369433276
			20.077452027919	-8.20237369433276
			20.077452027919	-8.26358543832032
			20.077452027919	-8.32479718230788
			20.077452027919	-8.38600892629544
			20.1386637719066	-8.38600892629544
			20.1386637719066	-8.447220670283
			20.1386637719066	-8.50843241427055
			20.1386637719066	-8.56964415825811
			20.1998755158941	-8.63085590224567
			20.1998755158941	-8.69206764623323
			20.1998755158941	-8.75327939022078
			20.1998755158941	-8.81449113420834
			20.1998755158941	-8.8757028781959
			20.2610872598817	-8.93691462218346
			20.2610872598817	-8.99812636617102
			20.2610872598817	-9.05933811015857
			20.2610872598817	-9.12054985414613
			20.2610872598817	-9.18176159813369
			20.3222990038692	-9.24297334212125
			20.3222990038692	-9.30418508610881
			20.3222990038692	-9.36539683009636
			20.3222990038692	-9.42660857408392
			20.3222990038692	-9.48782031807148
			20.3222990038692	-9.54903206205904
			20.3222990038692	-9.6102438060466
			20.3222990038692	-9.67145555003415
			20.3222990038692	-9.73266729402171
			20.3222990038692	-9.79387903800927
			20.3222990038692	-9.85509078199683
			20.3222990038692	-9.91630252598439
			20.3222990038692	-9.97751426997194
			20.3222990038692	-10.0387260139595
			20.3222990038692	-10.0999377579471
			20.3222990038692	-10.1611495019346
			20.3222990038692	-10.2223612459222
			20.3222990038692	-10.2835729899097
			20.3222990038692	-10.3447847338973
			20.3222990038692	-10.4059964778848
			20.3222990038692	-10.4672082218724
			20.3222990038692	-10.52841996586
			20.3222990038692	-10.5896317098475
			20.3222990038692	-10.6508434538351
			20.3222990038692	-10.7120551978226
			20.2610872598817	-10.7732669418102
			20.2610872598817	-10.8344786857978
			20.2610872598817	-10.8956904297853
			20.2610872598817	-10.9569021737729
			20.2610872598817	-11.0181139177604
			20.2610872598817	-11.079325661748
			20.1998755158941	-11.1405374057355
			20.1998755158941	-11.2017491497231
			20.1998755158941	-11.2629608937107
		</anterior>
		<posterior type=matrix rownames=FALSE colnames=FALSE nrow=113 ncol=2 as.numeric=TRUE >
			13.4053719332752	-11.2629608937107
			13.4665836772627	-11.2629608937107
			13.5277954212503	-11.2629608937107
			13.5890071652379	-11.2629608937107
			13.6502189092254	-11.2629608937107
			13.711430653213	-11.2629608937107
			13.7726423972005	-11.2629608937107
			13.8338541411881	-11.2629608937107
			13.8950658851757	-11.2629608937107
			13.9562776291632	-11.2629608937107
			14.0174893731508	-11.2629608937107
			14.0787011171383	-11.2629608937107
			14.1399128611259	-11.2629608937107
			14.2011246051134	-11.2629608937107
			14.262336349101	-11.2629608937107
			14.3235480930886	-11.2629608937107
			14.3847598370761	-11.2629608937107
			14.4459715810637	-11.2629608937107
			14.5071833250512	-11.2629608937107
			14.5683950690388	-11.2629608937107
			14.6296068130263	-11.2629608937107
			14.6908185570139	-11.2629608937107
			14.7520303010015	-11.2629608937107
			14.813242044989	-11.2629608937107
			14.8744537889766	-11.2629608937107
			14.9356655329641	-11.2017491497231
			14.9968772769517	-11.2017491497231
			15.0580890209393	-11.2017491497231
			15.1193007649268	-11.2017491497231
			15.1805125089144	-11.1405374057355
			15.2417242529019	-11.1405374057355
			15.3029359968895	-11.1405374057355
			15.364147740877	-11.079325661748
			15.4253594848646	-11.079325661748
			15.4865712288522	-11.0181139177604
			15.5477829728397	-11.0181139177604
			15.6089947168273	-10.9569021737729
			15.6702064608148	-10.9569021737729
			15.7314182048024	-10.9569021737729
			15.7926299487899	-10.9569021737729
			15.8538416927775	-10.9569021737729
			15.9150534367651	-11.0181139177604
			15.9762651807526	-11.0181139177604
			16.0374769247402	-11.0181139177604
			16.0986886687277	-11.0181139177604
			16.1599004127153	-11.0181139177604
			16.2211121567029	-11.0181139177604
			16.2823239006904	-11.0181139177604
			16.343535644678	-11.0181139177604
			16.4047473886655	-11.0181139177604
			16.4659591326531	-11.0181139177604
			16.5271708766406	-11.0181139177604
			16.5883826206282	-11.0181139177604
			16.6495943646158	-11.0181139177604
			16.7108061086033	-11.0181139177604
			16.7720178525909	-11.0181139177604
			16.8332295965784	-11.0181139177604
			16.894441340566	-11.0181139177604
			16.9556530845535	-11.0181139177604
			17.0168648285411	-11.0181139177604
			17.0780765725287	-11.0181139177604
			17.1392883165162	-11.0181139177604
			17.2005000605038	-11.0181139177604
			17.2617118044913	-11.0181139177604
			17.3229235484789	-11.0181139177604
			17.3841352924665	-11.0181139177604
			17.445347036454	-11.0181139177604
			17.5065587804416	-11.0181139177604
			17.5677705244291	-11.0181139177604
			17.6289822684167	-11.0181139177604
			17.6901940124042	-11.079325661748
			17.7514057563918	-11.079325661748
			17.8126175003794	-11.1405374057355
			17.8738292443669	-11.1405374057355
			17.9350409883545	-11.2017491497231
			17.996252732342	-11.2017491497231
			18.0574644763296	-11.2017491497231
			18.1186762203171	-11.2629608937107
			18.1798879643047	-11.2629608937107
			18.2410997082923	-11.3241726376982
			18.3023114522798	-11.3241726376982
			18.3635231962674	-11.3241726376982
			18.4247349402549	-11.3241726376982
			18.4247349402549	-11.3853843816858
			18.4859466842425	-11.3853843816858
			18.5471584282301	-11.3853843816858
			18.6083701722176	-11.4465961256733
			18.6695819162052	-11.4465961256733
			18.7307936601927	-11.4465961256733
			18.7920054041803	-11.5078078696609
			18.8532171481678	-11.5078078696609
			18.9144288921554	-11.5690196136485
			18.975640636143	-11.5690196136485
			19.0368523801305	-11.5690196136485
			19.0980641241181	-11.630231357636
			19.1592758681056	-11.630231357636
			19.2204876120932	-11.630231357636
			19.2816993560808	-11.6914431016236
			19.3429111000683	-11.6914431016236
			19.4041228440559	-11.6914431016236
			19.4653345880434	-11.7526548456111
			19.526546332031	-11.7526548456111
			19.5877580760185	-11.7526548456111
			19.6489698200061	-11.6914431016236
			19.7101815639937	-11.6914431016236
			19.7713933079812	-11.630231357636
			19.8326050519688	-11.630231357636
			19.8938167959563	-11.5690196136485
			19.9550285399439	-11.5078078696609
			20.0162402839314	-11.4465961256733
			20.077452027919	-11.3853843816858
			20.1386637719066	-11.3241726376982
			20.1998755158941	-11.2629608937107
		</posterior>
	</curves.scaled>
	<ruler.points type=matrix rownames=TRUE colnames=FALSE nrow=2 ncol=2 as.numeric=TRUE >
		Ruler point 1	271	229
		Ruler point 2	320	228
	</ruler.points>
</shapes>

